17
251140_Ward_Creek              0.0000000 0.0054766 0.0167304 0.0027201 0.0027201 0.0082702 0.0082455 0.0201469 0.4801208 0.0201469 0.0166792 0.0746362 0.0365303 0.0256721 0.0256721 8.9999981 0.0938457 
260512_Pybus_Point             0.0054766 0.0000000 0.0110360 0.0027281 0.0027281 0.0027281 0.0082702 0.0160296 0.4580159 0.0160296 0.0110031 0.0695269 0.0317668 0.0212692 0.0212692 8.9999989 0.0888406 
261935_Kenai_River             0.0167304 0.0110360 0.0000000 0.0138890 0.0138890 0.0138890 0.0082455 0.0160999 0.4909449 0.0160999 0.0054317 0.0699040 0.0319279 0.0213690 0.0213690 8.9999988 0.0893118 
353213_Cropley_Lake            0.0027201 0.0027281 0.0138890 0.0000000 0.0000010 0.0054928 0.0054766 0.0160296 0.4706754 0.0160296 0.0138472 0.0695269 0.0317668 0.0212692 0.0212692 8.9999989 0.0888406 
353219_Peterson_Creek          0.0027201 0.0027281 0.0138890 0.0000010 0.0000000 0.0054928 0.0054766 0.0160296 0.4706754 0.0160296 0.0138472 0.0695269 0.0317668 0.0212692 0.0212692 8.9999989 0.0888406 
353220_Fish_Creek              0.0082702 0.0027281 0.0138890 0.0054928 0.0054928 0.0000000 0.0111019 0.0202362 0.4706754 0.0202362 0.0138472 0.0750459 0.0367177 0.0257938 0.0257938 8.9999983 0.0943491 
353246_Cottonwood_Creek        0.0082455 0.0082702 0.0082455 0.0054766 0.0054766 0.0111019 0.0000000 0.0160999 0.4934417 0.0160999 0.0138890 0.0699040 0.0319279 0.0213690 0.0213690 8.9999988 0.0893118 
353379_Skagit_River            0.0201469 0.0160296 0.0160999 0.0160296 0.0160296 0.0202362 0.0160999 0.0000000 1.3966176 0.0000010 0.0160296 0.0594983 0.0317668 0.0126148 0.0126148 8.9999983 0.0900410 
353381_Dungeness_River         0.4801208 0.4580159 0.4909449 0.4706754 0.4706754 0.4706754 0.4934417 1.3966176 0.0000000 1.3966176 0.4873173 2.1957930 1.9464639 1.5187811 1.5187811 1.4873063 2.1111672 
353401_Peace_River             0.0201469 0.0160296 0.0160999 0.0160296 0.0160296 0.0202362 0.0160999 0.0000010 1.3966176 0.0000000 0.0160296 0.0594983 0.0317668 0.0126148 0.0126148 8.9999983 0.0900410 
353407_Noatok                  0.0166792 0.0110031 0.0054317 0.0138472 0.0138472 0.0138472 0.0138890 0.0160296 0.4873173 0.0160296 0.0000000 0.0695269 0.0317668 0.0212692 0.0212692 8.9999989 0.0888406 
353410_Horizon_Lake            0.0746362 0.0695269 0.0699040 0.0695269 0.0695269 0.0750459 0.0699040 0.0594983 2.1957930 0.0594983 0.0695269 0.0000000 0.0907093 0.0446891 0.0446891 8.9999989 0.1624452 
GCA016432855_Lake_Trout        0.0365303 0.0317668 0.0319279 0.0317668 0.0317668 0.0367177 0.0319279 0.0317668 1.9464639 0.0317668 0.0317668 0.0907093 0.0000000 0.0367177 0.0367177 8.9999989 0.0727931 
GCA036784925_Maine_S_alpinus   0.0256721 0.0212692 0.0213690 0.0212692 0.0212692 0.0257938 0.0213690 0.0126148 1.5187811 0.0126148 0.0212692 0.0446891 0.0367177 0.0000000 0.0000010 8.9999985 0.1011732 
GCA045679555_Iceland_A_alpinus 0.0256721 0.0212692 0.0213690 0.0212692 0.0212692 0.0257938 0.0213690 0.0126148 1.5187811 0.0126148 0.0212692 0.0446891 0.0367177 0.0000010 0.0000000 8.9999985 0.1011732 
GCF013265735_Rainbow_Trout     8.9999981 8.9999989 8.9999988 8.9999989 8.9999989 8.9999983 8.9999988 8.9999983 1.4873063 8.9999983 8.9999989 8.9999989 8.9999989 8.9999985 8.9999985 0.0000000 8.9999986 
GCF029448725_Brook_Trout       0.0938457 0.0888406 0.0893118 0.0888406 0.0888406 0.0943491 0.0893118 0.0900410 2.1111672 0.0900410 0.0888406 0.1624452 0.0727931 0.1011732 0.1011732 8.9999986 0.0000000 
