20
251140_Ward_Creek              0.0000000 0.0312171 0.0343992 0.0734813 0.0193958 0.0241338 0.1198201 0.1478699 0.0363895 0.1312806 0.1153837 0.0303787 0.1999785 0.1292557 0.1010251 0.0263314 0.0231971 0.2815103 0.1444555 0.1574439 
260512_Pybus_Point             0.0312171 0.0000000 0.0126971 0.0907022 0.0210536 0.0079672 0.0671796 0.1279705 0.0445823 0.1100321 0.0896946 0.0110608 0.1838428 0.1077067 0.1309158 0.0080272 0.0059508 0.2846366 0.1311466 0.1354089 
261935_Kenai_River             0.0343992 0.0126971 0.0000000 0.1160779 0.0361767 0.0064386 0.1158668 0.1421866 0.0616091 0.1211457 0.0812162 0.0000010 0.1367616 0.1185441 0.1380150 0.0087291 0.0064649 0.2702853 0.1100460 0.1185441 
353213_Cropley_Lake            0.0734813 0.0907022 0.1160779 0.0000000 0.0432407 0.0748086 0.0329444 0.0506134 0.0616121 0.0424072 0.0438630 0.1003690 0.0583344 0.0409724 0.0302696 0.0866930 0.0821423 0.2123566 0.0631467 0.0430968 
353219_Peterson_Creek          0.0193958 0.0210536 0.0361767 0.0432407 0.0000000 0.0226366 0.1111576 0.1221992 0.0123725 0.1080857 0.1213894 0.0316423 0.1624429 0.1062153 0.0792397 0.0293377 0.0259444 0.2943176 0.1495190 0.1269195 
353220_Fish_Creek              0.0241338 0.0079672 0.0064386 0.0748086 0.0226366 0.0000000 0.0776754 0.1012203 0.0404980 0.0887266 0.0698212 0.0057863 0.1315963 0.0869435 0.1117951 0.0074749 0.0057576 0.2293922 0.0986417 0.1003941 
353246_Cottonwood_Creek        0.1198201 0.0671796 0.1158668 0.0329444 0.1111576 0.0776754 0.0000000 0.0347823 0.1653743 0.0264833 0.0109479 0.0955941 0.0343405 0.0249295 0.0631642 0.0744423 0.0707858 0.2170641 0.0431172 0.0250626 
353379_Skagit_River            0.1478699 0.1279705 0.1421866 0.0506134 0.1221992 0.1012203 0.0347823 0.0000000 0.1711280 0.0063313 0.0388826 0.1193219 0.0075149 0.0053889 0.0588771 0.1013315 0.0995302 0.2208391 0.0460989 0.0065337 
353381_Dungeness_River         0.0363895 0.0445823 0.0616091 0.0616121 0.0123725 0.0404980 0.1653743 0.1711280 0.0000000 0.1513058 0.1635949 0.0567749 0.2228981 0.1490444 0.1087151 0.0490541 0.0447213 0.3492071 0.2140412 0.1865564 
353401_Peace_River             0.1312806 0.1100321 0.1211457 0.0424072 0.1080857 0.0887266 0.0264833 0.0063313 0.1513058 0.0000000 0.0303124 0.1027381 0.0011476 0.0008426 0.0500424 0.0906405 0.0872017 0.2020628 0.0367013 0.0010091 
353407_Noatok                  0.1153837 0.0896946 0.0812162 0.0438630 0.1213894 0.0698212 0.0109479 0.0388826 0.1635949 0.0303124 0.0000000 0.0812162 0.0331208 0.0287391 0.0723840 0.0647411 0.0645651 0.2132639 0.0372697 0.0299028 
353410_Horizon_Lake            0.0303787 0.0110608 0.0000010 0.1003690 0.0316423 0.0057863 0.0955941 0.1193219 0.0567749 0.1027381 0.0812162 0.0000000 0.1367616 0.1005242 0.1191205 0.0078323 0.0058076 0.2535581 0.0950789 0.1005242 
92319_Little_Lost              0.1999785 0.1838428 0.1367616 0.0583344 0.1624429 0.1315963 0.0343405 0.0075149 0.2228981 0.0011476 0.0331208 0.1367616 0.0000000 0.0000010 0.0569012 0.1317382 0.1263450 0.2610923 0.0450677 0.0000010 
94280_St_Joe                   0.1292557 0.1077067 0.1185441 0.0409724 0.1062153 0.0869435 0.0249295 0.0053889 0.1490444 0.0008426 0.0287391 0.1005242 0.0000010 0.0000000 0.0479073 0.0888533 0.0854306 0.1999376 0.0350362 0.0000010 
GCA016432855_Lake_Trout        0.1010251 0.1309158 0.1380150 0.0302696 0.0792397 0.1117951 0.0631642 0.0588771 0.1087151 0.0500424 0.0723840 0.1191205 0.0569012 0.0479073 0.0000000 0.1119529 0.1102556 0.2182823 0.0488875 0.0492284 
GCA036784925_Maine_S_alpinus   0.0263314 0.0080272 0.0087291 0.0866930 0.0293377 0.0074749 0.0744423 0.1013315 0.0490541 0.0906405 0.0647411 0.0078323 0.1317382 0.0888533 0.1119529 0.0000000 0.0032577 0.2331134 0.1026122 0.1048394 
GCA045679555_Iceland_A_alpinus 0.0231971 0.0059508 0.0064649 0.0821423 0.0259444 0.0057576 0.0707858 0.0995302 0.0447213 0.0872017 0.0645651 0.0058076 0.1263450 0.0854306 0.1102556 0.0032577 0.0000000 0.2274570 0.0987616 0.1005242 
GCF013265735_Rainbow_Trout     0.2815103 0.2846366 0.2702853 0.2123566 0.2943176 0.2293922 0.2170641 0.2208391 0.3492071 0.2020628 0.2132639 0.2535581 0.2610923 0.1999376 0.2182823 0.2331134 0.2274570 0.0000000 0.2055015 0.2330252 
GCF029448725_Brook_Trout       0.1444555 0.1311466 0.1100460 0.0631467 0.1495190 0.0986417 0.0431172 0.0460989 0.2140412 0.0367013 0.0372697 0.0950789 0.0450677 0.0350362 0.0488875 0.1026122 0.0987616 0.2055015 0.0000000 0.0350362 
Methow_River_99895             0.1574439 0.1354089 0.1185441 0.0430968 0.1269195 0.1003941 0.0250626 0.0065337 0.1865564 0.0010091 0.0299028 0.1005242 0.0000010 0.0000010 0.0492284 0.1048394 0.1005242 0.2330252 0.0350362 0.0000000 
