14
251140_Ward_Creek          0.0000000 0.0000010 0.0000010 0.0027775 0.0297833 0.0151471 0.0260119 0.0027775 0.0027775 0.0487559 0.0260119 0.0261029 0.0690349 0.0609072 
260512_Pybus_Point         0.0000010 0.0000000 0.0000010 0.0027775 0.0297833 0.0151471 0.0260119 0.0027775 0.0027775 0.0487559 0.0260119 0.0261029 0.0690349 0.0609072 
261935_Kenai_River         0.0000010 0.0000010 0.0000000 0.0000010 0.0361627 0.0158691 0.0309160 0.0035207 0.0035207 0.0487559 0.0309160 0.0364269 0.0917937 0.0857191 
353219_Peterson_Creek      0.0027775 0.0027775 0.0000010 0.0000000 0.0336274 0.0113190 0.0298354 0.0055698 0.0055698 0.0487559 0.0298354 0.0299402 0.0731455 0.0649558 
353379_Skagit_River        0.0297833 0.0297833 0.0361627 0.0336274 0.0000000 0.0579224 0.0036562 0.0259667 0.0259667 0.0000010 0.0036562 0.0336274 0.0851966 0.0765884 
353381_Dungeness_River     0.0151471 0.0151471 0.0158691 0.0113190 0.0579224 0.0000000 0.0519782 0.0190033 0.0190033 0.2503752 0.0519782 0.0582403 0.1150124 0.1207482 
353401_Peace_River         0.0260119 0.0260119 0.0309160 0.0298354 0.0036562 0.0519782 0.0000000 0.0222160 0.0222160 0.0000010 0.0000010 0.0298354 0.0811636 0.0726176 
353407_Noatok              0.0027775 0.0027775 0.0035207 0.0055698 0.0259667 0.0190033 0.0222160 0.0000000 0.0000010 0.0403113 0.0222160 0.0222933 0.0649558 0.0568889 
353410_Horizon_Lake        0.0027775 0.0027775 0.0035207 0.0055698 0.0259667 0.0190033 0.0222160 0.0000010 0.0000000 0.0403113 0.0222160 0.0222933 0.0649558 0.0568889 
92319_Little_Lost          0.0487559 0.0487559 0.0487559 0.0487559 0.0000010 0.2503752 0.0000010 0.0403113 0.0403113 0.0000000 0.0000010 0.0487559 0.1281533 0.1558563 
94280_St_Joe               0.0260119 0.0260119 0.0309160 0.0298354 0.0036562 0.0519782 0.0000010 0.0222160 0.0222160 0.0000010 0.0000000 0.0298354 0.0811636 0.0726176 
GCA016432855_Lake_Trout    0.0261029 0.0261029 0.0364269 0.0299402 0.0336274 0.0582403 0.0298354 0.0222933 0.0222933 0.0487559 0.0298354 0.0000000 0.0814613 0.0728806 
GCF013265735_Rainbow_Trout 0.0690349 0.0690349 0.0917937 0.0731455 0.0851966 0.1150124 0.0811636 0.0649558 0.0649558 0.1281533 0.0811636 0.0814613 0.0000000 0.1273964 
GCF029448725_Brook_Trout   0.0609072 0.0609072 0.0857191 0.0649558 0.0765884 0.1207482 0.0726176 0.0568889 0.0568889 0.1558563 0.0726176 0.0728806 0.1273964 0.0000000 
