9
251140_Ward_Creek          0.0000000 0.0000010 0.3216813 0.3216813 0.0426156 0.0426156 0.0878638 1.2709191 0.2979288 
260512_Pybus_Point         0.0000010 0.0000000 0.3216813 0.3216813 0.0426156 0.0426156 0.0878638 1.2709191 0.2979288 
353379_Skagit_River        0.3216813 0.3216813 0.0000000 0.0000010 0.2620064 0.2620064 0.2048878 1.9237989 0.4781619 
353401_Peace_River         0.3216813 0.3216813 0.0000010 0.0000000 0.2620064 0.2620064 0.2048878 1.9237989 0.4781619 
353407_Noatok              0.0426156 0.0426156 0.2620064 0.2620064 0.0000000 0.0000010 0.0431371 1.1767381 0.2433692 
353410_Horizon_Lake        0.0426156 0.0426156 0.2620064 0.2620064 0.0000010 0.0000000 0.0431371 1.1767381 0.2433692 
GCA016432855_Lake_Trout    0.0878638 0.0878638 0.2048878 0.2048878 0.0431371 0.0431371 0.0000000 1.0807845 0.1908400 
GCF013265735_Rainbow_Trout 1.2709191 1.2709191 1.9237989 1.9237989 1.1767381 1.1767381 1.0807845 0.0000000 1.5972744 
GCF029448725_Brook_Trout   0.2979288 0.2979288 0.4781619 0.4781619 0.2433692 0.2433692 0.1908400 1.5972744 0.0000000 
