12
251140_Ward_Creek          0.0000000 0.0000010 0.0697073 0.0668375 0.1067275 0.0365764 0.0697073 0.0545315 0.0365764 0.0319311 0.0649072 0.0412430 
260512_Pybus_Point         0.0000010 0.0000000 0.0697073 0.0668375 0.1067275 0.0365764 0.0697073 0.0545315 0.0365764 0.0319311 0.0649072 0.0412430 
261935_Kenai_River         0.0697073 0.0697073 0.0000000 0.2099239 0.2397608 0.1101612 0.0000010 0.1683070 0.1101612 0.1051126 0.0317320 0.1152351 
353379_Skagit_River        0.0668375 0.0668375 0.2099239 0.0000000 0.5714931 0.0000010 0.2099239 0.0000010 0.0000010 0.0242734 0.1799309 0.0407867 
353381_Dungeness_River     0.1067275 0.1067275 0.2397608 0.5714931 0.0000000 0.1251771 0.2397608 0.1313546 0.1251771 0.1168783 0.2304729 0.1251771 
353401_Peace_River         0.0365764 0.0365764 0.1101612 0.0000010 0.1251771 0.0000000 0.1101612 0.0000010 0.0000010 0.0134771 0.1051126 0.0225634 
353410_Horizon_Lake        0.0697073 0.0697073 0.0000010 0.2099239 0.2397608 0.1101612 0.0000000 0.1683070 0.1101612 0.1051126 0.0317320 0.1152351 
92319_Little_Lost          0.0545315 0.0545315 0.1683070 0.0000010 0.1313546 0.0000010 0.1683070 0.0000000 0.0000010 0.0199211 0.1603737 0.0266496 
94280_St_Joe               0.0365764 0.0365764 0.1101612 0.0000010 0.1251771 0.0000010 0.1101612 0.0000010 0.0000000 0.0134771 0.1051126 0.0225634 
GCA016432855_Lake_Trout    0.0319311 0.0319311 0.1051126 0.0242734 0.1168783 0.0134771 0.1051126 0.0199211 0.0134771 0.0000000 0.1000888 0.0180093 
GCF013265735_Rainbow_Trout 0.0649072 0.0649072 0.0317320 0.1799309 0.2304729 0.1051126 0.0317320 0.1603737 0.1051126 0.1000888 0.0000000 0.1101612 
GCF029448725_Brook_Trout   0.0412430 0.0412430 0.1152351 0.0407867 0.1251771 0.0225634 0.1152351 0.0266496 0.0225634 0.0180093 0.1101612 0.0000000 
