13
251140_Ward_Creek            0.0000000 0.0000010 0.0030385 0.0509363 0.0323414 0.0530300 0.0000010 0.0619076 0.0530300 0.0489051 0.0057978 0.1563912 0.0931737 
260512_Pybus_Point           0.0000010 0.0000000 0.0030385 0.0509363 0.0323414 0.0530300 0.0000010 0.0619076 0.0530300 0.0489051 0.0057978 0.1563912 0.0931737 
261935_Kenai_River           0.0030385 0.0030385 0.0000000 0.0795609 0.0267947 0.0830193 0.0000010 0.1117968 0.0830193 0.0762623 0.0122320 0.2604369 0.1558654 
353379_Skagit_River          0.0509363 0.0509363 0.0795609 0.0000000 0.1838339 0.0019399 0.0494715 0.0000010 0.0019399 0.0296491 0.0573001 0.1462932 0.0848898 
353381_Dungeness_River       0.0323414 0.0323414 0.0267947 0.1838339 0.0000000 0.1908122 0.0270687 0.4118264 0.1908122 0.1775693 0.0435130 0.5781481 0.3560760 
353401_Peace_River           0.0530300 0.0530300 0.0830193 0.0019399 0.1908122 0.0000000 0.0516806 0.0023336 0.0000010 0.0316584 0.0594102 0.1486135 0.0870548 
353407_Noatok                0.0000010 0.0000010 0.0000010 0.0494715 0.0270687 0.0516806 0.0000000 0.0608572 0.0516806 0.0473267 0.0061924 0.1745250 0.1062759 
92319_Little_Lost            0.0619076 0.0619076 0.1117968 0.0000010 0.4118264 0.0023336 0.0608572 0.0000000 0.0023336 0.0358034 0.0697089 0.1800389 0.1009033 
94280_St_Joe                 0.0530300 0.0530300 0.0830193 0.0019399 0.1908122 0.0000010 0.0516806 0.0023336 0.0000000 0.0316584 0.0594102 0.1486135 0.0870548 
GCA016432855_Lake_Trout      0.0489051 0.0489051 0.0762623 0.0296491 0.1775693 0.0316584 0.0473267 0.0358034 0.0316584 0.0000000 0.0552606 0.1441617 0.0785063 
GCA036784925_Maine_S_alpinus 0.0057978 0.0057978 0.0122320 0.0573001 0.0435130 0.0594102 0.0061924 0.0697089 0.0594102 0.0552606 0.0000000 0.1589588 0.0999869 
GCF013265735_Rainbow_Trout   0.1563912 0.1563912 0.2604369 0.1462932 0.5781481 0.1486135 0.1745250 0.1800389 0.1486135 0.1441617 0.1589588 0.0000000 0.0749444 
GCF029448725_Brook_Trout     0.0931737 0.0931737 0.1558654 0.0848898 0.3560760 0.0870548 0.1062759 0.1009033 0.0870548 0.0785063 0.0999869 0.0749444 0.0000000 
