13
251140_Ward_Creek              0.0000000 0.0000010 0.0213685 0.1611411 0.3773217 0.1611411 0.0890835 0.1645702 0.7101314 0.0890835 0.1379939 3.7137404 0.6034786 
260512_Pybus_Point             0.0000010 0.0000000 0.0213685 0.1611411 0.3773217 0.1611411 0.0890835 0.1645702 0.7101314 0.0890835 0.1379939 3.7137404 0.6034786 
353213_Cropley_Lake            0.0213685 0.0213685 0.0000000 0.1366037 0.3220641 0.1366037 0.0660826 0.1394162 0.6561783 0.0660826 0.1136967 3.8087818 0.5522237 
353379_Skagit_River            0.1611411 0.1611411 0.1366037 0.0000000 0.6459276 0.0000010 0.0654830 0.2406935 0.8473666 0.1115011 0.2118023 3.2892410 0.7415728 
353381_Dungeness_River         0.3773217 0.3773217 0.3220641 0.6459276 0.0000000 0.6459276 0.5111626 0.7839828 7.1386414 0.5111626 0.6718456 8.9999984 8.9999986 
353401_Peace_River             0.1611411 0.1611411 0.1366037 0.0000010 0.6459276 0.0000000 0.0654830 0.2406935 0.8473666 0.1115011 0.2118023 3.2892410 0.7415728 
353407_Noatok                  0.0890835 0.0890835 0.0660826 0.0654830 0.5111626 0.0654830 0.0000000 0.1628350 0.6893498 0.0431928 0.1366037 3.4448047 0.5876170 
353410_Horizon_Lake            0.1645702 0.1645702 0.1394162 0.2406935 0.7839828 0.2406935 0.1628350 0.0000000 0.9095577 0.1628350 0.0673185 3.7484830 0.7911647 
GCA016432855_Lake_Trout        0.7101314 0.7101314 0.6561783 0.8473666 7.1386414 0.8473666 0.6893498 0.9095577 0.0000000 0.6893498 0.8207204 3.3755689 0.8204175 
GCA036784925_Maine_S_alpinus   0.0890835 0.0890835 0.0660826 0.1115011 0.5111626 0.1115011 0.0431928 0.1628350 0.6893498 0.0000000 0.1366037 3.4448047 0.5876170 
GCA045679555_Iceland_A_alpinus 0.1379939 0.1379939 0.1136967 0.2118023 0.6718456 0.2118023 0.1366037 0.0673185 0.8207204 0.1366037 0.0000000 3.5597121 0.7101314 
GCF013265735_Rainbow_Trout     3.7137404 3.7137404 3.8087818 3.2892410 8.9999984 3.2892410 3.4448047 3.7484830 3.3755689 3.4448047 3.5597121 0.0000000 3.9323323 
GCF029448725_Brook_Trout       0.6034786 0.6034786 0.5522237 0.7415728 8.9999986 0.7415728 0.5876170 0.7911647 0.8204175 0.5876170 0.7101314 3.9323323 0.0000000 
