20
251140_Ward_Creek              0.0000000 0.1680220 0.2092477 0.2046555 0.1891588 0.1680220 0.2084575 0.0838215 0.3012551 0.0678414 0.2046555 0.2070350 0.0678414 0.0660525 0.2426472 0.2170381 0.1979170 0.3608404 0.2406276 0.0660525 
260512_Pybus_Point             0.1680220 0.0000000 0.0183897 0.0154356 0.0000010 0.0000010 0.0168843 0.2197862 0.1487771 0.2559153 0.0169066 0.0585251 0.2559153 0.2559153 0.0285205 0.0213352 0.0138821 0.1193160 0.0285600 0.2559153 
261935_Kenai_River             0.2092477 0.0183897 0.0000000 0.0049102 0.0178901 0.0183897 0.0036742 0.2352217 0.2104842 0.2836902 0.0012177 0.0707217 0.2836902 0.2836902 0.0365627 0.0049102 0.0154356 0.0996050 0.0409957 0.2836902 
353213_Cropley_Lake            0.2046555 0.0154356 0.0049102 0.0000000 0.0147825 0.0154356 0.0036660 0.2352217 0.2092731 0.2775997 0.0036701 0.0686835 0.2775997 0.2775997 0.0365627 0.0073997 0.0183409 0.0996050 0.0409957 0.2775997 
353219_Peterson_Creek          0.1891588 0.0000010 0.0178901 0.0147825 0.0000000 0.0000010 0.0163070 0.2393530 0.1807053 0.2802923 0.0163296 0.0604517 0.2802923 0.2802923 0.0285671 0.0209923 0.0131544 0.1255801 0.0286086 0.2802923 
353220_Fish_Creek              0.1680220 0.0000010 0.0183897 0.0154356 0.0000010 0.0000000 0.0168843 0.2197862 0.1487771 0.2559153 0.0169066 0.0585251 0.2559153 0.2559153 0.0285205 0.0213352 0.0138821 0.1193160 0.0285600 0.2559153 
353246_Cottonwood_Creek        0.2084575 0.0168843 0.0036742 0.0036660 0.0163070 0.0168843 0.0000000 0.2352217 0.2092731 0.2737619 0.0024411 0.0667846 0.2737619 0.2737619 0.0350008 0.0061521 0.0168843 0.1014252 0.0394184 0.2737619 
353379_Skagit_River            0.0838215 0.2197862 0.2352217 0.2352217 0.2393530 0.2197862 0.2352217 0.0000000 0.6837548 0.0325061 0.2310126 0.3979707 0.0325061 0.0311268 0.2131229 0.2336283 0.2182130 0.5226764 0.2091127 0.0311268 
353381_Dungeness_River         0.3012551 0.1487771 0.2104842 0.2092731 0.1807053 0.1487771 0.2092731 0.6837548 0.0000000 0.9426297 0.2104842 0.9221980 0.9426297 0.9111901 0.2084464 0.2151465 0.1676133 1.2350716 0.2174380 0.9111901 
353401_Peace_River             0.0678414 0.2559153 0.2836902 0.2775997 0.2802923 0.2559153 0.2737619 0.0325061 0.9426297 0.0000000 0.2786707 0.2668440 0.0000010 0.0011030 0.2499820 0.2814801 0.2599372 0.4050901 0.2537378 0.0011030 
353407_Noatok                  0.2046555 0.0169066 0.0012177 0.0036701 0.0163296 0.0169066 0.0024411 0.2310126 0.2104842 0.2786707 0.0000000 0.0686835 0.2786707 0.2786707 0.0349513 0.0036701 0.0139765 0.0976300 0.0393623 0.2786707 
353410_Horizon_Lake            0.2070350 0.0585251 0.0707217 0.0686835 0.0604517 0.0585251 0.0667846 0.3979707 0.9221980 0.2668440 0.0686835 0.0000000 0.2668440 0.2668440 0.0713869 0.0745932 0.0604469 0.1304942 0.0715132 0.2668440 
92319_Little_Lost              0.0678414 0.2559153 0.2836902 0.2775997 0.2802923 0.2559153 0.2737619 0.0325061 0.9426297 0.0000010 0.2786707 0.2668440 0.0000000 0.0011030 0.2499820 0.2814801 0.2599372 0.4050901 0.2537378 0.0011030 
94280_St_Joe                   0.0660525 0.2559153 0.2836902 0.2775997 0.2802923 0.2559153 0.2737619 0.0311268 0.9111901 0.0011030 0.2786707 0.2668440 0.0011030 0.0000000 0.2499820 0.2814801 0.2599372 0.4050901 0.2537378 0.0000010 
GCA016432855_Lake_Trout        0.2426472 0.0285205 0.0365627 0.0365627 0.0285671 0.0285205 0.0350008 0.2131229 0.2084464 0.2499820 0.0349513 0.0713869 0.2499820 0.2499820 0.0000000 0.0333539 0.0254603 0.1140394 0.0027089 0.2499820 
GCA036784925_Maine_S_alpinus   0.2170381 0.0213352 0.0049102 0.0073997 0.0209923 0.0213352 0.0061521 0.2336283 0.2151465 0.2814801 0.0036701 0.0745932 0.2814801 0.2814801 0.0333539 0.0000000 0.0096932 0.0956750 0.0377430 0.2814801 
GCA045679555_Iceland_A_alpinus 0.1979170 0.0138821 0.0154356 0.0183409 0.0131544 0.0138821 0.0168843 0.2182130 0.1676133 0.2599372 0.0139765 0.0604469 0.2599372 0.2599372 0.0254603 0.0096932 0.0000000 0.1145039 0.0254943 0.2599372 
GCF013265735_Rainbow_Trout     0.3608404 0.1193160 0.0996050 0.0996050 0.1255801 0.1193160 0.1014252 0.5226764 1.2350716 0.4050901 0.0976300 0.1304942 0.4050901 0.4050901 0.1140394 0.0956750 0.1145039 0.0000000 0.1195850 0.4050901 
GCF029448725_Brook_Trout       0.2406276 0.0285600 0.0409957 0.0409957 0.0286086 0.0285600 0.0394184 0.2091127 0.2174380 0.2537378 0.0393623 0.0715132 0.2537378 0.2537378 0.0027089 0.0377430 0.0254943 0.1195850 0.0000000 0.2537378 
Methow_River_99895             0.0660525 0.2559153 0.2836902 0.2775997 0.2802923 0.2559153 0.2737619 0.0311268 0.9111901 0.0011030 0.2786707 0.2668440 0.0011030 0.0000010 0.2499820 0.2814801 0.2599372 0.4050901 0.2537378 0.0000000 
