15
251140_Ward_Creek              0.0000000 0.0000010 0.0515490 0.0251056 0.0316924 0.0279307 0.0279320 0.0110282 0.0308102 0.0251056 0.0540774 0.0110410 0.0082581 0.1045670 0.0781745 
260512_Pybus_Point             0.0000010 0.0000000 0.0515490 0.0251056 0.0316924 0.0279307 0.0279320 0.0110282 0.0308102 0.0251056 0.0540774 0.0110410 0.0082581 0.1045670 0.0781745 
261935_Kenai_River             0.0515490 0.0515490 0.0000000 0.0466524 0.2352949 0.0466524 0.0423089 0.0471617 0.0511124 0.0466524 0.0871114 0.0517664 0.0472473 0.1613100 0.1269988 
353379_Skagit_River            0.0251056 0.0251056 0.0466524 0.0000000 0.0536786 0.0027205 0.0249303 0.0251445 0.0054558 0.0000010 0.0449273 0.0194824 0.0166531 0.0951122 0.0691452 
353381_Dungeness_River         0.0316924 0.0316924 0.2352949 0.0536786 0.0000000 0.0591930 0.0648932 0.0480587 0.0649282 0.0536786 0.1178789 0.0481665 0.0425858 0.1867637 0.1685398 
353401_Peace_River             0.0279307 0.0279307 0.0466524 0.0027205 0.0591930 0.0000000 0.0277354 0.0279740 0.0027236 0.0027205 0.0477972 0.0222948 0.0194530 0.0982220 0.0721230 
353407_Noatok                  0.0279320 0.0279320 0.0423089 0.0249303 0.0648932 0.0277354 0.0000000 0.0279753 0.0305941 0.0249303 0.0536921 0.0280082 0.0251369 0.1047418 0.0783013 
353410_Horizon_Lake            0.0110282 0.0110282 0.0471617 0.0251445 0.0480587 0.0279740 0.0279753 0.0000000 0.0308581 0.0251445 0.0481995 0.0110578 0.0082706 0.0981903 0.0721000 
92319_Little_Lost              0.0308102 0.0308102 0.0511124 0.0054558 0.0649282 0.0027236 0.0305941 0.0308581 0.0000000 0.0054558 0.0507531 0.0251519 0.0222949 0.1015090 0.0752291 
94280_St_Joe                   0.0251056 0.0251056 0.0466524 0.0000010 0.0536786 0.0027205 0.0249303 0.0251445 0.0054558 0.0000000 0.0449273 0.0194824 0.0166531 0.0951122 0.0691452 
GCA016432855_Lake_Trout        0.0540774 0.0540774 0.0871114 0.0449273 0.1178789 0.0477972 0.0536921 0.0481995 0.0507531 0.0449273 0.0000000 0.0482741 0.0453050 0.1014527 0.0279597 
GCA036784925_Maine_S_alpinus   0.0110410 0.0110410 0.0517664 0.0194824 0.0481665 0.0222948 0.0280082 0.0110578 0.0251519 0.0194824 0.0482741 0.0000000 0.0027467 0.0983506 0.0722138 
GCA045679555_Iceland_A_alpinus 0.0082581 0.0082581 0.0472473 0.0166531 0.0425858 0.0194530 0.0251369 0.0082706 0.0222949 0.0166531 0.0453050 0.0027467 0.0000000 0.0950815 0.0691231 
GCF013265735_Rainbow_Trout     0.1045670 0.1045670 0.1613100 0.0951122 0.1867637 0.0982220 0.1047418 0.0981903 0.1015090 0.0951122 0.1014527 0.0983506 0.0950815 0.0000000 0.1244090 
GCF029448725_Brook_Trout       0.0781745 0.0781745 0.1269988 0.0691452 0.1685398 0.0721230 0.0783013 0.0721000 0.0752291 0.0691452 0.0279597 0.0722138 0.0691231 0.1244090 0.0000000 
