10
251140_Ward_Creek              0.0000000 0.0000010 0.0000010 0.0275273 0.0155454 0.0234567 0.0275273 0.0155454 0.1554094 0.0194939 
260512_Pybus_Point             0.0000010 0.0000000 0.0000010 0.0275273 0.0155454 0.0234567 0.0275273 0.0155454 0.1554094 0.0194939 
353381_Dungeness_River         0.0000010 0.0000010 0.0000000 0.0847434 0.0546907 0.0837482 0.0847434 0.0546907 2.0354530 0.0691253 
353407_Noatok                  0.0275273 0.0275273 0.0847434 0.0000000 0.0195007 0.0195089 0.0000010 0.0195007 0.1496132 0.0155644 
353410_Horizon_Lake            0.0155454 0.0155454 0.0546907 0.0195007 0.0000000 0.0155099 0.0195007 0.0000010 0.1429729 0.0116010 
GCA016432855_Lake_Trout        0.0234567 0.0234567 0.0837482 0.0195089 0.0155099 0.0000000 0.0195089 0.0155099 0.1372766 0.0038474 
GCA036784925_Maine_S_alpinus   0.0275273 0.0275273 0.0847434 0.0000010 0.0195007 0.0195089 0.0000000 0.0195007 0.1496132 0.0155644 
GCA045679555_Iceland_A_alpinus 0.0155454 0.0155454 0.0546907 0.0195007 0.0000010 0.0155099 0.0195007 0.0000000 0.1429729 0.0116010 
GCF013265735_Rainbow_Trout     0.1554094 0.1554094 2.0354530 0.1496132 0.1429729 0.1372766 0.1496132 0.1429729 0.0000000 0.1372766 
GCF029448725_Brook_Trout       0.0194939 0.0194939 0.0691253 0.0155644 0.0116010 0.0038474 0.0155644 0.0116010 0.1372766 0.0000000 
