12
251140_Ward_Creek            0.0000000 0.0000010 0.0043346 0.0405079 0.0265751 0.0264230 0.0086894 0.0264230 0.0355813 0.0086917 0.1454170 0.0264607 
260512_Pybus_Point           0.0000010 0.0000000 0.0043346 0.0405079 0.0265751 0.0264230 0.0086894 0.0264230 0.0355813 0.0086917 0.1454170 0.0264607 
261935_Kenai_River           0.0043346 0.0043346 0.0000000 0.0464246 0.0538555 0.0308924 0.0130620 0.0308924 0.0401153 0.0130655 0.1506230 0.0309366 
353379_Skagit_River          0.0405079 0.0405079 0.0464246 0.0000000 0.2150618 0.0056500 0.0523924 0.0056500 0.0646969 0.0524103 0.1643390 0.0404292 
353381_Dungeness_River       0.0265751 0.0265751 0.0538555 0.2150618 0.0000000 0.2094163 0.0819973 0.2094163 0.2901301 0.0821247 1.2072900 0.2117406 
353401_Peace_River           0.0264230 0.0264230 0.0308924 0.0056500 0.2094163 0.0000000 0.0353900 0.0000010 0.0445815 0.0353993 0.1555085 0.0353632 
353410_Horizon_Lake          0.0086894 0.0086894 0.0130620 0.0523924 0.0819973 0.0353900 0.0000000 0.0353900 0.0446805 0.0174618 0.1558929 0.0354409 
92319_Little_Lost            0.0264230 0.0264230 0.0308924 0.0056500 0.2094163 0.0000010 0.0353900 0.0000000 0.0445815 0.0353993 0.1555085 0.0353632 
GCA016432855_Lake_Trout      0.0355813 0.0355813 0.0401153 0.0646969 0.2901301 0.0445815 0.0446805 0.0445815 0.0000000 0.0446923 0.1563736 0.0265077 
GCA036784925_Maine_S_alpinus 0.0086917 0.0086917 0.0130655 0.0524103 0.0821247 0.0353993 0.0174618 0.0353993 0.0446923 0.0000000 0.1559324 0.0354502 
GCF013265735_Rainbow_Trout   0.1454170 0.1454170 0.1506230 0.1643390 1.2072900 0.1555085 0.1558929 0.1555085 0.1563736 0.1559324 0.0000000 0.1452011 
GCF029448725_Brook_Trout     0.0264607 0.0264607 0.0309366 0.0404292 0.2117406 0.0353632 0.0354409 0.0353632 0.0265077 0.0354502 0.1452011 0.0000000 
