20
251140_Ward_Creek              0.0000000 0.0085027 0.0108664 0.0000010 0.0084970 0.0085027 0.0022783 0.0658519 0.0031301 0.1088706 0.0116613 0.0273501 0.1216113 0.0647508 0.0205121 0.0108738 0.0092969 0.2590386 0.0274991 0.1088706 
260512_Pybus_Point             0.0085027 0.0000000 0.0069441 0.0085027 0.0046067 0.0000010 0.0092906 0.0583919 0.0178668 0.0989416 0.0077280 0.0231836 0.1081135 0.0573188 0.0138324 0.0069488 0.0053903 0.2393801 0.0225927 0.0989416 
261935_Kenai_River             0.0108664 0.0069441 0.0000000 0.0108664 0.0069393 0.0069441 0.0116613 0.0551378 0.0263960 0.0945353 0.0038303 0.0190147 0.1021434 0.0540789 0.0109939 0.0030615 0.0015270 0.2508774 0.0255452 0.0945353 
353213_Cropley_Lake            0.0000010 0.0085027 0.0108664 0.0000000 0.0084970 0.0085027 0.0022783 0.0658519 0.0031301 0.1088706 0.0116613 0.0273501 0.1216113 0.0647508 0.0205121 0.0108738 0.0092969 0.2590386 0.0274991 0.1088706 
353219_Peterson_Creek          0.0084970 0.0046067 0.0069393 0.0084970 0.0000000 0.0046067 0.0092842 0.0594693 0.0195571 0.1003905 0.0046161 0.0215283 0.1100803 0.0583919 0.0147829 0.0069441 0.0053867 0.2457041 0.0225738 0.1003905 
353220_Fish_Creek              0.0085027 0.0000010 0.0069441 0.0085027 0.0046067 0.0000000 0.0092906 0.0583919 0.0178668 0.0989416 0.0077280 0.0231836 0.1081135 0.0573188 0.0138324 0.0069488 0.0053903 0.2393801 0.0225927 0.0989416 
353246_Cottonwood_Creek        0.0022783 0.0092906 0.0116613 0.0022783 0.0092842 0.0092906 0.0000000 0.0658519 0.0062834 0.1088706 0.0124588 0.0282019 0.1216113 0.0647508 0.0205121 0.0116693 0.0100878 0.2590386 0.0274991 0.1088706 
353379_Skagit_River            0.0658519 0.0583919 0.0551378 0.0658519 0.0594693 0.0583919 0.0658519 0.0000000 0.1338659 0.0276082 0.0551858 0.0775302 0.0122588 0.0008687 0.0648700 0.0531620 0.0531160 0.3822517 0.0864754 0.0276082 
353381_Dungeness_River         0.0031301 0.0178668 0.0263960 0.0031301 0.0195571 0.0178668 0.0062834 0.1338659 0.0000000 0.1699693 0.0264351 0.0642297 0.2730356 0.1313728 0.0432288 0.0264351 0.0230061 0.7504202 0.0508131 0.1699693 
353401_Peace_River             0.1088706 0.0989416 0.0945353 0.1088706 0.1003905 0.0989416 0.1088706 0.0276082 0.1699693 0.0000000 0.0946402 0.1250216 0.0626618 0.0264877 0.1092853 0.0920125 0.0919109 0.4528170 0.0961463 0.0000010 
353407_Noatok                  0.0116613 0.0077280 0.0038303 0.0116613 0.0046161 0.0077280 0.0124588 0.0551858 0.0264351 0.0946402 0.0000000 0.0182181 0.1003822 0.0541258 0.0110028 0.0038329 0.0022940 0.2553407 0.0265435 0.0946402 
353410_Horizon_Lake            0.0273501 0.0231836 0.0190147 0.0273501 0.0215283 0.0231836 0.0282019 0.0775302 0.0642297 0.1250216 0.0182181 0.0000000 0.1441122 0.0763747 0.0305853 0.0190281 0.0173974 0.2987903 0.0443815 0.1250216 
92319_Little_Lost              0.1216113 0.1081135 0.1021434 0.1216113 0.1100803 0.1081135 0.1216113 0.0122588 0.2730356 0.0626618 0.1003822 0.1441122 0.0000000 0.0108660 0.0965960 0.0987732 0.0986277 1.0264935 0.1636025 0.0626618 
94280_St_Joe                   0.0647508 0.0573188 0.0540789 0.0647508 0.0583919 0.0573188 0.0647508 0.0008687 0.1313728 0.0264877 0.0541258 0.0763747 0.0108660 0.0000000 0.0637374 0.0521085 0.0520635 0.3789061 0.0851983 0.0264877 
GCA016432855_Lake_Trout        0.0205121 0.0138324 0.0109939 0.0205121 0.0147829 0.0138324 0.0205121 0.0648700 0.0432288 0.1092853 0.0110028 0.0305853 0.0965960 0.0637374 0.0000000 0.0110028 0.0091418 0.2460827 0.0319981 0.1092853 
GCA036784925_Maine_S_alpinus   0.0108738 0.0069488 0.0030615 0.0108738 0.0069441 0.0069488 0.0116693 0.0531620 0.0264351 0.0920125 0.0038329 0.0190281 0.0987732 0.0521085 0.0110028 0.0000000 0.0015280 0.2553407 0.0255668 0.0920125 
GCA045679555_Iceland_A_alpinus 0.0092969 0.0053903 0.0015270 0.0092969 0.0053867 0.0053903 0.0100878 0.0531160 0.0230061 0.0919109 0.0022940 0.0173974 0.0986277 0.0520635 0.0091418 0.0015280 0.0000000 0.2508774 0.0236000 0.0919109 
GCF013265735_Rainbow_Trout     0.2590386 0.2393801 0.2508774 0.2590386 0.2457041 0.2393801 0.2590386 0.3822517 0.7504202 0.4528170 0.2553407 0.2987903 1.0264935 0.3789061 0.2460827 0.2553407 0.2508774 0.0000000 0.2881080 0.4528170 
GCF029448725_Brook_Trout       0.0274991 0.0225927 0.0255452 0.0274991 0.0225738 0.0225927 0.0274991 0.0864754 0.0508131 0.0961463 0.0265435 0.0443815 0.1636025 0.0851983 0.0319981 0.0255668 0.0236000 0.2881080 0.0000000 0.0961463 
Methow_River_99895             0.1088706 0.0989416 0.0945353 0.1088706 0.1003905 0.0989416 0.1088706 0.0276082 0.1699693 0.0000010 0.0946402 0.1250216 0.0626618 0.0264877 0.1092853 0.0920125 0.0919109 0.4528170 0.0961463 0.0000000 
