13
251140_Ward_Creek          0.0000000 0.0000010 0.0949852 0.0460187 0.0460187 0.2060053 0.0000010 0.2060053 0.0948422 0.2045109 0.3292459 0.6859604 0.2645946 
260512_Pybus_Point         0.0000010 0.0000000 0.0949852 0.0460187 0.0460187 0.2060053 0.0000010 0.2060053 0.0948422 0.2045109 0.3292459 0.6859604 0.2645946 
261935_Kenai_River         0.0949852 0.0949852 0.0000000 0.0460187 0.0460187 0.2060053 0.1339842 0.2060053 0.0948422 0.0956625 0.3292459 0.6859604 0.2645946 
353220_Fish_Creek          0.0460187 0.0460187 0.0460187 0.0000000 0.0000010 0.1489952 0.0640600 0.1489952 0.0459546 0.1480153 0.2636978 0.5821977 0.2038757 
353246_Cottonwood_Creek    0.0460187 0.0460187 0.0460187 0.0000010 0.0000000 0.1489952 0.0640600 0.1489952 0.0459546 0.1480153 0.2636978 0.5821977 0.2038757 
353379_Skagit_River        0.2060053 0.2060053 0.2060053 0.1489952 0.1489952 0.0000000 0.3025375 0.0000010 0.0959866 0.2075266 0.2053589 0.4108004 0.1489952 
353381_Dungeness_River     0.0000010 0.0000010 0.1339842 0.0640600 0.0640600 0.3025375 0.0000000 0.3025375 0.1336893 0.2989698 0.5011807 1.3316034 0.3941490 
353401_Peace_River         0.2060053 0.2060053 0.2060053 0.1489952 0.1489952 0.0000010 0.3025375 0.0000000 0.0959866 0.2075266 0.2053589 0.4108004 0.1489952 
353407_Noatok              0.0948422 0.0948422 0.0948422 0.0459546 0.0459546 0.0959866 0.1336893 0.0959866 0.0000000 0.0954106 0.2032451 0.4907392 0.1475937 
353410_Horizon_Lake        0.2045109 0.2045109 0.0956625 0.1480153 0.1480153 0.2075266 0.2989698 0.2075266 0.0954106 0.0000000 0.3322061 0.6975072 0.2667327 
GCA016432855_Lake_Trout    0.3292459 0.3292459 0.3292459 0.2636978 0.2636978 0.2053589 0.5011807 0.2053589 0.2032451 0.3322061 0.0000000 0.6816305 0.1478365 
GCF013265735_Rainbow_Trout 0.6859604 0.6859604 0.6859604 0.5821977 0.5821977 0.4108004 1.3316034 0.4108004 0.4907392 0.6975072 0.6816305 0.0000000 0.5821977 
GCF029448725_Brook_Trout   0.2645946 0.2645946 0.2645946 0.2038757 0.2038757 0.1489952 0.3941490 0.1489952 0.1475937 0.2667327 0.1478365 0.5821977 0.0000000 
