7
251140_Ward_Creek          0.0000000 0.0254262 0.0000010 0.0254262 0.0000010 0.1073256 0.0517437 
260512_Pybus_Point         0.0254262 0.0000000 0.0254262 0.0000010 0.1884858 0.1073256 0.0790204 
261935_Kenai_River         0.0000010 0.0254262 0.0000000 0.0254262 0.0000010 0.1073256 0.0517437 
353213_Cropley_Lake        0.0254262 0.0000010 0.0254262 0.0000000 0.1884858 0.1073256 0.0790204 
353381_Dungeness_River     0.0000010 0.1884858 0.0000010 0.1884858 0.0000000 1.6479184 0.4408400 
GCF013265735_Rainbow_Trout 0.1073256 0.1073256 0.1073256 0.1073256 1.6479184 0.0000000 0.1673577 
GCF029448725_Brook_Trout   0.0517437 0.0790204 0.0517437 0.0790204 0.4408400 0.1673577 0.0000000 
