17
251140_Ward_Creek              0.0000000 0.0000010 0.1262855 0.3919585 0.2889006 0.2889006 0.5535201 0.1302302 0.4123925 0.2889006 0.4642749 0.4123925 2.5000881 0.0630416 0.0630416 5.2847142 1.3240226 
260512_Pybus_Point             0.0000010 0.0000000 0.1087776 0.3256205 0.2436702 0.2436702 0.4421455 0.1302302 0.3385894 0.2436702 0.3878331 0.3385894 2.0272611 0.0542948 0.0542948 4.9591420 1.0300677 
261935_Kenai_River             0.1262855 0.1087776 0.0000000 0.1736735 0.1093259 0.1093259 0.4148133 0.2778109 0.3196720 0.5398763 0.6517421 0.3196720 1.9910140 0.2315984 0.2315984 5.7411207 1.0105751 
353213_Cropley_Lake            0.3919585 0.3256205 0.1736735 0.0000000 0.0518951 0.0518951 0.5312521 0.6323769 0.4148133 0.9865584 1.1717346 0.4148133 2.3848495 0.5035811 0.5035811 5.8886144 1.3596456 
353219_Peterson_Creek          0.2889006 0.2436702 0.1093259 0.0518951 0.0000000 0.0000010 0.4148133 0.4891867 0.3196720 0.8018106 0.9558854 0.3196720 2.0227225 0.3973006 0.3973006 5.3439882 1.1203430 
353220_Fish_Creek              0.2889006 0.2436702 0.1093259 0.0518951 0.0000010 0.0000000 0.4148133 0.4891867 0.3196720 0.8018106 0.9558854 0.3196720 2.0227225 0.3973006 0.3973006 5.3439882 1.1203430 
353379_Skagit_River            0.5535201 0.4421455 0.4148133 0.5312521 0.4148133 0.4148133 0.0000000 0.5183851 0.0518951 0.8664863 1.0494245 0.0518951 2.4171412 0.4148133 0.4148133 5.8886144 1.2471939 
353381_Dungeness_River         0.1302302 0.1302302 0.2778109 0.6323769 0.4891867 0.4891867 0.5183851 0.0000000 0.3919585 0.1302302 0.2778109 0.3919585 2.8860933 0.0612942 0.0612942 5.4053986 1.7653932 
353401_Peace_River             0.4123925 0.3385894 0.3196720 0.4148133 0.3196720 0.3196720 0.0518951 0.3919585 0.0000000 0.6983027 0.8460673 0.0000010 1.9910140 0.3196720 0.3196720 5.3439882 1.0105751 
353407_Noatok                  0.2889006 0.2436702 0.5398763 0.9865584 0.8018106 0.8018106 0.8664863 0.1302302 0.6983027 0.0000000 0.1075349 0.6983027 3.1896793 0.2781558 0.2781558 5.1591614 2.1013246 
353410_Horizon_Lake            0.4642749 0.3878331 0.6517421 1.1717346 0.9558854 0.9558854 1.0494245 0.2778109 0.8460673 0.1075349 0.0000000 0.8460673 2.9336478 0.2993123 0.2993123 4.7171458 2.1308470 
92319_Little_Lost              0.4123925 0.3385894 0.3196720 0.4148133 0.3196720 0.3196720 0.0518951 0.3919585 0.0000010 0.6983027 0.8460673 0.0000000 1.9910140 0.3196720 0.3196720 5.3439882 1.0105751 
GCA016432855_Lake_Trout        2.5000881 2.0272611 1.9910140 2.3848495 2.0227225 2.0227225 2.4171412 2.8860933 1.9910140 3.1896793 2.9336478 1.9910140 0.0000000 2.9758919 2.9758919 7.3611762 0.5577829 
GCA036784925_Maine_S_alpinus   0.0630416 0.0542948 0.2315984 0.5035811 0.3973006 0.3973006 0.4148133 0.0612942 0.3196720 0.2781558 0.2993123 0.3196720 2.9758919 0.0000000 0.0000010 5.3439882 1.5712818 
GCA045679555_Iceland_A_alpinus 0.0630416 0.0542948 0.2315984 0.5035811 0.3973006 0.3973006 0.4148133 0.0612942 0.3196720 0.2781558 0.2993123 0.3196720 2.9758919 0.0000010 0.0000000 5.3439882 1.5712818 
GCF013265735_Rainbow_Trout     5.2847142 4.9591420 5.7411207 5.8886144 5.3439882 5.3439882 5.8886144 5.4053986 5.3439882 5.1591614 4.7171458 5.3439882 7.3611762 5.3439882 5.3439882 0.0000000 4.9582050 
GCF029448725_Brook_Trout       1.3240226 1.0300677 1.0105751 1.3596456 1.1203430 1.1203430 1.2471939 1.7653932 1.0105751 2.1013246 2.1308470 1.0105751 0.5577829 1.5712818 1.5712818 4.9582050 0.0000000 
