17
251140_Ward_Creek              0.0000000 0.0000010 0.0149994 0.0774279 0.0150007 0.1536538 0.0000010 0.2098348 0.0790283 0.0457525 0.2098348 0.3025845 0.0299507 0.0299507 2.3723410 0.4361203 0.2293774 
260512_Pybus_Point             0.0000010 0.0000000 0.0149994 0.0774279 0.0150007 0.1536538 0.0000010 0.2098348 0.0790283 0.0457525 0.2098348 0.3025845 0.0299507 0.0299507 2.3723410 0.4361203 0.2293774 
261935_Kenai_River             0.0149994 0.0149994 0.0000000 0.0608673 0.0305383 0.1338812 0.0441465 0.1884246 0.0620813 0.0299841 0.1884246 0.2770948 0.0457246 0.0457246 2.3133920 0.4056290 0.2073673 
353213_Cropley_Lake            0.0774279 0.0774279 0.0608673 0.0000000 0.0946663 0.1338812 0.1892983 0.1884246 0.0620813 0.0299841 0.1884246 0.2770948 0.0774758 0.0774758 2.3133920 0.4056290 0.2073673 
353219_Peterson_Creek          0.0150007 0.0150007 0.0305383 0.0946663 0.0000000 0.1744165 0.0441564 0.2323919 0.0966985 0.0621280 0.2323919 0.3297036 0.0457281 0.0457281 2.4325610 0.4688629 0.2525928 
353379_Skagit_River            0.1536538 0.1536538 0.1338812 0.1338812 0.1744165 0.0000000 0.4516871 0.0470772 0.1370591 0.0988042 0.0470772 0.3191243 0.1537559 0.1537559 2.3009479 0.4425478 0.0633154 
353381_Dungeness_River         0.0000010 0.0000010 0.0441465 0.1892983 0.0441564 0.4516871 0.0000000 0.6829392 0.2035644 0.0904489 0.6829392 1.2288710 0.0877507 0.0877507 3.6552019 1.8646009 0.7603526 
353401_Peace_River             0.2098348 0.2098348 0.1884246 0.1884246 0.2323919 0.0470772 0.6829392 0.0000000 0.1932637 0.1517689 0.0000010 0.3837759 0.2099743 0.2099743 2.2638499 0.5127350 0.0154413 
353407_Noatok                  0.0790283 0.0790283 0.0620813 0.0620813 0.0966985 0.1370591 0.2035644 0.1932637 0.0000000 0.0305546 0.1932637 0.2855672 0.0790782 0.0790782 2.4713986 0.4205231 0.2128407 
353410_Horizon_Lake            0.0457525 0.0457525 0.0299841 0.0299841 0.0621280 0.0988042 0.0904489 0.1517689 0.0305546 0.0000000 0.1517689 0.2361528 0.0457807 0.0457807 2.3432552 0.3610570 0.1701499 
92319_Little_Lost              0.2098348 0.2098348 0.1884246 0.1884246 0.2323919 0.0470772 0.6829392 0.0000010 0.1932637 0.1517689 0.0000000 0.3837759 0.2099743 0.2099743 2.2638499 0.5127350 0.0154413 
GCA016432855_Lake_Trout        0.3025845 0.3025845 0.2770948 0.2770948 0.3297036 0.3191243 1.2288710 0.3837759 0.2855672 0.2361528 0.3837759 0.0000000 0.3027942 0.3027942 2.1767697 0.1885355 0.4062618 
GCA036784925_Maine_S_alpinus   0.0299507 0.0299507 0.0457246 0.0774758 0.0457281 0.1537559 0.0877507 0.2099743 0.0790782 0.0457807 0.2099743 0.3027942 0.0000000 0.0000010 2.3720332 0.4364162 0.2295297 
GCA045679555_Iceland_A_alpinus 0.0299507 0.0299507 0.0457246 0.0774758 0.0457281 0.1537559 0.0877507 0.2099743 0.0790782 0.0457807 0.2099743 0.3027942 0.0000010 0.0000000 2.3720332 0.4364162 0.2295297 
GCF013265735_Rainbow_Trout     2.3723410 2.3723410 2.3133920 2.3133920 2.4325610 2.3009479 3.6552019 2.2638499 2.4713986 2.3432552 2.2638499 2.1767697 2.3720332 2.3720332 0.0000000 2.1575008 2.2513480 
GCF029448725_Brook_Trout       0.4361203 0.4361203 0.4056290 0.4056290 0.4688629 0.4425478 1.8646009 0.5127350 0.4205231 0.3610570 0.5127350 0.1885355 0.4364162 0.4364162 2.1575008 0.0000000 0.5370226 
Methow_River_99895             0.2293774 0.2293774 0.2073673 0.2073673 0.2525928 0.0633154 0.7603526 0.0154413 0.2128407 0.1701499 0.0154413 0.4062618 0.2295297 0.2295297 2.2513480 0.5370226 0.0000000 
