20
251140_Ward_Creek              0.0000000 0.0073540 0.0693014 0.1114056 0.0147613 0.0000010 0.5457322 0.2842517 0.3487288 0.2856107 0.5024122 0.1772212 0.2855670 0.3316789 0.2324208 0.1979056 0.1772212 1.8846430 0.9488282 0.3316789 
260512_Pybus_Point             0.0073540 0.0000000 0.0782968 0.1198253 0.0073529 0.0073540 0.5625197 0.2961844 0.3834942 0.2960994 0.5184553 0.1864378 0.2960543 0.3426461 0.2419937 0.2074004 0.1864378 1.8841415 0.9672203 0.3426461 
261935_Kenai_River             0.0693014 0.0782968 0.0000000 0.0495425 0.0873680 0.0693014 0.4965546 0.3078134 0.0891042 0.3061674 0.4525109 0.1138814 0.3061163 0.3579774 0.1700119 0.1339857 0.1138814 1.8439135 0.7008171 0.3579774 
353213_Cropley_Lake            0.1114056 0.1198253 0.0495425 0.0000000 0.1113820 0.1114056 0.3125392 0.2016744 0.1368883 0.3221974 0.4362253 0.0621431 0.3221494 0.2484558 0.1127842 0.0770881 0.0621431 1.5904690 0.5202933 0.2484558 
353219_Peterson_Creek          0.0147613 0.0073529 0.0873680 0.1113820 0.0000000 0.0147613 0.5794082 0.3082166 0.4191182 0.3066697 0.5346044 0.1957286 0.3066232 0.3536958 0.2516374 0.2169736 0.1957286 1.8836115 0.9853325 0.3536958 
353220_Fish_Creek              0.0000010 0.0073540 0.0693014 0.1114056 0.0147613 0.0000000 0.5457322 0.2842517 0.3487288 0.2856107 0.5024122 0.1772212 0.2855670 0.3316789 0.2324208 0.1979056 0.1772212 1.8846430 0.9488282 0.3316789 
353246_Cottonwood_Creek        0.5457322 0.5625197 0.4965546 0.3125392 0.5794082 0.5457322 0.0000000 0.4255535 2.2338728 0.8403818 0.0556269 0.3290484 0.8402487 0.6258884 0.3335067 0.3586951 0.3290484 2.1453567 1.0237659 0.6258884 
353379_Skagit_River            0.2842517 0.2961844 0.3078134 0.2016744 0.3082166 0.2842517 0.4255535 0.0000000 0.7658662 0.1179875 0.5979507 0.2137705 0.1179704 0.0769184 0.2422266 0.2364018 0.2137705 1.6649507 0.3350810 0.0769184 
353381_Dungeness_River         0.3487288 0.3834942 0.0891042 0.1368883 0.4191182 0.3487288 2.2338728 0.7658662 0.0000000 1.4839281 2.1986297 0.3220910 1.4836493 1.4730026 0.4779188 0.4050352 0.3220910 3.6566140 3.8024745 1.4730026 
353401_Peace_River             0.2856107 0.2960994 0.3061674 0.3221974 0.3066697 0.2856107 0.8403818 0.1179875 1.4839281 0.0000000 0.7712861 0.3374672 0.0128183 0.0259782 0.3569206 0.3646679 0.3374672 1.6582320 0.6384060 0.0259782 
353407_Noatok                  0.5024122 0.5184553 0.4525109 0.4362253 0.5346044 0.5024122 0.0556269 0.5979507 2.1986297 0.7712861 0.0000000 0.4600723 0.7711603 0.8800656 0.4463440 0.5012446 0.4600723 2.4252263 1.4636049 0.8800656 
353410_Horizon_Lake            0.1772212 0.1864378 0.1138814 0.0621431 0.1957286 0.1772212 0.3290484 0.2137705 0.3220910 0.3374672 0.4600723 0.0000000 0.3374164 0.2603322 0.1212582 0.0132811 0.0000010 1.6199275 0.5457646 0.2603322 
92319_Little_Lost              0.2855670 0.2960543 0.3061163 0.3221494 0.3066232 0.2855670 0.8402487 0.1179704 1.4836493 0.0128183 0.7711603 0.3374164 0.0000000 0.0392178 0.3568678 0.3646127 0.3374164 1.6581908 0.6383145 0.0392178 
94280_St_Joe                   0.3316789 0.3426461 0.3579774 0.2484558 0.3536958 0.3316789 0.6258884 0.0769184 1.4730026 0.0259782 0.8800656 0.2603322 0.0392178 0.0000000 0.2865808 0.2820440 0.2603322 1.4310767 0.4950863 0.0000010 
GCA016432855_Lake_Trout        0.2324208 0.2419937 0.1700119 0.1127842 0.2516374 0.2324208 0.3335067 0.2422266 0.4779188 0.3569206 0.4463440 0.1212582 0.3568678 0.2865808 0.0000000 0.1376584 0.1212582 1.5525445 0.4933171 0.2865808 
GCA036784925_Maine_S_alpinus   0.1979056 0.2074004 0.1339857 0.0770881 0.2169736 0.1979056 0.3586951 0.2364018 0.4050352 0.3646679 0.5012446 0.0132811 0.3646127 0.2820440 0.1376584 0.0000000 0.0132811 1.6897616 0.5881798 0.2820440 
GCA045679555_Iceland_A_alpinus 0.1772212 0.1864378 0.1138814 0.0621431 0.1957286 0.1772212 0.3290484 0.2137705 0.3220910 0.3374672 0.4600723 0.0000010 0.3374164 0.2603322 0.1212582 0.0132811 0.0000000 1.6199275 0.5457646 0.2603322 
GCF013265735_Rainbow_Trout     1.8846430 1.8841415 1.8439135 1.5904690 1.8836115 1.8846430 2.1453567 1.6649507 3.6566140 1.6582320 2.4252263 1.6199275 1.6581908 1.4310767 1.5525445 1.6897616 1.6199275 0.0000000 1.5740243 1.4310767 
GCF029448725_Brook_Trout       0.9488282 0.9672203 0.7008171 0.5202933 0.9853325 0.9488282 1.0237659 0.3350810 3.8024745 0.6384060 1.4636049 0.5457646 0.6383145 0.4950863 0.4933171 0.5881798 0.5457646 1.5740243 0.0000000 0.4950863 
Methow_River_99895             0.3316789 0.3426461 0.3579774 0.2484558 0.3536958 0.3316789 0.6258884 0.0769184 1.4730026 0.0259782 0.8800656 0.2603322 0.0392178 0.0000010 0.2865808 0.2820440 0.2603322 1.4310767 0.4950863 0.0000000 
