16
251140_Ward_Creek              0.0000000 0.0006734 0.0006734 0.0056182 0.0181672 0.0622692 0.0599159 0.0654437 0.0829285 0.0638064 0.0733375 0.0599159 0.0599159 0.0315358 0.0765087 0.0721930 
260512_Pybus_Point             0.0006734 0.0000000 0.0000010 0.0049134 0.0181672 0.0614827 0.0591332 0.0646541 0.0818264 0.0630194 0.0725392 0.0591332 0.0591332 0.0307854 0.0757072 0.0712971 
261935_Kenai_River             0.0006734 0.0000010 0.0000000 0.0049134 0.0181672 0.0614827 0.0591332 0.0646541 0.0818264 0.0630194 0.0725392 0.0591332 0.0591332 0.0307854 0.0757072 0.0712971 
353379_Skagit_River            0.0056182 0.0049134 0.0049134 0.0000000 0.0258320 0.0617323 0.0641669 0.0699622 0.0845303 0.0592909 0.0674683 0.0641669 0.0641669 0.0360350 0.0707482 0.0683523 
353381_Dungeness_River         0.0181672 0.0181672 0.0181672 0.0258320 0.0000000 0.1720960 0.1697808 0.1833914 0.3952900 0.1719158 0.1763748 0.1697808 0.1697808 0.0687891 0.1786167 0.2500661 
353401_Peace_River             0.0622692 0.0614827 0.0614827 0.0617323 0.1720960 0.0000000 0.0043423 0.0087150 0.0008028 0.0037196 0.0245381 0.0043423 0.0043423 0.0996467 0.0194307 0.0013685 
353407_Noatok                  0.0599159 0.0591332 0.0591332 0.0641669 0.1697808 0.0043423 0.0000000 0.0055911 0.0032156 0.0055854 0.0226186 0.0012381 0.0012381 0.0969930 0.0175256 0.0061788 
353410_Horizon_Lake            0.0654437 0.0646541 0.0646541 0.0699622 0.1833914 0.0087150 0.0055911 0.0000000 0.0088832 0.0099643 0.0271141 0.0055911 0.0055911 0.1032456 0.0219857 0.0110277 
92319_Little_Lost              0.0829285 0.0818264 0.0818264 0.0845303 0.3952900 0.0008028 0.0032156 0.0088832 0.0000000 0.0032144 0.0294804 0.0032156 0.0032156 0.1344234 0.0228159 0.0027520 
94280_St_Joe                   0.0638064 0.0630194 0.0630194 0.0592909 0.1719158 0.0037196 0.0055854 0.0099643 0.0032144 0.0000000 0.0258085 0.0055854 0.0055854 0.1013595 0.0206939 0.0027386 
GCA016432855_Lake_Trout        0.0733375 0.0725392 0.0725392 0.0674683 0.1763748 0.0245381 0.0226186 0.0271141 0.0294804 0.0258085 0.0000000 0.0226186 0.0226186 0.1121350 0.0168636 0.0278751 
GCA036784925_Maine_S_alpinus   0.0599159 0.0591332 0.0591332 0.0641669 0.1697808 0.0043423 0.0012381 0.0055911 0.0032156 0.0055854 0.0226186 0.0000000 0.0000010 0.0969930 0.0175256 0.0061788 
GCA045679555_Iceland_A_alpinus 0.0599159 0.0591332 0.0591332 0.0641669 0.1697808 0.0043423 0.0012381 0.0055911 0.0032156 0.0055854 0.0226186 0.0000010 0.0000000 0.0969930 0.0175256 0.0061788 
GCF013265735_Rainbow_Trout     0.0315358 0.0307854 0.0307854 0.0360350 0.0687891 0.0996467 0.0969930 0.1032456 0.1344234 0.1013595 0.1121350 0.0969930 0.0969930 0.0000000 0.1139327 0.1131646 
GCF029448725_Brook_Trout       0.0765087 0.0757072 0.0757072 0.0707482 0.1786167 0.0194307 0.0175256 0.0219857 0.0228159 0.0206939 0.0168636 0.0175256 0.0175256 0.1139327 0.0000000 0.0222058 
Methow_River_99895             0.0721930 0.0712971 0.0712971 0.0683523 0.2500661 0.0013685 0.0061788 0.0110277 0.0027520 0.0027386 0.0278751 0.0061788 0.0061788 0.1131646 0.0222058 0.0000000 
