17
251140_Ward_Creek              0.0000000 0.0000010 0.0093178 0.0035147 0.0218786 0.0000010 0.0218786 0.0124635 0.0062021 0.0467161 0.0218786 0.0379955 0.0125605 0.0093178 0.1030664 0.0547252 0.0282197 
260512_Pybus_Point             0.0000010 0.0000000 0.0093178 0.0035147 0.0218786 0.0000010 0.0218786 0.0124635 0.0062021 0.0467161 0.0218786 0.0379955 0.0125605 0.0093178 0.1030664 0.0547252 0.0282197 
261935_Kenai_River             0.0093178 0.0093178 0.0000000 0.0000010 0.0186931 0.0240991 0.0186931 0.0030962 0.0156040 0.0386185 0.0186931 0.0347155 0.0221225 0.0187543 0.0993946 0.0513338 0.0250033 
353246_Cottonwood_Creek        0.0035147 0.0035147 0.0000010 0.0000000 0.0177007 0.0240991 0.0177007 0.0035212 0.0106021 0.0439682 0.0177007 0.0322119 0.0179242 0.0141614 0.1101369 0.0549082 0.0248701 
353379_Skagit_River            0.0218786 0.0218786 0.0186931 0.0177007 0.0000000 0.1000903 0.0000010 0.0218786 0.0282662 0.0000010 0.0000010 0.0347155 0.0285350 0.0250846 0.0924505 0.0513338 0.0061921 
353381_Dungeness_River         0.0000010 0.0000010 0.0240991 0.0240991 0.1000903 0.0000000 0.1000903 0.0494308 0.0244077 0.1000903 0.1000903 0.2481282 0.0494308 0.0494308 1.0785036 0.4559819 0.1541164 
353401_Peace_River             0.0218786 0.0218786 0.0186931 0.0177007 0.0000010 0.1000903 0.0000000 0.0218786 0.0282662 0.0000010 0.0000010 0.0347155 0.0285350 0.0250846 0.0924505 0.0513338 0.0061351 
353407_Noatok                  0.0124635 0.0124635 0.0030962 0.0035212 0.0218786 0.0494308 0.0218786 0.0000000 0.0187851 0.0467161 0.0218786 0.0379955 0.0253653 0.0219506 0.1030664 0.0547252 0.0282197 
353410_Horizon_Lake            0.0062021 0.0062021 0.0156040 0.0106021 0.0282662 0.0244077 0.0282662 0.0187851 0.0000000 0.0549457 0.0282662 0.0445459 0.0125399 0.0093027 0.1102914 0.0614707 0.0346581 
92319_Little_Lost              0.0467161 0.0467161 0.0386185 0.0439682 0.0000010 0.1000903 0.0000010 0.0467161 0.0549457 0.0000000 0.0000010 0.0715159 0.0469074 0.0469074 0.1916879 0.1155730 0.0149264 
94280_St_Joe                   0.0218786 0.0218786 0.0186931 0.0177007 0.0000010 0.1000903 0.0000010 0.0218786 0.0282662 0.0000010 0.0000000 0.0347155 0.0285350 0.0250846 0.0924505 0.0513338 0.0061351 
GCA016432855_Lake_Trout        0.0379955 0.0379955 0.0347155 0.0322119 0.0347155 0.2481282 0.0347155 0.0379955 0.0445459 0.0715159 0.0347155 0.0000000 0.0449753 0.0412970 0.1030664 0.0547252 0.0411596 
GCA036784925_Maine_S_alpinus   0.0125605 0.0125605 0.0221225 0.0179242 0.0285350 0.0494308 0.0285350 0.0253653 0.0125399 0.0469074 0.0285350 0.0449753 0.0000000 0.0031202 0.1114100 0.0620735 0.0349889 
GCA045679555_Iceland_A_alpinus 0.0093178 0.0093178 0.0187543 0.0141614 0.0250846 0.0494308 0.0250846 0.0219506 0.0093027 0.0469074 0.0250846 0.0412970 0.0031202 0.0000000 0.1067642 0.0581389 0.0314570 
GCF013265735_Rainbow_Trout     0.1030664 0.1030664 0.0993946 0.1101369 0.0924505 1.0785036 0.0924505 0.1030664 0.1102914 0.1916879 0.0924505 0.1030664 0.1114100 0.1067642 0.0000000 0.1290488 0.0993946 
GCF029448725_Brook_Trout       0.0547252 0.0547252 0.0513338 0.0549082 0.0513338 0.4559819 0.0513338 0.0547252 0.0614707 0.1155730 0.0513338 0.0547252 0.0620735 0.0581389 0.1290488 0.0000000 0.0579416 
Methow_River_99895             0.0282197 0.0282197 0.0250033 0.0248701 0.0061921 0.1541164 0.0061351 0.0282197 0.0346581 0.0149264 0.0061351 0.0411596 0.0349889 0.0314570 0.0993946 0.0579416 0.0000000 
