18
251140_Ward_Creek              0.0000000 0.0031844 0.0031844 0.0063789 0.0031946 0.0032144 0.0162033 0.0120435 0.0192887 0.0032144 0.0124709 0.0194128 0.0162033 0.0194766 0.0064406 0.0124709 0.0852623 0.0327751 
260512_Pybus_Point             0.0031844 0.0000000 0.0000010 0.0031796 0.0000010 0.0000010 0.0129223 0.0243743 0.0160238 0.0000010 0.0082805 0.0154717 0.0129223 0.0161784 0.0032094 0.0082805 0.0815763 0.0294035 
261935_Kenai_River             0.0031844 0.0000010 0.0000000 0.0031796 0.0000010 0.0000010 0.0129223 0.0243743 0.0160238 0.0000010 0.0082805 0.0154717 0.0129223 0.0161784 0.0032094 0.0082805 0.0815763 0.0294035 
353213_Cropley_Lake            0.0063789 0.0031796 0.0031796 0.0000000 0.0031898 0.0032094 0.0161784 0.0367867 0.0192593 0.0032094 0.0124464 0.0193772 0.0161784 0.0194466 0.0064307 0.0124464 0.0780413 0.0327241 
353220_Fish_Creek              0.0031946 0.0000010 0.0000010 0.0031898 0.0000000 0.0000010 0.0129643 0.0243743 0.0160753 0.0000010 0.0083149 0.0155319 0.0129643 0.0162311 0.0032200 0.0083149 0.0818547 0.0294999 
353246_Cottonwood_Creek        0.0032144 0.0000010 0.0000010 0.0032094 0.0000010 0.0000000 0.0100108 0.0252989 0.0161784 0.0000010 0.0083846 0.0114765 0.0100108 0.0151874 0.0024906 0.0083846 0.0684653 0.0255026 
353379_Skagit_River            0.0162033 0.0129223 0.0129223 0.0161784 0.0129643 0.0100108 0.0000000 0.0783774 0.0032094 0.0100108 0.0168733 0.0000010 0.0000010 0.0100867 0.0074990 0.0168733 0.0683793 0.0203256 
353381_Dungeness_River         0.0120435 0.0243743 0.0243743 0.0367867 0.0243743 0.0252989 0.0783774 0.0000000 0.0754200 0.0252989 0.0496461 0.2356725 0.0783774 0.0920549 0.0381919 0.0496461 0.3872197 0.1065989 
353401_Peace_River             0.0192887 0.0160238 0.0160238 0.0192593 0.0160753 0.0161784 0.0032094 0.0754200 0.0000000 0.0161784 0.0208716 0.0038386 0.0032094 0.0129025 0.0129223 0.0208716 0.0849845 0.0260534 
353407_Noatok                  0.0032144 0.0000010 0.0000010 0.0032094 0.0000010 0.0000010 0.0100108 0.0252989 0.0161784 0.0000000 0.0083846 0.0114765 0.0100108 0.0151874 0.0024906 0.0083846 0.0684653 0.0255026 
353410_Horizon_Lake            0.0124709 0.0082805 0.0082805 0.0124464 0.0083149 0.0083846 0.0168733 0.0496461 0.0208716 0.0083846 0.0000000 0.0160400 0.0168733 0.0211357 0.0041836 0.0082967 0.1082747 0.0341724 
92319_Little_Lost              0.0194128 0.0154717 0.0154717 0.0193772 0.0155319 0.0114765 0.0000010 0.2356725 0.0038386 0.0114765 0.0160400 0.0000000 0.0000010 0.0115761 0.0085951 0.0214986 0.0724677 0.0233516 
94280_St_Joe                   0.0162033 0.0129223 0.0129223 0.0161784 0.0129643 0.0100108 0.0000010 0.0783774 0.0032094 0.0100108 0.0168733 0.0000010 0.0000000 0.0100867 0.0074990 0.0168733 0.0683793 0.0203256 
GCA016432855_Lake_Trout        0.0194766 0.0161784 0.0161784 0.0194466 0.0162311 0.0151874 0.0100867 0.0920549 0.0129025 0.0151874 0.0211357 0.0115761 0.0100867 0.0000000 0.0126402 0.0211357 0.0682934 0.0203012 
GCA036784925_Maine_S_alpinus   0.0064406 0.0032094 0.0032094 0.0064307 0.0032200 0.0024906 0.0074990 0.0381919 0.0129223 0.0024906 0.0041836 0.0085951 0.0074990 0.0126402 0.0000000 0.0041836 0.0657439 0.0229231 
GCA045679555_Iceland_A_alpinus 0.0124709 0.0082805 0.0082805 0.0124464 0.0083149 0.0083846 0.0168733 0.0496461 0.0208716 0.0083846 0.0082967 0.0214986 0.0168733 0.0211357 0.0041836 0.0000000 0.1082747 0.0341724 
GCF013265735_Rainbow_Trout     0.0852623 0.0815763 0.0815763 0.0780413 0.0818547 0.0684653 0.0683793 0.3872197 0.0849845 0.0684653 0.1082747 0.0724677 0.0683793 0.0682934 0.0657439 0.1082747 0.0000000 0.0794245 
GCF029448725_Brook_Trout       0.0327751 0.0294035 0.0294035 0.0327241 0.0294999 0.0255026 0.0203256 0.1065989 0.0260534 0.0255026 0.0341724 0.0233516 0.0203256 0.0203012 0.0229231 0.0341724 0.0794245 0.0000000 
