16
251140_Ward_Creek            0.0000000 0.0234933 0.0234933 0.0246773 0.0728999 0.0728999 0.6545280 0.5837119 0.6987479 1.7387811 0.6545280 0.1829640 0.0994684 2.2374965 0.2145453 0.6987479 
260512_Pybus_Point           0.0234933 0.0000000 0.0000010 0.0000010 0.0480211 0.0480211 0.6109551 0.5309713 0.6545280 1.6763014 0.6109551 0.1548180 0.0736820 2.2368232 0.1811469 0.6545280 
261935_Kenai_River           0.0234933 0.0000010 0.0000000 0.0000010 0.0480211 0.0480211 0.6109551 0.5309713 0.6545280 1.6763014 0.6109551 0.1548180 0.0736820 2.2368232 0.1811469 0.6545280 
353219_Peterson_Creek        0.0246773 0.0000010 0.0000010 0.0000000 0.0246773 0.0246773 0.5956312 0.5815824 0.6401604 1.6628470 0.5956312 0.1327225 0.0504982 2.2188308 0.1560123 0.6401604 
353220_Fish_Creek            0.0728999 0.0480211 0.0480211 0.0246773 0.0000000 0.0000010 0.5149289 0.6594192 0.5552888 1.3413447 0.5149289 0.0994684 0.0237256 2.0385996 0.1466528 0.5552888 
353246_Cottonwood_Creek      0.0728999 0.0480211 0.0480211 0.0246773 0.0000010 0.0000000 0.5149289 0.6594192 0.5552888 1.3413447 0.5149289 0.0994684 0.0237256 2.0385996 0.1466528 0.5552888 
353379_Skagit_River          0.6545280 0.6109551 0.6109551 0.5956312 0.5149289 0.5149289 0.0000000 2.7095501 0.0721354 0.0862453 0.0475346 0.5964416 0.4660231 3.1450298 0.7862266 0.0721354 
353381_Dungeness_River       0.5837119 0.5309713 0.5309713 0.5815824 0.6594192 0.6594192 2.7095501 0.0000000 2.6062799 8.9999990 2.6511216 0.9920918 0.7463718 3.4452946 1.4512312 2.6062799 
353401_Peace_River           0.6987479 0.6545280 0.6545280 0.6401604 0.5552888 0.5552888 0.0721354 2.6062799 0.0000000 0.0422388 0.0234933 0.6382768 0.5042413 3.0771797 0.8384881 0.0000010 
92319_Little_Lost            1.7387811 1.6763014 1.6763014 1.6628470 1.3413447 1.3413447 0.0862453 8.9999990 0.0422388 0.0000000 0.0000010 1.5041090 1.1383721 6.1988050 2.1887812 0.0422388 
94280_St_Joe                 0.6545280 0.6109551 0.6109551 0.5956312 0.5149289 0.5149289 0.0475346 2.6511216 0.0234933 0.0000010 0.0000000 0.5964416 0.4660231 3.1450298 0.7862266 0.0234933 
GCA016432855_Lake_Trout      0.1829640 0.1548180 0.1548180 0.1327225 0.0994684 0.0994684 0.5964416 0.9920918 0.6382768 1.5041090 0.5964416 0.0000000 0.0728999 2.0669080 0.0555091 0.6382768 
GCA036784925_Maine_S_alpinus 0.0994684 0.0736820 0.0736820 0.0504982 0.0237256 0.0237256 0.4660231 0.7463718 0.5042413 1.1383721 0.4660231 0.0728999 0.0000000 1.8631176 0.1141412 0.5042413 
GCF013265735_Rainbow_Trout   2.2374965 2.2368232 2.2368232 2.2188308 2.0385996 2.0385996 3.1450298 3.4452946 3.0771797 6.1988050 3.1450298 2.0669080 1.8631176 0.0000000 2.5071121 3.0771797 
GCF029448725_Brook_Trout     0.2145453 0.1811469 0.1811469 0.1560123 0.1466528 0.1466528 0.7862266 1.4512312 0.8384881 2.1887812 0.7862266 0.0555091 0.1141412 2.5071121 0.0000000 0.8384881 
Methow_River_99895           0.6987479 0.6545280 0.6545280 0.6401604 0.5552888 0.5552888 0.0721354 2.6062799 0.0000010 0.0422388 0.0234933 0.6382768 0.5042413 3.0771797 0.8384881 0.0000000 
