15
251140_Ward_Creek              0.0000000 0.0000010 0.0217213 0.0273706 0.0064828 0.0216867 0.0218000 0.0162540 0.0273706 0.0053930 0.0107550 0.0107550 0.1740521 0.0275138 0.0553440 
260512_Pybus_Point             0.0000010 0.0000000 0.0217213 0.0273706 0.0064828 0.0216867 0.0218000 0.0162540 0.0273706 0.0053930 0.0107550 0.0107550 0.1740521 0.0275138 0.0553440 
261935_Kenai_River             0.0217213 0.0217213 0.0000000 0.0499936 0.0329848 0.0440057 0.0442404 0.0053493 0.0499936 0.0273574 0.0216873 0.0216873 0.2013093 0.0502619 0.1149247 
353379_Skagit_River            0.0273706 0.0273706 0.0499936 0.0000000 0.0399722 0.0162104 0.0501791 0.0443348 0.0000010 0.0330954 0.0384962 0.0384962 0.2093307 0.0563103 0.0000010 
353381_Dungeness_River         0.0064828 0.0064828 0.0329848 0.0399722 0.0000000 0.0329209 0.0331297 0.0263138 0.0399722 0.0130829 0.0195565 0.0195565 0.2154773 0.0402288 0.1262006 
353401_Peace_River             0.0216867 0.0216867 0.0440057 0.0162104 0.0329209 0.0000000 0.0441671 0.0384159 0.0162104 0.0273126 0.0326791 0.0326791 0.2009093 0.0501774 0.0133187 
353407_Noatok                  0.0218000 0.0218000 0.0442404 0.0501791 0.0331297 0.0441671 0.0000000 0.0386199 0.0501791 0.0274568 0.0328509 0.0328509 0.2021668 0.0504494 0.1009348 
353410_Horizon_Lake            0.0162540 0.0162540 0.0053493 0.0443348 0.0263138 0.0384159 0.0386199 0.0000000 0.0443348 0.0218352 0.0162285 0.0162285 0.1947124 0.0445715 0.0999546 
92319_Little_Lost              0.0273706 0.0273706 0.0499936 0.0000010 0.0399722 0.0162104 0.0501791 0.0443348 0.0000000 0.0330954 0.0384962 0.0384962 0.2093307 0.0563103 0.0000010 
GCA016432855_Lake_Trout        0.0053930 0.0053930 0.0273574 0.0330954 0.0130829 0.0273126 0.0274568 0.0218352 0.0330954 0.0000000 0.0162535 0.0162535 0.1666160 0.0218445 0.0705418 
GCA036784925_Maine_S_alpinus   0.0107550 0.0107550 0.0216873 0.0384962 0.0195565 0.0326791 0.0328509 0.0162285 0.0384962 0.0162535 0.0000000 0.0000010 0.1869887 0.0386997 0.0839887 
GCA045679555_Iceland_A_alpinus 0.0107550 0.0107550 0.0216873 0.0384962 0.0195565 0.0326791 0.0328509 0.0162285 0.0384962 0.0162535 0.0000010 0.0000000 0.1869887 0.0386997 0.0839887 
GCF013265735_Rainbow_Trout     0.1740521 0.1740521 0.2013093 0.2093307 0.2154773 0.2009093 0.2021668 0.1947124 0.2093307 0.1666160 0.1869887 0.1869887 0.0000000 0.1947760 0.6355897 
GCF029448725_Brook_Trout       0.0275138 0.0275138 0.0502619 0.0563103 0.0402288 0.0501774 0.0504494 0.0445715 0.0563103 0.0218445 0.0386997 0.0386997 0.1947760 0.0000000 0.1340593 
Methow_River_99895             0.0553440 0.0553440 0.1149247 0.0000010 0.1262006 0.0133187 0.1009348 0.0999546 0.0000010 0.0705418 0.0839887 0.0839887 0.6355897 0.1340593 0.0000000 
