17
251140_Ward_Creek              0.0000000 0.0813081 0.0000010 0.0020261 0.0061203 0.0081886 0.0040661 0.0124137 0.0149584 0.0081886 0.0142856 0.0020261 0.0081886 0.0325491 0.0040661 0.1118328 0.0339223 
260512_Pybus_Point             0.0813081 0.0000000 0.0813081 0.0846947 0.0906548 0.0936731 0.0876624 0.1003737 0.1205379 0.0936731 0.1182002 0.0846947 0.0936731 0.0693545 0.0876624 0.1531460 0.2665949 
261935_Kenai_River             0.0000010 0.0813081 0.0000000 0.0020261 0.0061203 0.0081886 0.0040661 0.0124137 0.0149584 0.0081886 0.0142856 0.0020261 0.0081886 0.0325491 0.0040661 0.1118328 0.0339223 
353213_Cropley_Lake            0.0020261 0.0846947 0.0020261 0.0000000 0.0040517 0.0060984 0.0020190 0.0102712 0.0123586 0.0060984 0.0113161 0.0000010 0.0060984 0.0301471 0.0020190 0.1082537 0.0297587 
353219_Peterson_Creek          0.0061203 0.0906548 0.0061203 0.0040517 0.0000000 0.0020190 0.0020190 0.0144790 0.0073537 0.0102338 0.0142126 0.0040517 0.0102338 0.0347028 0.0060984 0.1141598 0.0376548 
353220_Fish_Creek              0.0081886 0.0936731 0.0081886 0.0060984 0.0020190 0.0000000 0.0040517 0.0166059 0.0098453 0.0123225 0.0171366 0.0060984 0.0123225 0.0370045 0.0081591 0.1171411 0.0416730 
353246_Cottonwood_Creek        0.0040661 0.0876624 0.0040661 0.0020190 0.0020190 0.0040517 0.0000000 0.0123679 0.0098453 0.0081591 0.0142126 0.0020190 0.0081591 0.0324170 0.0040517 0.1111973 0.0336825 
353379_Skagit_River            0.0124137 0.1003737 0.0124137 0.0102712 0.0144790 0.0166059 0.0123679 0.0000000 0.0201119 0.0040661 0.0084890 0.0102712 0.0040661 0.0280047 0.0123679 0.1059203 0.0260583 
353381_Dungeness_River         0.0149584 0.1205379 0.0149584 0.0123586 0.0073537 0.0098453 0.0098453 0.0201119 0.0000000 0.0148917 0.0185451 0.0123586 0.0148917 0.0452847 0.0148917 0.1203903 0.0610502 
353401_Peace_River             0.0081886 0.0936731 0.0081886 0.0060984 0.0102338 0.0123225 0.0081591 0.0040661 0.0148917 0.0000000 0.0056044 0.0060984 0.0000010 0.0234324 0.0081591 0.0995393 0.0182616 
353407_Noatok                  0.0142856 0.1182002 0.0142856 0.0113161 0.0142126 0.0171366 0.0142126 0.0084890 0.0185451 0.0056044 0.0000000 0.0113161 0.0056044 0.0201938 0.0084467 0.1244035 0.0443537 
353410_Horizon_Lake            0.0020261 0.0846947 0.0020261 0.0000010 0.0040517 0.0060984 0.0020190 0.0102712 0.0123586 0.0060984 0.0113161 0.0000000 0.0060984 0.0301471 0.0020190 0.1082537 0.0297587 
92319_Little_Lost              0.0081886 0.0936731 0.0081886 0.0060984 0.0102338 0.0123225 0.0081591 0.0040661 0.0148917 0.0000010 0.0056044 0.0060984 0.0000000 0.0234324 0.0081591 0.0995393 0.0182616 
GCA016432855_Lake_Trout        0.0325491 0.0693545 0.0325491 0.0301471 0.0347028 0.0370045 0.0324170 0.0280047 0.0452847 0.0234324 0.0201938 0.0301471 0.0234324 0.0000000 0.0324170 0.0835733 0.0557109 
GCA045679555_Iceland_A_alpinus 0.0040661 0.0876624 0.0040661 0.0020190 0.0060984 0.0081591 0.0040517 0.0123679 0.0148917 0.0081591 0.0084467 0.0020190 0.0081591 0.0324170 0.0000000 0.1111973 0.0336825 
GCF013265735_Rainbow_Trout     0.1118328 0.1531460 0.1118328 0.1082537 0.1141598 0.1171411 0.1111973 0.1059203 0.1203903 0.0995393 0.1244035 0.1082537 0.0995393 0.0835733 0.1111973 0.0000000 0.2244510 
GCF029448725_Brook_Trout       0.0339223 0.2665949 0.0339223 0.0297587 0.0376548 0.0416730 0.0336825 0.0260583 0.0610502 0.0182616 0.0443537 0.0297587 0.0182616 0.0557109 0.0336825 0.2244510 0.0000000 
