14
251140_Ward_Creek              0.0000000 0.0000010 0.0376646 0.5297802 0.1223406 0.5160448 0.2635355 0.0506373 0.5160448 0.3782024 0.0440326 0.0440326 1.7143029 0.5966944 
260512_Pybus_Point             0.0000010 0.0000000 0.0376646 0.5297802 0.1223406 0.5160448 0.2635355 0.0506373 0.5160448 0.3782024 0.0440326 0.0440326 1.7143029 0.5966944 
353246_Cottonwood_Creek        0.0376646 0.0376646 0.0000000 0.4993104 0.3038144 0.4861387 0.2440648 0.0248463 0.4861387 0.3744970 0.0185224 0.0185224 1.7481668 0.6265625 
353379_Skagit_River            0.5297802 0.5297802 0.4993104 0.0000000 2.8941499 0.0066049 0.4774825 0.5252110 0.0066049 0.4407824 0.5097035 0.5097035 1.1960389 0.1856663 
353381_Dungeness_River         0.1223406 0.1223406 0.3038144 2.8941499 0.0000000 2.7820023 0.7343137 0.3370539 2.7820023 1.9679799 0.3339958 0.3339958 4.0383597 2.7290072 
353401_Peace_River             0.5160448 0.5160448 0.4861387 0.0066049 2.7820023 0.0000000 0.4650951 0.5116784 0.0000010 0.4289378 0.4964646 0.4964646 1.1719956 0.1773161 
353407_Noatok                  0.2635355 0.2635355 0.2440648 0.4774825 0.7343137 0.4650951 0.0000000 0.2532540 0.4650951 0.1454212 0.2522545 0.2522545 1.5352746 0.5857551 
353410_Horizon_Lake            0.0506373 0.0506373 0.0248463 0.5252110 0.3370539 0.5116784 0.2532540 0.0000000 0.5116784 0.3854941 0.0311215 0.0311215 1.7849100 0.6557181 
92319_Little_Lost              0.5160448 0.5160448 0.4861387 0.0066049 2.7820023 0.0000010 0.4650951 0.5116784 0.0000000 0.4289378 0.4964646 0.4964646 1.1719956 0.1773161 
GCA016432855_Lake_Trout        0.3782024 0.3782024 0.3744970 0.4407824 1.9679799 0.4289378 0.1454212 0.3854941 0.4289378 0.0000000 0.3836097 0.3836097 1.8622361 0.5314068 
GCA036784925_Maine_S_alpinus   0.0440326 0.0440326 0.0185224 0.5097035 0.3339958 0.4964646 0.2522545 0.0311215 0.4964646 0.3836097 0.0000000 0.0000010 1.7411420 0.6373535 
GCA045679555_Iceland_A_alpinus 0.0440326 0.0440326 0.0185224 0.5097035 0.3339958 0.4964646 0.2522545 0.0311215 0.4964646 0.3836097 0.0000010 0.0000000 1.7411420 0.6373535 
GCF013265735_Rainbow_Trout     1.7143029 1.7143029 1.7481668 1.1960389 4.0383597 1.1719956 1.5352746 1.7849100 1.1719956 1.8622361 1.7411420 1.7411420 0.0000000 1.1521782 
GCF029448725_Brook_Trout       0.5966944 0.5966944 0.6265625 0.1856663 2.7290072 0.1773161 0.5857551 0.6557181 0.1773161 0.5314068 0.6373535 0.6373535 1.1521782 0.0000000 
