18
251140_Ward_Creek              0.0000000 0.0028922 0.0087043 0.0028922 0.0043418 0.0391668 0.0213906 0.0389044 0.0147137 0.0087044 0.0611915 0.0396262 0.0236766 0.0101620 0.0101620 0.1302559 0.0334136 0.0373797 
260512_Pybus_Point             0.0028922 0.0000000 0.0057945 0.0000010 0.0014453 0.0351847 0.0183083 0.0358607 0.0117546 0.0057946 0.0557306 0.0365249 0.0206881 0.0072480 0.0072480 0.1261235 0.0303323 0.0343405 
261935_Kenai_River             0.0087043 0.0057945 0.0000000 0.0057945 0.0043430 0.0312181 0.0244924 0.0326794 0.0087257 0.0028684 0.0499012 0.0334335 0.0176298 0.0043054 0.0043054 0.1213032 0.0270138 0.0311700 
353213_Cropley_Lake            0.0028922 0.0000010 0.0057945 0.0000000 0.0014453 0.0351847 0.0183083 0.0358607 0.0117546 0.0057946 0.0557306 0.0365249 0.0206881 0.0072480 0.0072480 0.1261235 0.0303323 0.0343405 
353246_Cottonwood_Creek        0.0043418 0.0014453 0.0043430 0.0014453 0.0000000 0.0331995 0.0198512 0.0343424 0.0102783 0.0043431 0.0530111 0.0349781 0.0191971 0.0057946 0.0057946 0.1240637 0.0287952 0.0328237 
353379_Skagit_River            0.0391668 0.0351847 0.0312181 0.0351847 0.0331995 0.0000000 0.0612705 0.0116782 0.0397745 0.0292402 0.0181580 0.0119614 0.0458827 0.0312181 0.0312181 0.2146177 0.0578025 0.0097224 
353381_Dungeness_River         0.0213906 0.0183083 0.0244924 0.0183083 0.0198512 0.0612705 0.0000000 0.0569474 0.0310767 0.0244928 0.0971438 0.0479656 0.0406453 0.0260424 0.0260424 0.1468648 0.0414187 0.0553212 
353401_Peace_River             0.0389044 0.0358607 0.0326794 0.0358607 0.0343424 0.0116782 0.0569474 0.0000000 0.0266267 0.0326800 0.0025384 0.0029725 0.0326417 0.0341893 0.0341893 0.1402207 0.0426430 0.0014526 
353407_Noatok                  0.0147137 0.0117546 0.0087257 0.0117546 0.0102783 0.0397745 0.0310767 0.0266267 0.0000000 0.0087259 0.0391093 0.0272386 0.0117052 0.0101882 0.0101882 0.1129697 0.0209225 0.0251287 
353410_Horizon_Lake            0.0087044 0.0057946 0.0028684 0.0057946 0.0043431 0.0292402 0.0244928 0.0326800 0.0087259 0.0000000 0.0499024 0.0334340 0.0176302 0.0014332 0.0014332 0.1213038 0.0270143 0.0311705 
92319_Little_Lost              0.0611915 0.0557306 0.0499012 0.0557306 0.0530111 0.0181580 0.0971438 0.0025384 0.0391093 0.0499024 0.0000000 0.0026406 0.0497988 0.0525933 0.0525933 0.2436299 0.0657307 0.0000010 
94280_St_Joe                   0.0396262 0.0365249 0.0334335 0.0365249 0.0349781 0.0119614 0.0479656 0.0029725 0.0272386 0.0334340 0.0026406 0.0000000 0.0333940 0.0349787 0.0349787 0.1413181 0.0428376 0.0014852 
GCA016432855_Lake_Trout        0.0236766 0.0206881 0.0176298 0.0206881 0.0191971 0.0458827 0.0406453 0.0326417 0.0117052 0.0176302 0.0497988 0.0333940 0.0000000 0.0191124 0.0191124 0.1191677 0.0210173 0.0311340 
GCA036784925_Maine_S_alpinus   0.0101620 0.0072480 0.0043054 0.0072480 0.0057946 0.0312181 0.0260424 0.0341893 0.0101882 0.0014332 0.0525933 0.0349787 0.0191124 0.0000000 0.0000010 0.1233470 0.0285352 0.0326782 
GCA045679555_Iceland_A_alpinus 0.0101620 0.0072480 0.0043054 0.0072480 0.0057946 0.0312181 0.0260424 0.0341893 0.0101882 0.0014332 0.0525933 0.0349787 0.0191124 0.0000010 0.0000000 0.1233470 0.0285352 0.0326782 
GCF013265735_Rainbow_Trout     0.1302559 0.1261235 0.1213032 0.1261235 0.1240637 0.2146177 0.1468648 0.1402207 0.1129697 0.1213038 0.2436299 0.1413181 0.1191677 0.1233470 0.1233470 0.0000000 0.1279514 0.1381310 
GCF029448725_Brook_Trout       0.0334136 0.0303323 0.0270138 0.0303323 0.0287952 0.0578025 0.0414187 0.0426430 0.0209225 0.0270143 0.0657307 0.0428376 0.0210173 0.0285352 0.0285352 0.1279514 0.0000000 0.0410883 
Methow_River_99895             0.0373797 0.0343405 0.0311700 0.0343405 0.0328237 0.0097224 0.0553212 0.0014526 0.0251287 0.0311705 0.0000010 0.0014852 0.0311340 0.0326782 0.0326782 0.1381310 0.0410883 0.0000000 
