17
251140_Ward_Creek            0.0000000 0.0000010 0.0761795 0.0062177 0.0720910 0.1093823 0.8471141 0.0999953 0.0722282 0.0156473 0.6248103 0.2067711 1.1799014 0.0156473 1.3939635 1.7041449 0.2067711 
260512_Pybus_Point           0.0000010 0.0000000 0.0761795 0.0062177 0.0720910 0.1093823 0.8471141 0.0999953 0.0722282 0.0156473 0.6248103 0.2067711 1.1799014 0.0156473 1.3939635 1.7041449 0.2067711 
261935_Kenai_River           0.0761795 0.0761795 0.0000000 0.0692282 0.0221411 0.0543422 1.4621895 0.0482250 0.0157337 0.0866775 0.5165279 0.1473853 1.4614217 0.0866775 1.2213191 2.0642603 0.1473853 
353213_Cropley_Lake          0.0062177 0.0062177 0.0692282 0.0000000 0.0789816 0.1169796 0.8852004 0.1071292 0.0791333 0.0219957 0.6396455 0.2149299 1.2025138 0.0219957 1.4149011 1.7305539 0.2149299 
353246_Cottonwood_Creek      0.0720910 0.0720910 0.0221411 0.0789816 0.0000000 0.0503940 1.3887847 0.0445487 0.0188210 0.0824471 0.4909611 0.1423425 1.4162635 0.0824471 1.1768284 1.9905857 0.1423425 
353379_Skagit_River          0.1093823 0.1093823 0.0543422 0.1169796 0.0503940 0.0000000 1.4640442 0.0032708 0.0504909 0.1208008 0.4596651 0.1011882 1.6050832 0.1208008 1.2757461 2.2247251 0.1011882 
353381_Dungeness_River       0.8471141 0.8471141 1.4621895 0.8852004 1.3887847 1.4640442 0.0000000 1.4519791 1.3474278 0.9133558 2.7123822 0.7418036 4.9812976 0.9133558 3.9487778 6.5951983 0.7418036 
353401_Peace_River           0.0999953 0.0999953 0.0482250 0.1071292 0.0445487 0.0032708 1.4519791 0.0000000 0.0446296 0.1107164 0.4204295 0.0923498 1.4540996 0.1107164 1.2165187 2.0454530 0.0923498 
353407_Noatok                0.0722282 0.0722282 0.0157337 0.0791333 0.0188210 0.0504909 1.3474278 0.0446296 0.0000000 0.0757243 0.5046487 0.1426364 1.4226715 0.0757243 1.1951931 2.0239286 0.1426364 
353410_Horizon_Lake          0.0156473 0.0156473 0.0866775 0.0219957 0.0824471 0.1208008 0.9133558 0.1107164 0.0757243 0.0000000 0.6303878 0.2190264 1.1961975 0.0000010 1.4242360 1.7284016 0.2190264 
92319_Little_Lost            0.6248103 0.6248103 0.5165279 0.6396455 0.4909611 0.4596651 2.7123822 0.4204295 0.5046487 0.6303878 0.0000000 0.2530827 1.9021350 0.6303878 1.0832057 2.4211264 0.2530827 
94280_St_Joe                 0.2067711 0.2067711 0.1473853 0.2149299 0.1423425 0.1011882 0.7418036 0.0923498 0.1426364 0.2190264 0.2530827 0.0000000 1.0205024 0.2190264 0.9193016 1.5140340 0.0000010 
GCA016432855_Lake_Trout      1.1799014 1.1799014 1.4614217 1.2025138 1.4162635 1.6050832 4.9812976 1.4540996 1.4226715 1.1961975 1.9021350 1.0205024 0.0000000 1.1961975 2.1102551 0.1399711 1.0205024 
GCA036784925_Maine_S_alpinus 0.0156473 0.0156473 0.0866775 0.0219957 0.0824471 0.1208008 0.9133558 0.1107164 0.0757243 0.0000010 0.6303878 0.2190264 1.1961975 0.0000000 1.4242360 1.7284016 0.2190264 
GCF013265735_Rainbow_Trout   1.3939635 1.3939635 1.2213191 1.4149011 1.1768284 1.2757461 3.9487778 1.2165187 1.1951931 1.4242360 1.0832057 0.9193016 2.1102551 1.4242360 0.0000000 2.5291023 0.9193016 
GCF029448725_Brook_Trout     1.7041449 1.7041449 2.0642603 1.7305539 1.9905857 2.2247251 6.5951983 2.0454530 2.0239286 1.7284016 2.4211264 1.5140340 0.1399711 1.7284016 2.5291023 0.0000000 1.5140340 
Methow_River_99895           0.2067711 0.2067711 0.1473853 0.2149299 0.1423425 0.1011882 0.7418036 0.0923498 0.1426364 0.2190264 0.2530827 0.0000010 1.0205024 0.2190264 0.9193016 1.5140340 0.0000000 
