14
251140_Ward_Creek              0.0000000 0.0043333 0.0000010 0.0527078 0.2631847 0.0264275 0.0282647 0.0309006 0.0264275 0.0286925 0.4412090 0.0286616 0.0631987 0.0367318 
260512_Pybus_Point             0.0043333 0.0000000 0.0043333 0.0527078 0.2700673 0.0309339 0.0234706 0.0354319 0.0309339 0.0286616 0.4465240 0.0331804 0.0631287 0.0414660 
261935_Kenai_River             0.0000010 0.0043333 0.0000000 0.0527078 0.2631847 0.0264275 0.0282647 0.0309006 0.0264275 0.0286925 0.4412090 0.0286616 0.0631987 0.0367318 
353379_Skagit_River            0.0527078 0.0527078 0.0527078 0.0000000 0.4612278 0.0211792 0.0774178 0.0273140 0.0211792 0.0365860 0.7373048 0.0242414 0.0883442 0.0502342 
353381_Dungeness_River         0.2631847 0.2700673 0.2631847 0.4612278 0.0000000 0.3054845 0.2655803 0.3088884 0.3054845 0.3093556 1.0373429 0.3054845 0.3569759 0.3115014 
353401_Peace_River             0.0264275 0.0309339 0.0264275 0.0211792 0.3054845 0.0000000 0.0528118 0.0086761 0.0000010 0.0196499 0.4531182 0.0065001 0.0513914 0.0272395 
353407_Noatok                  0.0282647 0.0234706 0.0282647 0.0774178 0.2655803 0.0528118 0.0000000 0.0577535 0.0528118 0.0552145 0.4745100 0.0552796 0.0908077 0.0679526 
353410_Horizon_Lake            0.0309006 0.0354319 0.0309006 0.0273140 0.3088884 0.0086761 0.0577535 0.0000000 0.0086761 0.0240692 0.4664282 0.0021620 0.0606034 0.0318521 
92319_Little_Lost              0.0264275 0.0309339 0.0264275 0.0211792 0.3054845 0.0000010 0.0528118 0.0086761 0.0000000 0.0196499 0.4531182 0.0065001 0.0513914 0.0272395 
GCA016432855_Lake_Trout        0.0286925 0.0286616 0.0286925 0.0365860 0.3093556 0.0196499 0.0552145 0.0240692 0.0196499 0.0000000 0.4518378 0.0218571 0.0582284 0.0249688 
GCA036784925_Maine_S_alpinus   0.4412090 0.4465240 0.4412090 0.7373048 1.0373429 0.4531182 0.4745100 0.4664282 0.4531182 0.4518378 0.0000000 0.4597528 0.4544068 0.4841052 
GCA045679555_Iceland_A_alpinus 0.0286616 0.0331804 0.0286616 0.0242414 0.3054845 0.0065001 0.0552796 0.0021620 0.0065001 0.0218571 0.4597528 0.0000000 0.0582925 0.0295432 
GCF013265735_Rainbow_Trout     0.0631987 0.0631287 0.0631987 0.0883442 0.3569759 0.0513914 0.0908077 0.0606034 0.0513914 0.0582284 0.4544068 0.0582925 0.0000000 0.0725984 
GCF029448725_Brook_Trout       0.0367318 0.0414660 0.0367318 0.0502342 0.3115014 0.0272395 0.0679526 0.0318521 0.0272395 0.0249688 0.4841052 0.0295432 0.0725984 0.0000000 
