11
251140_Ward_Creek          0.0000000 0.0278860 0.0278860 0.0000010 0.0878051 0.2233759 0.2233759 0.0566212 0.1189735 1.4429841 0.1511768 
260512_Pybus_Point         0.0278860 0.0000000 0.0000010 0.0278860 0.0566212 0.1844694 0.1844694 0.0274210 0.0862488 1.3025319 0.1168146 
261935_Kenai_River         0.0278860 0.0000010 0.0000000 0.0278860 0.0566212 0.1844694 0.1844694 0.0274210 0.0862488 1.3025319 0.1168146 
353219_Peterson_Creek      0.0000010 0.0278860 0.0278860 0.0000000 0.0878051 0.2233759 0.2233759 0.0566212 0.1189735 1.4429841 0.1511768 
353246_Cottonwood_Creek    0.0878051 0.0566212 0.0566212 0.0878051 0.0000000 0.2598948 0.2598948 0.0278860 0.1511768 1.5212059 0.1844694 
353379_Skagit_River        0.2233759 0.1844694 0.1844694 0.2233759 0.2598948 0.0000000 0.0000010 0.2189079 0.2233759 1.7608318 0.2598948 
353401_Peace_River         0.2233759 0.1844694 0.1844694 0.2233759 0.2598948 0.0000010 0.0000000 0.2189079 0.2233759 1.7608318 0.2598948 
353407_Noatok              0.0566212 0.0274210 0.0274210 0.0566212 0.0278860 0.2189079 0.2189079 0.0000000 0.1168146 1.3771363 0.1483661 
GCA016432855_Lake_Trout    0.1189735 0.0862488 0.0862488 0.1189735 0.1511768 0.2233759 0.2233759 0.1168146 0.0000000 1.4429841 0.0878051 
GCF013265735_Rainbow_Trout 1.4429841 1.3025319 1.3025319 1.4429841 1.5212059 1.7608318 1.7608318 1.3771363 1.4429841 0.0000000 1.5212059 
GCF029448725_Brook_Trout   0.1511768 0.1168146 0.1168146 0.1511768 0.1844694 0.2598948 0.2598948 0.1483661 0.0878051 1.5212059 0.0000000 
