18
251140_Ward_Creek              0.0000000 0.0046387 0.0856733 0.0784303 0.0259168 0.0477241 0.0707509 0.1376010 0.2169836 0.1376505 0.0744086 0.0761944 0.1376505 0.1226601 0.0400801 0.0355951 0.5517069 0.1618084 
260512_Pybus_Point             0.0046387 0.0000000 0.0888566 0.0725219 0.0193441 0.0379082 0.0654486 0.1329167 0.2030246 0.1310850 0.0688176 0.0708439 0.1310850 0.1168519 0.0349391 0.0303942 0.5406624 0.1557702 
261935_Kenai_River             0.0856733 0.0888566 0.0000000 0.1135384 0.0926561 0.1373362 0.0941726 0.1702476 0.6296704 0.1686267 0.1061383 0.0997874 0.1686267 0.1053831 0.0762303 0.0722215 0.6148152 0.1486953 
353213_Cropley_Lake            0.0784303 0.0725219 0.1135384 0.0000000 0.0565480 0.0599677 0.0109886 0.1123221 0.6374318 0.0990978 0.0500885 0.0065792 0.0990978 0.0943540 0.0599023 0.0414016 0.5069844 0.1242963 
353219_Peterson_Creek          0.0259168 0.0193441 0.0926561 0.0565480 0.0000000 0.0403741 0.0475160 0.1265927 0.4042209 0.1265927 0.0722212 0.0504520 0.1265927 0.1192203 0.0250065 0.0221680 0.5969617 0.1670017 
353220_Fish_Creek              0.0477241 0.0379082 0.1373362 0.0599677 0.0403741 0.0000000 0.0589808 0.1623257 1.0702808 0.1623257 0.0636693 0.0496883 0.1623257 0.1553259 0.0544348 0.0496755 0.9163610 0.2265252 
353246_Cottonwood_Creek        0.0707509 0.0654486 0.0941726 0.0109886 0.0475160 0.0589808 0.0000000 0.1149607 0.4639102 0.1029365 0.0526606 0.0122082 0.1029365 0.0912040 0.0527975 0.0355512 0.4729805 0.1261386 
353379_Skagit_River            0.1376010 0.1329167 0.1702476 0.1123221 0.1265927 0.1623257 0.1149607 0.0000000 0.6256306 0.0021460 0.1113504 0.1054089 0.0021460 0.1201522 0.0949809 0.0966373 0.4593699 0.1464530 
353381_Dungeness_River         0.2169836 0.2030246 0.6296704 0.6374318 0.4042209 1.0702808 0.4639102 0.6256306 0.0000000 0.6256306 0.4952494 0.4747514 0.6256306 0.3332567 0.4377749 0.4271099 2.4161141 0.4568118 
353401_Peace_River             0.1376505 0.1310850 0.1686267 0.0990978 0.1265927 0.1623257 0.1029365 0.0021460 0.6256306 0.0000000 0.1103542 0.0903807 0.0000010 0.1077172 0.0993573 0.0941705 0.4643433 0.1409788 
353407_Noatok                  0.0744086 0.0688176 0.1061383 0.0500885 0.0722212 0.0636693 0.0526606 0.1113504 0.4952494 0.1103542 0.0000000 0.0481709 0.1103542 0.1128821 0.0621249 0.0570785 0.4843227 0.1385354 
353410_Horizon_Lake            0.0761944 0.0708439 0.0997874 0.0065792 0.0504520 0.0496883 0.0122082 0.1054089 0.4747514 0.0903807 0.0481709 0.0000000 0.0903807 0.0865639 0.0572645 0.0378567 0.4654699 0.1163352 
92319_Little_Lost              0.1376505 0.1310850 0.1686267 0.0990978 0.1265927 0.1623257 0.1029365 0.0021460 0.6256306 0.0000010 0.1103542 0.0903807 0.0000000 0.1077172 0.0993573 0.0941705 0.4643433 0.1409788 
GCA016432855_Lake_Trout        0.1226601 0.1168519 0.1053831 0.0943540 0.1192203 0.1553259 0.0912040 0.1201522 0.3332567 0.1077172 0.1128821 0.0865639 0.1077172 0.0000000 0.0999881 0.0838822 0.4494761 0.1006273 
GCA036784925_Maine_S_alpinus   0.0400801 0.0349391 0.0762303 0.0599023 0.0250065 0.0544348 0.0527975 0.0949809 0.4377749 0.0993573 0.0621249 0.0572645 0.0993573 0.0999881 0.0000000 0.0043429 0.4608170 0.1332741 
GCA045679555_Iceland_A_alpinus 0.0355951 0.0303942 0.0722215 0.0414016 0.0221680 0.0496755 0.0355512 0.0966373 0.4271099 0.0941705 0.0570785 0.0378567 0.0941705 0.0838822 0.0043429 0.0000000 0.4597986 0.1241190 
GCF013265735_Rainbow_Trout     0.5517069 0.5406624 0.6148152 0.5069844 0.5969617 0.9163610 0.4729805 0.4593699 2.4161141 0.4643433 0.4843227 0.4654699 0.4643433 0.4494761 0.4608170 0.4597986 0.0000000 0.5160920 
GCF029448725_Brook_Trout       0.1618084 0.1557702 0.1486953 0.1242963 0.1670017 0.2265252 0.1261386 0.1464530 0.4568118 0.1409788 0.1385354 0.1163352 0.1409788 0.1006273 0.1332741 0.1241190 0.5160920 0.0000000 
