16
251140_Ward_Creek              0.0000000 0.0000010 0.0273196 0.0134811 0.0273196 1.1413194 0.1612191 1.1091098 0.4801758 3.2382681 1.1413194 2.4971607 0.4271824 0.4271824 2.2720975 2.4654798 
260512_Pybus_Point             0.0000010 0.0000000 0.0273196 0.0134811 0.0273196 1.1413194 0.1612191 1.1091098 0.4801758 3.2382681 1.1413194 2.4971607 0.4271824 0.4271824 2.2720975 2.4654798 
261935_Kenai_River             0.0273196 0.0273196 0.0000000 0.0412580 0.0000010 1.1003670 0.2148647 1.0695016 0.4730800 3.1295252 1.1003670 2.3852830 0.4214058 0.4214058 2.1928969 2.3598670 
353220_Fish_Creek              0.0134811 0.0134811 0.0412580 0.0000000 0.0412580 1.1722909 0.1863125 1.1413194 0.5041777 3.2382681 1.1722909 2.4654798 0.4499699 0.4499699 2.2596943 2.4374945 
353246_Cottonwood_Creek        0.0273196 0.0273196 0.0000010 0.0412580 0.0000000 1.1003670 0.2148647 1.0695016 0.4730800 3.1295252 1.1003670 2.3852830 0.4214058 0.4214058 2.1928969 2.3598670 
353379_Skagit_River            1.1413194 1.1413194 1.1003670 1.1722909 1.1003670 0.0000000 0.5200408 0.0147625 0.6052691 3.9366066 0.0000010 1.0251258 0.5785407 0.5785407 1.2074688 0.9966287 
353381_Dungeness_River         0.1612191 0.1612191 0.2148647 0.1863125 0.2148647 0.5200408 0.0000000 0.4849803 0.3088517 4.2454250 0.5200408 2.9375162 0.2795022 0.2795022 2.3504713 3.0168878 
353401_Peace_River             1.1091098 1.1091098 1.0695016 1.1413194 1.0695016 0.0147625 0.4849803 0.0000000 0.5785407 3.6342719 0.0147625 0.9966287 0.5520403 0.5520403 1.1863597 0.9674265 
353410_Horizon_Lake            0.4801758 0.4801758 0.4730800 0.5041777 0.4730800 0.6052691 0.3088517 0.5785407 0.0000000 6.4709543 0.6052691 1.0211838 0.0274200 0.0274200 1.1619632 1.0490067 
92319_Little_Lost              3.2382681 3.2382681 3.1295252 3.2382681 3.1295252 3.9366066 4.2454250 3.6342719 6.4709543 0.0000000 3.9366066 4.5483853 8.9999989 8.9999989 3.8767573 4.3083951 
94280_St_Joe                   1.1413194 1.1413194 1.1003670 1.1722909 1.1003670 0.0000010 0.5200408 0.0147625 0.6052691 3.9366066 0.0000000 1.0251258 0.5785407 0.5785407 1.2074688 0.9966287 
GCA016432855_Lake_Trout        2.4971607 2.4971607 2.3852830 2.4654798 2.3852830 1.0251258 2.9375162 0.9966287 1.0211838 4.5483853 1.0251258 0.0000000 0.9372141 0.9372141 1.4653032 0.2645805 
GCA036784925_Maine_S_alpinus   0.4271824 0.4271824 0.4214058 0.4499699 0.4214058 0.5785407 0.2795022 0.5520403 0.0274200 8.9999989 0.5785407 0.9372141 0.0000000 0.0000010 1.0843957 0.9651536 
GCA045679555_Iceland_A_alpinus 0.4271824 0.4271824 0.4214058 0.4499699 0.4214058 0.5785407 0.2795022 0.5520403 0.0274200 8.9999989 0.5785407 0.9372141 0.0000010 0.0000000 1.0843957 0.9651536 
GCF013265735_Rainbow_Trout     2.2720975 2.2720975 2.1928969 2.2596943 2.1928969 1.2074688 2.3504713 1.1863597 1.1619632 3.8767573 1.2074688 1.4653032 1.0843957 1.0843957 0.0000000 1.4793015 
GCF029448725_Brook_Trout       2.4654798 2.4654798 2.3598670 2.4374945 2.3598670 0.9966287 3.0168878 0.9674265 1.0490067 4.3083951 0.9966287 0.2645805 0.9651536 0.9651536 1.4793015 0.0000000 
