20
251140_Ward_Creek              0.0000000 0.0045722 0.0068662 0.0045725 0.0091755 0.0091755 0.0186243 0.2327218 0.0316665 0.2327218 0.0280188 0.0231746 0.2485887 0.2013135 0.0496650 0.1277359 0.1464995 0.2809162 0.1815703 0.2333972 
260512_Pybus_Point             0.0045722 0.0000000 0.0068631 0.0091755 0.0068653 0.0045651 0.0185863 0.2322787 0.0252494 0.2322787 0.0279612 0.0231156 0.2480753 0.2009962 0.0495348 0.1273393 0.1460421 0.2832252 0.1811031 0.2329443 
261935_Kenai_River             0.0068662 0.0068631 0.0000000 0.0022171 0.0022190 0.0022158 0.0256971 0.2185973 0.0115971 0.2185973 0.0259874 0.0201928 0.2327432 0.1904629 0.0457623 0.1203505 0.1384251 0.2913109 0.1722764 0.2189909 
353213_Cropley_Lake            0.0045725 0.0091755 0.0022171 0.0000000 0.0044448 0.0044448 0.0233583 0.2148735 0.0174499 0.2148735 0.0226084 0.0179560 0.2287513 0.1873079 0.0434913 0.1177856 0.1358735 0.2652283 0.1696421 0.2152006 
353219_Peterson_Creek          0.0091755 0.0068653 0.0022190 0.0044448 0.0000000 0.0022168 0.0256959 0.2182008 0.0115971 0.2182008 0.0248710 0.0202020 0.2322875 0.1901741 0.0457825 0.1204017 0.1384810 0.2648230 0.1722402 0.2185865 
353220_Fish_Creek              0.0091755 0.0045651 0.0022158 0.0044448 0.0022168 0.0000000 0.0233103 0.2144903 0.0115971 0.2144903 0.0225635 0.0179118 0.2283113 0.1870284 0.0433812 0.1174347 0.1354667 0.2674816 0.1692244 0.2148100 
353246_Cottonwood_Creek        0.0186243 0.0185863 0.0256971 0.0233583 0.0256959 0.0233103 0.0000000 0.2401527 0.0717489 0.2401527 0.0139218 0.0232920 0.2565505 0.2043007 0.0596754 0.1346502 0.1599711 0.2889748 0.1811062 0.2409672 
353379_Skagit_River            0.2327218 0.2322787 0.2185973 0.2148735 0.2182008 0.2144903 0.2401527 0.0000000 0.6187741 0.0000010 0.2261061 0.2149119 0.0059955 0.0056865 0.2298064 0.3949574 0.4237567 0.5673869 0.1244967 0.0028811 
353381_Dungeness_River         0.0316665 0.0252494 0.0115971 0.0174499 0.0115971 0.0115971 0.0717489 0.6187741 0.0000000 0.6187741 0.0539271 0.0537284 0.9693680 0.3185403 0.1044294 0.0358731 0.0212345 0.2279844 0.2350555 0.6187741 
353401_Peace_River             0.2327218 0.2322787 0.2185973 0.2148735 0.2182008 0.2144903 0.2401527 0.0000010 0.6187741 0.0000000 0.2261061 0.2149119 0.0059955 0.0056865 0.2298064 0.3949574 0.4237567 0.5673869 0.1244967 0.0028811 
353407_Noatok                  0.0280188 0.0279612 0.0259874 0.0226084 0.0248710 0.0225635 0.0139218 0.2261061 0.0539271 0.2261061 0.0000000 0.0225463 0.2407962 0.1971205 0.0579983 0.1295994 0.1539510 0.3083779 0.1753668 0.2266344 
353410_Horizon_Lake            0.0231746 0.0231156 0.0201928 0.0179560 0.0202020 0.0179118 0.0232920 0.2149119 0.0537284 0.2149119 0.0225463 0.0000000 0.2247970 0.1841935 0.0482197 0.1176152 0.1416345 0.2746991 0.1694937 0.2152397 
92319_Little_Lost              0.2485887 0.2480753 0.2327432 0.2287513 0.2322875 0.2283113 0.2565505 0.0059955 0.9693680 0.0059955 0.2407962 0.2247970 0.0000000 0.0000010 0.2402626 0.4286815 0.4598853 0.5971266 0.1281295 0.0030439 
94280_St_Joe                   0.2013135 0.2009962 0.1904629 0.1873079 0.1901741 0.1870284 0.2043007 0.0056865 0.3185403 0.0056865 0.1971205 0.1841935 0.0000010 0.0000000 0.2034737 0.3253993 0.3492674 0.4828740 0.1137346 0.0028849 
GCA016432855_Lake_Trout        0.0496650 0.0495348 0.0457623 0.0434913 0.0457825 0.0433812 0.0596754 0.2298064 0.1044294 0.2298064 0.0579983 0.0482197 0.2402626 0.2034737 0.0000000 0.1443095 0.1627311 0.2742578 0.1781781 0.2304014 
GCA036784925_Maine_S_alpinus   0.1277359 0.1273393 0.1203505 0.1177856 0.1204017 0.1174347 0.1346502 0.3949574 0.0358731 0.3949574 0.1295994 0.1176152 0.4286815 0.3253993 0.1443095 0.0000000 0.0047780 0.1237491 0.2833251 0.3995175 
GCA045679555_Iceland_A_alpinus 0.1464995 0.1460421 0.1384251 0.1358735 0.1384810 0.1354667 0.1599711 0.4237567 0.0212345 0.4237567 0.1539510 0.1416345 0.4598853 0.3492674 0.1627311 0.0047780 0.0000000 0.1138409 0.3125696 0.4289724 
GCF013265735_Rainbow_Trout     0.2809162 0.2832252 0.2913109 0.2652283 0.2648230 0.2674816 0.2889748 0.5673869 0.2279844 0.5673869 0.3083779 0.2746991 0.5971266 0.4828740 0.2742578 0.1237491 0.1138409 0.0000000 0.4009148 0.5756568 
GCF029448725_Brook_Trout       0.1815703 0.1811031 0.1722764 0.1696421 0.1722402 0.1692244 0.1811062 0.1244967 0.2350555 0.1244967 0.1753668 0.1694937 0.1281295 0.1137346 0.1781781 0.2833251 0.3125696 0.4009148 0.0000000 0.1233340 
Methow_River_99895             0.2333972 0.2329443 0.2189909 0.2152006 0.2185865 0.2148100 0.2409672 0.0028811 0.6187741 0.0028811 0.2266344 0.2152397 0.0030439 0.0028849 0.2304014 0.3995175 0.4289724 0.5756568 0.1233340 0.0000000 
