16
251140_Ward_Creek              0.0000000 0.0000010 0.0283052 0.2250784 0.0000010 0.2635484 0.1202570 0.1202570 0.2928204 0.2250784 0.0883373 0.1322094 0.1322094 1.4321569 0.1202570 0.2493300 
260512_Pybus_Point             0.0000010 0.0000000 0.0283052 0.2250784 0.0000010 0.2635484 0.1202570 0.1202570 0.2928204 0.2250784 0.0883373 0.1322094 0.1322094 1.4321569 0.1202570 0.2493300 
353246_Cottonwood_Creek        0.0283052 0.0283052 0.0000000 0.2635484 0.0309322 0.3040988 0.1535958 0.1535958 0.3389888 0.2635484 0.1202570 0.1692540 0.1692540 1.6479184 0.1535958 0.2928204 
353379_Skagit_River            0.2250784 0.2250784 0.2635484 0.0000000 0.2250784 0.0260895 0.0450417 0.0450417 0.0309322 0.0000010 0.0335250 0.2493300 0.2493300 1.0461586 0.1721808 0.0000010 
353381_Dungeness_River         0.0000010 0.0000010 0.0309322 0.2250784 0.0000000 0.2635484 0.1202570 0.1202570 0.2928204 0.2250784 0.0883373 0.1322094 0.1322094 1.4321569 0.1202570 0.2493300 
353401_Peace_River             0.2635484 0.2635484 0.3040988 0.0260895 0.2635484 0.0000000 0.2396420 0.2396420 0.0631953 0.0260895 0.1405965 0.2928204 0.2928204 1.1574736 0.2051532 0.0309322 
353407_Noatok                  0.1202570 0.1202570 0.1535958 0.0450417 0.1202570 0.2396420 0.0000000 0.0000010 0.2928204 0.0450417 0.0221828 0.0631953 0.0631953 1.1574736 0.1405965 0.2493300 
353410_Horizon_Lake            0.1202570 0.1202570 0.1535958 0.0450417 0.1202570 0.2396420 0.0000010 0.0000000 0.2928204 0.0450417 0.0221828 0.0631953 0.0631953 1.1574736 0.1405965 0.2493300 
92319_Little_Lost              0.2928204 0.2928204 0.3389888 0.0309322 0.2928204 0.0631953 0.2928204 0.2928204 0.0000000 0.0309322 0.1692540 0.2928204 0.2928204 1.9869073 0.2493300 0.0309322 
94280_St_Joe                   0.2250784 0.2250784 0.2635484 0.0000010 0.2250784 0.0260895 0.0450417 0.0450417 0.0309322 0.0000000 0.0335250 0.2493300 0.2493300 1.0461586 0.1721808 0.0000010 
GCA016432855_Lake_Trout        0.0883373 0.0883373 0.1202570 0.0335250 0.0883373 0.1405965 0.0221828 0.0221828 0.1692540 0.0335250 0.0000000 0.0969088 0.0969088 0.8634420 0.0531194 0.1322094 
GCA036784925_Maine_S_alpinus   0.1322094 0.1322094 0.1692540 0.2493300 0.1322094 0.2928204 0.0631953 0.0631953 0.2928204 0.2493300 0.0969088 0.0000000 0.0000010 1.9869073 0.1692540 0.2493300 
GCA045679555_Iceland_A_alpinus 0.1322094 0.1322094 0.1692540 0.2493300 0.1322094 0.2928204 0.0631953 0.0631953 0.2928204 0.2493300 0.0969088 0.0000010 0.0000000 1.9869073 0.1692540 0.2493300 
GCF013265735_Rainbow_Trout     1.4321569 1.4321569 1.6479184 1.0461586 1.4321569 1.1574736 1.1574736 1.1574736 1.9869073 1.0461586 0.8634420 1.9869073 1.9869073 0.0000000 1.0461586 1.6479184 
GCF029448725_Brook_Trout       0.1202570 0.1202570 0.1535958 0.1721808 0.1202570 0.2051532 0.1405965 0.1405965 0.2493300 0.1721808 0.0531194 0.1692540 0.1692540 1.0461586 0.0000000 0.2082238 
Methow_River_99895             0.2493300 0.2493300 0.2928204 0.0000010 0.2493300 0.0309322 0.2493300 0.2493300 0.0309322 0.0000010 0.1322094 0.2493300 0.2493300 1.6479184 0.2082238 0.0000000 
