12
251140_Ward_Creek              0.0000000 0.0000010 0.1745851 0.0000010 0.1745851 0.1804608 0.1129237 0.3189051 0.1351086 0.1352110 1.2845906 0.3851264 
260512_Pybus_Point             0.0000010 0.0000000 0.1745851 0.0000010 0.1745851 0.1804608 0.1129237 0.3189051 0.1351086 0.1352110 1.2845906 0.3851264 
353379_Skagit_River            0.1745851 0.1745851 0.0000000 1.3911621 0.0000010 0.0749142 0.0541538 0.2433748 0.0739161 0.0739697 1.1814598 0.2529148 
353381_Dungeness_River         0.0000010 0.0000010 1.3911621 0.0000000 1.3911621 1.6429187 1.2573796 1.6269706 1.2573796 1.2573796 2.1536141 2.0657910 
353401_Peace_River             0.1745851 0.1745851 0.0000010 1.3911621 0.0000000 0.0749142 0.0541538 0.2433748 0.0739161 0.0739697 1.1814598 0.2529148 
353407_Noatok                  0.1804608 0.1804608 0.0749142 1.6429187 0.0749142 0.0000000 0.0556184 0.2526784 0.0760166 0.0760734 1.3123840 0.2632168 
353410_Horizon_Lake            0.1129237 0.1129237 0.0541538 1.2573796 0.0541538 0.0556184 0.0000000 0.2210945 0.0179081 0.0179206 1.1637274 0.2294731 
GCA016432855_Lake_Trout        0.3189051 0.3189051 0.2433748 1.6269706 0.2433748 0.2526784 0.2210945 0.0000000 0.2480534 0.2482532 1.2553748 0.2882962 
GCA036784925_Maine_S_alpinus   0.1351086 0.1351086 0.0739161 1.2573796 0.0739161 0.0760166 0.0179081 0.2480534 0.0000000 0.0366849 1.2426325 0.2339981 
GCA045679555_Iceland_A_alpinus 0.1352110 0.1352110 0.0739697 1.2573796 0.0739697 0.0760734 0.0179206 0.2482532 0.0366849 0.0000000 1.2432906 0.2583023 
GCF013265735_Rainbow_Trout     1.2845906 1.2845906 1.1814598 2.1536141 1.1814598 1.3123840 1.1637274 1.2553748 1.2426325 1.2432906 0.0000000 1.3806555 
GCF029448725_Brook_Trout       0.3851264 0.3851264 0.2529148 2.0657910 0.2529148 0.2632168 0.2294731 0.2882962 0.2339981 0.2583023 1.3806555 0.0000000 
