15
251140_Ward_Creek              0.0000000 0.0000010 0.0132807 0.0440316 0.0590828 0.0405763 0.0305451 0.0200196 0.1281729 0.0405763 0.0926863 0.0166553 0.0166553 0.5859085 0.0982687 
260512_Pybus_Point             0.0000010 0.0000000 0.0132807 0.0440316 0.0590828 0.0405763 0.0305451 0.0200196 0.1281729 0.0405763 0.0926863 0.0166553 0.0166553 0.5859085 0.0982687 
353246_Cottonwood_Creek        0.0132807 0.0132807 0.0000000 0.0440316 0.0769365 0.0405763 0.0168001 0.0066075 0.1281729 0.0405763 0.0926863 0.0166553 0.0166553 0.5859085 0.0982687 
353379_Skagit_River            0.0440316 0.0440316 0.0440316 0.0000000 0.0998043 0.0032931 0.0480011 0.0441059 0.0694767 0.0032931 0.0825312 0.0406444 0.0406444 0.5680346 0.0871303 
353381_Dungeness_River         0.0590828 0.0590828 0.0769365 0.0998043 0.0000000 0.0952603 0.0872028 0.0771050 0.2995461 0.0952603 0.1746439 0.0726664 0.0726664 1.0247819 0.1527546 
353401_Peace_River             0.0405763 0.0405763 0.0405763 0.0032931 0.0952603 0.0000000 0.0444965 0.0406444 0.0639594 0.0000010 0.0774895 0.0371945 0.0371945 0.5591432 0.0835017 
353407_Noatok                  0.0305451 0.0305451 0.0168001 0.0480011 0.0872028 0.0444965 0.0000000 0.0100296 0.1423802 0.0444965 0.0887143 0.0202270 0.0202270 0.5880066 0.1030814 
353410_Horizon_Lake            0.0200196 0.0200196 0.0066075 0.0441059 0.0771050 0.0406444 0.0100296 0.0000000 0.1345284 0.0406444 0.0875967 0.0099433 0.0099433 0.5769568 0.0984486 
92319_Little_Lost              0.1281729 0.1281729 0.1281729 0.0694767 0.2995461 0.0639594 0.1423802 0.1345284 0.0000000 0.0639594 0.2724840 0.1285567 0.1285567 2.2825734 0.1970694 
94280_St_Joe                   0.0405763 0.0405763 0.0405763 0.0032931 0.0952603 0.0000010 0.0444965 0.0406444 0.0639594 0.0000000 0.0774895 0.0371945 0.0371945 0.5591432 0.0835017 
GCA016432855_Lake_Trout        0.0926863 0.0926863 0.0926863 0.0825312 0.1746439 0.0774895 0.0887143 0.0875967 0.2724840 0.0774895 0.0000000 0.0825312 0.0825312 0.5914626 0.1082787 
GCA036784925_Maine_S_alpinus   0.0166553 0.0166553 0.0166553 0.0406444 0.0726664 0.0371945 0.0202270 0.0099433 0.1285567 0.0371945 0.0825312 0.0000000 0.0000010 0.5680346 0.0947682 
GCA045679555_Iceland_A_alpinus 0.0166553 0.0166553 0.0166553 0.0406444 0.0726664 0.0371945 0.0202270 0.0099433 0.1285567 0.0371945 0.0825312 0.0000010 0.0000000 0.5680346 0.0947682 
GCF013265735_Rainbow_Trout     0.5859085 0.5859085 0.5859085 0.5680346 1.0247819 0.5591432 0.5880066 0.5769568 2.2825734 0.5591432 0.5914626 0.5680346 0.5680346 0.0000000 0.6676127 
GCF029448725_Brook_Trout       0.0982687 0.0982687 0.0982687 0.0871303 0.1527546 0.0835017 0.1030814 0.0984486 0.1970694 0.0835017 0.1082787 0.0947682 0.0947682 0.6676127 0.0000000 
