9
251140_Ward_Creek            0.0000000 0.0000010 0.2011887 0.2011887 0.0455047 0.2011887 0.0455047 3.2796632 0.0955232 
260512_Pybus_Point           0.0000010 0.0000000 0.2011887 0.2011887 0.0455047 0.2011887 0.0455047 3.2796632 0.0955232 
353379_Skagit_River          0.2011887 0.2011887 0.0000000 0.0000010 0.1432531 0.2447399 0.1432531 2.5744770 0.1397248 
353401_Peace_River           0.2011887 0.2011887 0.0000010 0.0000000 0.1432531 0.2447399 0.1432531 2.5744770 0.1397248 
353407_Noatok                0.0455047 0.0455047 0.1432531 0.1432531 0.0000000 0.1432531 0.0000010 2.5068803 0.0455047 
GCA016432855_Lake_Trout      0.2011887 0.2011887 0.2447399 0.2447399 0.1432531 0.0000000 0.1432531 2.3928180 0.0909706 
GCA036784925_Maine_S_alpinus 0.0455047 0.0455047 0.1432531 0.1432531 0.0000010 0.1432531 0.0000000 2.5068803 0.0455047 
GCF013265735_Rainbow_Trout   3.2796632 3.2796632 2.5744770 2.5744770 2.5068803 2.3928180 2.5068803 0.0000000 1.9902486 
GCF029448725_Brook_Trout     0.0955232 0.0955232 0.1397248 0.1397248 0.0455047 0.0909706 0.0455047 1.9902486 0.0000000 
