15
251140_Ward_Creek          0.0000000 0.0000010 0.0032679 0.0098357 0.0281983 0.2481339 0.0231644 0.0049059 0.0016326 0.0248566 0.0282176 0.0333491 0.1201126 0.0488265 0.0306464 
260512_Pybus_Point         0.0000010 0.0000000 0.0032679 0.0098357 0.0281983 0.2481339 0.0231644 0.0049059 0.0016326 0.0248566 0.0282176 0.0333491 0.1201126 0.0488265 0.0306464 
261935_Kenai_River         0.0032679 0.0032679 0.0000000 0.0098357 0.0281983 0.2535713 0.0231644 0.0049059 0.0049059 0.0248566 0.0282176 0.0333491 0.1201126 0.0488265 0.0306464 
353246_Cottonwood_Creek    0.0098357 0.0098357 0.0098357 0.0000000 0.0281983 0.2756200 0.0231644 0.0081897 0.0114843 0.0248566 0.0282176 0.0333491 0.1201126 0.0488265 0.0306464 
353379_Skagit_River        0.0281983 0.0281983 0.0281983 0.0281983 0.0000000 0.3285028 0.0049059 0.0298819 0.0298819 0.0065509 0.0032701 0.0299640 0.1162531 0.0418911 0.0040193 
353381_Dungeness_River     0.2481339 0.2481339 0.2535713 0.2756200 0.3285028 0.0000000 0.3167721 0.2645345 0.2535713 0.3167721 0.3285028 0.3433671 0.6590495 0.4019853 0.7517151 
353401_Peace_River         0.0231644 0.0231644 0.0231644 0.0231644 0.0049059 0.3167721 0.0000000 0.0248396 0.0248396 0.0016337 0.0049092 0.0249076 0.1143289 0.0367710 0.0020077 
353407_Noatok              0.0049059 0.0049059 0.0049059 0.0081897 0.0298819 0.2645345 0.0248396 0.0000000 0.0065465 0.0265357 0.0299024 0.0350460 0.1220479 0.0505532 0.0327230 
353410_Horizon_Lake        0.0016326 0.0016326 0.0049059 0.0114843 0.0298819 0.2535713 0.0248396 0.0065465 0.0000000 0.0265357 0.0299024 0.0350460 0.1220479 0.0505532 0.0327230 
92319_Little_Lost          0.0248566 0.0248566 0.0248566 0.0248566 0.0065509 0.3167721 0.0016337 0.0265357 0.0265357 0.0000000 0.0032679 0.0266085 0.1163413 0.0385014 0.0000010 
94280_St_Joe               0.0282176 0.0282176 0.0282176 0.0282176 0.0032701 0.3285028 0.0049092 0.0299024 0.0299024 0.0032679 0.0000000 0.0299846 0.1202039 0.0419201 0.0000010 
GCA016432855_Lake_Trout    0.0333491 0.0333491 0.0333491 0.0333491 0.0299640 0.3433671 0.0249076 0.0350460 0.0350460 0.0266085 0.0299846 0.0000000 0.1143289 0.0350701 0.0328339 
GCF013265735_Rainbow_Trout 0.1201126 0.1201126 0.1201126 0.1201126 0.1162531 0.6590495 0.1143289 0.1220479 0.1220479 0.1163413 0.1202039 0.1143289 0.0000000 0.1203870 0.1294273 
GCF029448725_Brook_Trout   0.0488265 0.0488265 0.0488265 0.0488265 0.0418911 0.4019853 0.0367710 0.0505532 0.0505532 0.0385014 0.0419201 0.0350701 0.1203870 0.0000000 0.0412479 
Methow_River_99895         0.0306464 0.0306464 0.0306464 0.0306464 0.0040193 0.7517151 0.0020077 0.0327230 0.0327230 0.0000010 0.0000010 0.0328339 0.1294273 0.0412479 0.0000000 
