19
251140_Ward_Creek              0.0000000 0.7796523 0.0000010 0.0057761 0.0000010 0.5469864 0.0789844 0.0000010 0.0726818 0.0539790 0.0486124 0.0726818 0.0792796 0.1276471 0.0120558 0.0120558 1.0277447 0.1078118 0.0726818 
260512_Pybus_Point             0.7796523 0.0000000 0.6802957 0.7635835 0.6802957 0.0370856 0.9209703 3.9442375 0.9046903 0.1017137 0.7522974 0.8715266 0.9373917 0.9453917 0.7144707 0.7144707 3.4850096 0.9119092 0.9046903 
261935_Kenai_River             0.0000010 0.6802957 0.0000000 0.0057761 0.0000010 0.5010078 0.0842879 0.0000010 0.0780263 0.0539790 0.0486124 0.0726818 0.0846018 0.1359159 0.0219298 0.0219298 0.8230167 0.1222906 0.0780263 
353213_Cropley_Lake            0.0057761 0.7635835 0.0057761 0.0000000 0.0057761 0.5359184 0.0726818 0.0000010 0.0664187 0.0619365 0.0424045 0.0664187 0.0729512 0.1208817 0.0181403 0.0181403 1.0277447 0.1011521 0.0664187 
353219_Peterson_Creek          0.0000010 0.6802957 0.0000010 0.0057761 0.0000000 0.5010078 0.0842879 0.0000010 0.0780263 0.0539790 0.0486124 0.0726818 0.0846018 0.1359159 0.0219298 0.0219298 0.8230167 0.1222906 0.0780263 
353246_Cottonwood_Creek        0.5469864 0.0370856 0.5010078 0.5359184 0.5010078 0.0000000 0.5933892 1.9990811 0.5819398 0.0375763 0.4819833 0.5565832 0.5988938 0.6435583 0.5167622 0.5167622 2.6387667 0.6427352 0.5819398 
353379_Skagit_River            0.0789844 0.9209703 0.0842879 0.0726818 0.0842879 0.5933892 0.0000000 0.1110694 0.0055783 0.1042179 0.0491466 0.0056614 0.0112250 0.1176024 0.1073052 0.1073052 1.0603087 0.0984256 0.0055783 
353381_Dungeness_River         0.0000010 3.9442375 0.0000010 0.0000010 0.0000010 1.9990811 0.1110694 0.0000000 0.0981196 0.1047848 0.0610404 0.0981196 0.1119412 0.1681416 0.0244797 0.0244797 1.0437634 0.1529586 0.0981196 
353401_Peace_River             0.0726818 0.9046903 0.0780263 0.0664187 0.0780263 0.5819398 0.0055783 0.0981196 0.0000000 0.0958031 0.0428664 0.0000010 0.0055962 0.1110694 0.1006709 0.1006709 1.0432310 0.0919919 0.0000010 
353407_Noatok                  0.0539790 0.1017137 0.0539790 0.0619365 0.0539790 0.0375763 0.1042179 0.1047848 0.0958031 0.0000000 0.0513128 0.0958031 0.1047452 0.1837414 0.0679603 0.0679603 1.7540000 0.1584366 0.0958031 
353410_Horizon_Lake            0.0486124 0.7522974 0.0486124 0.0424045 0.0486124 0.4819833 0.0491466 0.0610404 0.0428664 0.0513128 0.0000000 0.0428664 0.0493274 0.1103048 0.0597609 0.0597609 0.9990595 0.1041736 0.0428664 
92319_Little_Lost              0.0726818 0.8715266 0.0726818 0.0664187 0.0726818 0.5565832 0.0056614 0.0981196 0.0000010 0.0958031 0.0428664 0.0000000 0.0056798 0.0928440 0.0820452 0.0820452 1.0087532 0.0738250 0.0000010 
94280_St_Joe                   0.0792796 0.9373917 0.0846018 0.0729512 0.0846018 0.5988938 0.0112250 0.1119412 0.0055962 0.1047452 0.0493274 0.0056798 0.0000000 0.1180661 0.1077329 0.1077329 1.0833922 0.0988044 0.0055962 
GCA016432855_Lake_Trout        0.1276471 0.9453917 0.1359159 0.1208817 0.1359159 0.6435583 0.1176024 0.1681416 0.1110694 0.1837414 0.1103048 0.0928440 0.1180661 0.0000000 0.1329786 0.1329786 0.8263373 0.1126933 0.1110694 
GCA036784925_Maine_S_alpinus   0.0120558 0.7144707 0.0219298 0.0181403 0.0219298 0.5167622 0.1073052 0.0244797 0.1006709 0.0679603 0.0597609 0.0820452 0.1077329 0.1329786 0.0000000 0.0000010 0.7053349 0.1196802 0.1006709 
GCA045679555_Iceland_A_alpinus 0.0120558 0.7144707 0.0219298 0.0181403 0.0219298 0.5167622 0.1073052 0.0244797 0.1006709 0.0679603 0.0597609 0.0820452 0.1077329 0.1329786 0.0000010 0.0000000 0.7053349 0.1196802 0.1006709 
GCF013265735_Rainbow_Trout     1.0277447 3.4850096 0.8230167 1.0277447 0.8230167 2.6387667 1.0603087 1.0437634 1.0432310 1.7540000 0.9990595 1.0087532 1.0833922 0.8263373 0.7053349 0.7053349 0.0000000 0.9010704 1.0432310 
GCF029448725_Brook_Trout       0.1078118 0.9119092 0.1222906 0.1011521 0.1222906 0.6427352 0.0984256 0.1529586 0.0919919 0.1584366 0.1041736 0.0738250 0.0988044 0.1126933 0.1196802 0.1196802 0.9010704 0.0000000 0.0919919 
Methow_River_99895             0.0726818 0.9046903 0.0780263 0.0664187 0.0780263 0.5819398 0.0055783 0.0981196 0.0000010 0.0958031 0.0428664 0.0000010 0.0055962 0.1110694 0.1006709 0.1006709 1.0432310 0.0919919 0.0000000 
