10
251140_Ward_Creek          0.0000000 0.0000010 0.2157616 0.1367412 0.5198604 0.5198604 0.2157616 0.3040988 0.8239592 0.6566016 
260512_Pybus_Point         0.0000010 0.0000000 0.2157616 0.1367412 0.5198604 0.5198604 0.2157616 0.3040988 0.8239592 0.6566016 
261935_Kenai_River         0.2157616 0.2157616 0.0000000 0.2157616 0.2157616 0.2157616 0.0000010 0.0652585 0.4042474 0.3040988 
353246_Cottonwood_Creek    0.1367412 0.1367412 0.2157616 0.0000000 0.5198604 0.5198604 0.2157616 0.3040988 0.8239592 0.6566016 
353379_Skagit_River        0.5198604 0.5198604 0.2157616 0.5198604 0.0000000 0.0000010 0.2157616 0.3040988 0.8239592 0.6566016 
353401_Peace_River         0.5198604 0.5198604 0.2157616 0.5198604 0.0000010 0.0000000 0.2157616 0.3040988 0.8239592 0.6566016 
353407_Noatok              0.2157616 0.2157616 0.0000010 0.2157616 0.2157616 0.2157616 0.0000000 0.0652585 0.4042474 0.3040988 
GCA016432855_Lake_Trout    0.3040988 0.3040988 0.0652585 0.3040988 0.3040988 0.3040988 0.0652585 0.0000000 0.5198604 0.2157616 
GCF013265735_Rainbow_Trout 0.8239592 0.8239592 0.4042474 0.8239592 0.8239592 0.8239592 0.4042474 0.5198604 0.0000000 1.0397208 
GCF029448725_Brook_Trout   0.6566016 0.6566016 0.3040988 0.6566016 0.6566016 0.6566016 0.3040988 0.2157616 1.0397208 0.0000000 
