19
251140_Ward_Creek              0.0000000 0.0000010 0.0000010 0.0221510 0.0008726 0.0221625 0.0008749 0.0119541 0.0000010 0.0123680 0.0017468 0.0026204 0.0132572 0.0123680 0.0114406 0.0017547 0.0026204 0.0751575 0.0296746 
260512_Pybus_Point             0.0000010 0.0000000 0.0000010 0.0221510 0.0008726 0.0221625 0.0008749 0.0119541 0.0000010 0.0123680 0.0017468 0.0026204 0.0132572 0.0123680 0.0114406 0.0017547 0.0026204 0.0751575 0.0296746 
261935_Kenai_River             0.0000010 0.0000010 0.0000000 0.0372509 0.0014542 0.0372836 0.0000010 0.0174383 0.0000010 0.0177708 0.0029100 0.0043655 0.0192655 0.0177708 0.0191525 0.0029340 0.0043655 0.1034296 0.0425711 
353213_Cropley_Lake            0.0221510 0.0221510 0.0372509 0.0000000 0.0230571 0.0031150 0.0231097 0.0321256 0.0416651 0.0317768 0.0239524 0.0176881 0.0326045 0.0317768 0.0291907 0.0185900 0.0176881 0.0983305 0.0530030 
353219_Peterson_Creek          0.0008726 0.0008726 0.0014542 0.0230571 0.0000000 0.0212558 0.0017517 0.0128853 0.0016871 0.0132630 0.0026226 0.0034971 0.0141533 0.0132630 0.0123313 0.0026355 0.0034971 0.0761678 0.0296878 
353220_Fish_Creek              0.0221625 0.0221625 0.0372836 0.0031150 0.0212558 0.0000000 0.0231218 0.0321416 0.0417077 0.0317920 0.0239649 0.0176964 0.0326202 0.0317920 0.0292047 0.0185988 0.0176964 0.0983858 0.0520936 
353246_Cottonwood_Creek        0.0008749 0.0008749 0.0000010 0.0231097 0.0017517 0.0231218 0.0000000 0.0129158 0.0016945 0.0132931 0.0026278 0.0035049 0.0141855 0.0132931 0.0123592 0.0026415 0.0035049 0.0763523 0.0306718 
353379_Skagit_River            0.0119541 0.0119541 0.0174383 0.0321256 0.0128853 0.0321416 0.0129158 0.0000000 0.0154539 0.0008273 0.0138108 0.0133447 0.0016552 0.0008273 0.0158860 0.0125580 0.0133447 0.0804246 0.0339392 
353381_Dungeness_River         0.0000010 0.0000010 0.0000010 0.0416651 0.0016871 0.0417077 0.0016945 0.0154539 0.0000000 0.0171856 0.0000010 0.0050683 0.0189204 0.0171856 0.0136249 0.0034108 0.0050683 0.1300926 0.0442799 
353401_Peace_River             0.0123680 0.0123680 0.0177708 0.0317768 0.0132630 0.0317920 0.0132931 0.0008273 0.0171856 0.0000000 0.0141521 0.0136717 0.0007976 0.0000010 0.0161227 0.0129145 0.0136717 0.0799872 0.0344107 
353407_Noatok                  0.0017468 0.0017468 0.0029100 0.0239524 0.0026226 0.0239649 0.0026278 0.0138108 0.0000010 0.0141521 0.0000000 0.0043728 0.0150431 0.0141521 0.0132167 0.0035153 0.0043728 0.0771384 0.0315124 
353410_Horizon_Lake            0.0026204 0.0026204 0.0043655 0.0176881 0.0034971 0.0176964 0.0035049 0.0133447 0.0050683 0.0136717 0.0043728 0.0000000 0.0144816 0.0136717 0.0112056 0.0007979 0.0000010 0.0761301 0.0324153 
92319_Little_Lost              0.0132572 0.0132572 0.0192655 0.0326045 0.0141533 0.0326202 0.0141855 0.0016552 0.0189204 0.0007976 0.0150431 0.0144816 0.0000000 0.0007976 0.0169355 0.0137270 0.0144816 0.0809654 0.0353320 
94280_St_Joe                   0.0123680 0.0123680 0.0177708 0.0317768 0.0132630 0.0317920 0.0132931 0.0008273 0.0171856 0.0000010 0.0141521 0.0136717 0.0007976 0.0000000 0.0161227 0.0129145 0.0136717 0.0799872 0.0344107 
GCA016432855_Lake_Trout        0.0114406 0.0114406 0.0191525 0.0291907 0.0123313 0.0292047 0.0123592 0.0158860 0.0136249 0.0161227 0.0132167 0.0112056 0.0169355 0.0161227 0.0000000 0.0104516 0.0112056 0.0722585 0.0269230 
GCA036784925_Maine_S_alpinus   0.0017547 0.0017547 0.0029340 0.0185900 0.0026355 0.0185988 0.0026415 0.0125580 0.0034108 0.0129145 0.0035153 0.0007979 0.0137270 0.0129145 0.0104516 0.0000000 0.0007979 0.0755099 0.0316729 
GCA045679555_Iceland_A_alpinus 0.0026204 0.0026204 0.0043655 0.0176881 0.0034971 0.0176964 0.0035049 0.0133447 0.0050683 0.0136717 0.0043728 0.0000010 0.0144816 0.0136717 0.0112056 0.0007979 0.0000000 0.0761301 0.0324153 
GCF013265735_Rainbow_Trout     0.0751575 0.0751575 0.1034296 0.0983305 0.0761678 0.0983858 0.0763523 0.0804246 0.1300926 0.0799872 0.0771384 0.0761301 0.0809654 0.0799872 0.0722585 0.0755099 0.0761301 0.0000000 0.0941765 
GCF029448725_Brook_Trout       0.0296746 0.0296746 0.0425711 0.0530030 0.0296878 0.0520936 0.0306718 0.0339392 0.0442799 0.0344107 0.0315124 0.0324153 0.0353320 0.0344107 0.0269230 0.0316729 0.0324153 0.0941765 0.0000000 
