19
251140_Ward_Creek              0.0000000 0.0142130 0.0067010 0.0203188 0.0967021 0.1169145 0.0169029 0.1203081 0.8166940 0.1365474 0.0744004 0.0734802 0.1616423 0.1365474 0.1395238 0.0884656 0.0884656 0.5356999 0.1631906 
260512_Pybus_Point             0.0142130 0.0000000 0.0201744 0.0261134 0.1075541 0.1108817 0.0305348 0.1226143 1.1161205 0.1186394 0.0639170 0.0529355 0.1579627 0.1186394 0.1215632 0.0668710 0.0668710 0.4674279 0.1509911 
261935_Kenai_River             0.0067010 0.0201744 0.0000000 0.0119981 0.0815530 0.1127569 0.0080565 0.1243637 1.1068316 0.1927169 0.0920079 0.0968827 0.1546626 0.1927169 0.1473378 0.1175255 0.1059882 0.5426038 0.1977948 
353213_Cropley_Lake            0.0203188 0.0261134 0.0119981 0.0000000 0.0644708 0.0791161 0.0026884 0.1025321 0.9025600 0.1151285 0.0514949 0.0691298 0.1242879 0.1151285 0.0973334 0.0566268 0.0566268 0.4144349 0.1230696 
353219_Peterson_Creek          0.0967021 0.1075541 0.0815530 0.0644708 0.0000000 0.0095868 0.0637219 0.1796648 1.8154792 0.1931478 0.1136938 0.1439381 0.1239115 0.1931478 0.1684470 0.1221062 0.1221062 0.5561575 0.1919317 
353220_Fish_Creek              0.1169145 0.1108817 0.1127569 0.0791161 0.0095868 0.0000000 0.0862707 0.2038797 3.3313300 0.2192877 0.1447314 0.1927918 0.1425519 0.2192877 0.2144116 0.1588873 0.1588873 0.7053215 0.2414452 
353246_Cottonwood_Creek        0.0169029 0.0305348 0.0080565 0.0026884 0.0637219 0.0862707 0.0000000 0.1044727 1.1941532 0.1652074 0.0805422 0.1064223 0.1290989 0.1652074 0.1280089 0.0961718 0.0879985 0.4983204 0.1535673 
353379_Skagit_River            0.1203081 0.1226143 0.1243637 0.1025321 0.1796648 0.2038797 0.1044727 0.0000000 1.3583013 0.0092151 0.0971518 0.1179923 0.0358790 0.0092151 0.1359691 0.0968169 0.0968169 0.3708312 0.1399547 
353381_Dungeness_River         0.8166940 1.1161205 1.1068316 0.9025600 1.8154792 3.3313300 1.1941532 1.3583013 0.0000000 1.0032099 0.9129209 0.7056900 1.0919215 1.0032099 1.1433426 0.7599260 0.7587388 2.2726203 1.4051154 
353401_Peace_River             0.1365474 0.1186394 0.1927169 0.1151285 0.1931478 0.2192877 0.1652074 0.0092151 1.0032099 0.0000000 0.0829601 0.0991227 0.0454967 0.0000010 0.1140995 0.0833883 0.0833883 0.3149547 0.1174303 
353407_Noatok                  0.0744004 0.0639170 0.0920079 0.0514949 0.1136938 0.1447314 0.0805422 0.0971518 0.9129209 0.0829601 0.0000000 0.0479764 0.1144215 0.0829601 0.0635933 0.0427695 0.0409902 0.3302477 0.1054128 
353410_Horizon_Lake            0.0734802 0.0529355 0.0968827 0.0691298 0.1439381 0.1927918 0.1064223 0.1179923 0.7056900 0.0991227 0.0479764 0.0000000 0.1442111 0.0991227 0.0877765 0.0098815 0.0111182 0.3588836 0.1319519 
92319_Little_Lost              0.1616423 0.1579627 0.1546626 0.1242879 0.1239115 0.1425519 0.1290989 0.0358790 1.0919215 0.0454967 0.1144215 0.1442111 0.0000000 0.0454967 0.1473604 0.1161792 0.1161792 0.4538546 0.1879089 
94280_St_Joe                   0.1365474 0.1186394 0.1927169 0.1151285 0.1931478 0.2192877 0.1652074 0.0092151 1.0032099 0.0000010 0.0829601 0.0991227 0.0454967 0.0000000 0.1140995 0.0833883 0.0833883 0.3149547 0.1174303 
GCA016432855_Lake_Trout        0.1395238 0.1215632 0.1473378 0.0973334 0.1684470 0.2144116 0.1280089 0.1359691 1.1433426 0.1140995 0.0635933 0.0877765 0.1473604 0.1140995 0.0000000 0.0755900 0.0722070 0.3201482 0.0616546 
GCA036784925_Maine_S_alpinus   0.0884656 0.0668710 0.1175255 0.0566268 0.1221062 0.1588873 0.0961718 0.0968169 0.7599260 0.0833883 0.0427695 0.0098815 0.1161792 0.0833883 0.0755900 0.0000000 0.0000010 0.3195015 0.0985926 
GCA045679555_Iceland_A_alpinus 0.0884656 0.0668710 0.1059882 0.0566268 0.1221062 0.1588873 0.0879985 0.0968169 0.7587388 0.0833883 0.0409902 0.0111182 0.1161792 0.0833883 0.0722070 0.0000010 0.0000000 0.3195015 0.1135969 
GCF013265735_Rainbow_Trout     0.5356999 0.4674279 0.5426038 0.4144349 0.5561575 0.7053215 0.4983204 0.3708312 2.2726203 0.3149547 0.3302477 0.3588836 0.4538546 0.3149547 0.3201482 0.3195015 0.3195015 0.0000000 0.3092715 
GCF029448725_Brook_Trout       0.1631906 0.1509911 0.1977948 0.1230696 0.1919317 0.2414452 0.1535673 0.1399547 1.4051154 0.1174303 0.1054128 0.1319519 0.1879089 0.1174303 0.0616546 0.0985926 0.1135969 0.3092715 0.0000000 
