16
251140_Ward_Creek              0.0000000 0.0000010 0.0159523 0.0052472 0.0356305 0.0000010 0.0327779 0.0159523 0.0106084 0.0384259 0.0327779 0.0437348 0.0106084 0.0213729 0.2523927 0.0739132 
260512_Pybus_Point             0.0000010 0.0000000 0.0159523 0.0052472 0.0356305 0.0000010 0.0327779 0.0159523 0.0106084 0.0384259 0.0327779 0.0437348 0.0106084 0.0213729 0.2523927 0.0739132 
261935_Kenai_River             0.0159523 0.0159523 0.0000000 0.0213217 0.0294819 0.0167000 0.0271362 0.0000010 0.0052710 0.0327195 0.0271362 0.0380170 0.0052710 0.0159279 0.2441207 0.0677587 
353213_Cropley_Lake            0.0052472 0.0052472 0.0213217 0.0000000 0.0416826 0.0167000 0.0383383 0.0213217 0.0159523 0.0440276 0.0383383 0.0493265 0.0159523 0.0267819 0.2594550 0.0798094 
353379_Skagit_River            0.0356305 0.0356305 0.0294819 0.0416826 0.0000000 0.0468299 0.0000010 0.0294819 0.0235218 0.0057548 0.0000010 0.0355579 0.0235218 0.0235270 0.2358731 0.0680161 
353381_Dungeness_River         0.0000010 0.0000010 0.0167000 0.0167000 0.0468299 0.0000000 0.0348599 0.0167000 0.0000010 0.0531351 0.0348599 0.0703349 0.0000010 0.0000010 0.9824040 0.1939998 
353401_Peace_River             0.0327779 0.0327779 0.0271362 0.0383383 0.0000010 0.0348599 0.0000000 0.0271362 0.0216544 0.0053064 0.0000010 0.0327166 0.0216544 0.0216588 0.2216642 0.0623735 
353407_Noatok                  0.0159523 0.0159523 0.0000010 0.0213217 0.0294819 0.0167000 0.0271362 0.0000000 0.0052710 0.0327195 0.0271362 0.0380170 0.0052710 0.0159279 0.2441207 0.0677587 
353410_Horizon_Lake            0.0106084 0.0106084 0.0052710 0.0159523 0.0235218 0.0000010 0.0216544 0.0052710 0.0000000 0.0271972 0.0216544 0.0325047 0.0000010 0.0105922 0.2371793 0.0619497 
92319_Little_Lost              0.0384259 0.0384259 0.0327195 0.0440276 0.0057548 0.0531351 0.0053064 0.0327195 0.0271972 0.0000000 0.0053064 0.0383533 0.0271972 0.0272027 0.2291250 0.0683892 
94280_St_Joe                   0.0327779 0.0327779 0.0271362 0.0383383 0.0000010 0.0348599 0.0000010 0.0271362 0.0216544 0.0053064 0.0000000 0.0327166 0.0216544 0.0216588 0.2216642 0.0623735 
GCA016432855_Lake_Trout        0.0437348 0.0437348 0.0380170 0.0493265 0.0355579 0.0703349 0.0327166 0.0380170 0.0325047 0.0383533 0.0327166 0.0000000 0.0325047 0.0325112 0.2446890 0.0737631 
GCA036784925_Maine_S_alpinus   0.0106084 0.0106084 0.0052710 0.0159523 0.0235218 0.0000010 0.0216544 0.0052710 0.0000010 0.0271972 0.0216544 0.0325047 0.0000000 0.0105922 0.2371793 0.0619497 
GCA045679555_Iceland_A_alpinus 0.0213729 0.0213729 0.0159279 0.0267819 0.0235270 0.0000010 0.0216588 0.0159279 0.0105922 0.0272027 0.0216588 0.0325112 0.0105922 0.0000000 0.2371905 0.0619611 
GCF013265735_Rainbow_Trout     0.2523927 0.2523927 0.2441207 0.2594550 0.2358731 0.9824040 0.2216642 0.2441207 0.2371793 0.2291250 0.2216642 0.2446890 0.2371793 0.2371905 0.0000000 0.2809441 
GCF029448725_Brook_Trout       0.0739132 0.0739132 0.0677587 0.0798094 0.0680161 0.1939998 0.0623735 0.0677587 0.0619497 0.0683892 0.0623735 0.0737631 0.0619497 0.0619611 0.2809441 0.0000000 
