14
251140_Ward_Creek            0.0000000 0.0000010 0.0033293 0.0412847 0.0048074 0.1165222 0.0016622 0.0754437 0.0451518 0.0100780 0.0016623 0.0341529 0.0150838 0.0451518 
260512_Pybus_Point           0.0000010 0.0000000 0.0033293 0.0412847 0.0048074 0.1165222 0.0016622 0.0754437 0.0451518 0.0100780 0.0016623 0.0341529 0.0150838 0.0451518 
353246_Cottonwood_Creek      0.0033293 0.0033293 0.0000000 0.0451614 0.0096482 0.1211449 0.0016616 0.0821119 0.0490491 0.0117622 0.0050015 0.0376617 0.0167662 0.0490491 
353379_Skagit_River          0.0412847 0.0412847 0.0451614 0.0000000 0.0656764 0.1834200 0.0432330 0.0060049 0.0036600 0.0529211 0.0432352 0.0808991 0.0587900 0.0036600 
353381_Dungeness_River       0.0048074 0.0048074 0.0096482 0.0656764 0.0000000 0.1770094 0.0072263 0.1690079 0.0686432 0.0169606 0.0072268 0.0443891 0.0218761 0.0686432 
353401_Peace_River           0.1165222 0.1165222 0.1211449 0.1834200 0.1770094 0.0000000 0.1188693 0.3854316 0.1805248 0.1265299 0.1188755 0.1624144 0.1326104 0.1805248 
353410_Horizon_Lake          0.0016622 0.0016622 0.0016616 0.0432330 0.0072263 0.1188693 0.0000000 0.0788090 0.0471115 0.0100723 0.0033312 0.0359146 0.0150753 0.0471115 
92319_Little_Lost            0.0754437 0.0754437 0.0821119 0.0060049 0.1690079 0.3854316 0.0788090 0.0000000 0.0000010 0.0921108 0.0788154 0.1375992 0.1022234 0.0000010 
94280_St_Joe                 0.0451518 0.0451518 0.0490491 0.0036600 0.0686432 0.1805248 0.0471115 0.0000010 0.0000000 0.0568473 0.0471140 0.0849749 0.0627439 0.0000010 
GCA016432855_Lake_Trout      0.0100780 0.0100780 0.0117622 0.0529211 0.0169606 0.1265299 0.0100723 0.0921108 0.0568473 0.0000000 0.0117755 0.0411323 0.0117579 0.0568473 
GCA036784925_Maine_S_alpinus 0.0016623 0.0016623 0.0050015 0.0432352 0.0072268 0.1188755 0.0033312 0.0788154 0.0471140 0.0117755 0.0000000 0.0359163 0.0167852 0.0471140 
GCF013265735_Rainbow_Trout   0.0341529 0.0341529 0.0376617 0.0808991 0.0443891 0.1624144 0.0359146 0.1375992 0.0849749 0.0411323 0.0359163 0.0000000 0.0429014 0.0849749 
GCF029448725_Brook_Trout     0.0150838 0.0150838 0.0167662 0.0587900 0.0218761 0.1326104 0.0150753 0.1022234 0.0627439 0.0117579 0.0167852 0.0429014 0.0000000 0.0627439 
Methow_River_99895           0.0451518 0.0451518 0.0490491 0.0036600 0.0686432 0.1805248 0.0471115 0.0000010 0.0000010 0.0568473 0.0471140 0.0849749 0.0627439 0.0000000 
