18
251140_Ward_Creek              0.0000000 0.0122524 0.0061953 0.0000010 0.0122087 0.0122524 0.1095351 0.2154886 0.0894996 0.2154886 0.2105512 0.0501441 0.6210822 0.1781835 0.1643002 0.1643002 1.2410531 0.3939053 
260512_Pybus_Point             0.0122524 0.0000000 0.0062177 0.0122524 0.0122524 0.0000010 0.1100231 0.2166227 0.1112066 0.2166227 0.2118439 0.0503359 0.6307614 0.1941342 0.1800766 0.1800766 1.2856308 0.4153265 
261935_Kenai_River             0.0061953 0.0062177 0.0000000 0.0061953 0.0061953 0.0062177 0.1044187 0.2120059 0.1029478 0.2120059 0.1968827 0.0445493 0.6041752 0.1894740 0.1676611 0.1676611 1.2895930 0.4031973 
353213_Cropley_Lake            0.0000010 0.0122524 0.0061953 0.0000000 0.0122087 0.0122524 0.1095351 0.2154886 0.0894996 0.2154886 0.2105512 0.0501441 0.6210822 0.1781835 0.1643002 0.1643002 1.2410531 0.3939053 
353219_Peterson_Creek          0.0122087 0.0122524 0.0061953 0.0122087 0.0000000 0.0122524 0.1095351 0.2154886 0.1104828 0.2154886 0.2012632 0.0501441 0.6210822 0.1931863 0.1792105 0.1792105 1.2600945 0.4124090 
353220_Fish_Creek              0.0122524 0.0000010 0.0062177 0.0122524 0.0122524 0.0000000 0.1100231 0.2166227 0.1112066 0.2166227 0.2118439 0.0503359 0.6307614 0.1941342 0.1800766 0.1800766 1.2856308 0.4153265 
353246_Cottonwood_Creek        0.1095351 0.1100231 0.1044187 0.1095351 0.1095351 0.1100231 0.0000000 0.2393113 0.2752069 0.2393113 0.1713898 0.0805654 0.6411948 0.1670597 0.1090519 0.1090519 1.1681894 0.3462550 
353379_Skagit_River            0.2154886 0.2166227 0.2120059 0.2154886 0.2154886 0.2166227 0.2393113 0.0000000 0.4863627 0.0000010 0.3024692 0.2301428 0.1501035 0.2398196 0.2255433 0.2255433 1.2663742 0.4779321 
353381_Dungeness_River         0.0894996 0.1112066 0.1029478 0.0894996 0.1104828 0.1112066 0.2752069 0.4863627 0.0000000 0.4863627 0.5727738 0.1783749 1.4952324 0.3637851 0.3537693 0.3402748 1.9731203 0.5198148 
353401_Peace_River             0.2154886 0.2166227 0.2120059 0.2154886 0.2154886 0.2166227 0.2393113 0.0000010 0.4863627 0.0000000 0.3024692 0.2301428 0.1501035 0.2398196 0.2255433 0.2255433 1.2663742 0.4779321 
353407_Noatok                  0.2105512 0.2118439 0.1968827 0.2105512 0.2012632 0.2118439 0.1713898 0.3024692 0.5727738 0.3024692 0.0000000 0.1907095 0.9842223 0.2420334 0.2067857 0.2067857 1.5075612 0.4533304 
353410_Horizon_Lake            0.0501441 0.0503359 0.0445493 0.0501441 0.0501441 0.0503359 0.0805654 0.2301428 0.1783749 0.2301428 0.1907095 0.0000000 0.6212961 0.1920789 0.1487312 0.1487312 1.2675362 0.4097006 
92319_Little_Lost              0.6210822 0.6307614 0.6041752 0.6210822 0.6210822 0.6307614 0.6411948 0.1501035 1.4952324 0.1501035 0.9842223 0.6212961 0.0000000 0.6028096 0.5564938 0.5564938 2.1556336 0.6970086 
GCA016432855_Lake_Trout        0.1781835 0.1941342 0.1894740 0.1781835 0.1931863 0.1941342 0.1670597 0.2398196 0.3637851 0.2398196 0.2420334 0.1920789 0.6028096 0.0000000 0.1302267 0.1302267 1.0706428 0.2850364 
GCA036784925_Maine_S_alpinus   0.1643002 0.1800766 0.1676611 0.1643002 0.1792105 0.1800766 0.1090519 0.2255433 0.3537693 0.2255433 0.2067857 0.1487312 0.5564938 0.1302267 0.0000000 0.0122087 1.0889272 0.3375886 
GCA045679555_Iceland_A_alpinus 0.1643002 0.1800766 0.1676611 0.1643002 0.1792105 0.1800766 0.1090519 0.2255433 0.3402748 0.2255433 0.2067857 0.1487312 0.5564938 0.1302267 0.0122087 0.0000000 1.0889272 0.3375886 
GCF013265735_Rainbow_Trout     1.2410531 1.2856308 1.2895930 1.2410531 1.2600945 1.2856308 1.1681894 1.2663742 1.9731203 1.2663742 1.5075612 1.2675362 2.1556336 1.0706428 1.0889272 1.0889272 0.0000000 1.4361438 
GCF029448725_Brook_Trout       0.3939053 0.4153265 0.4031973 0.3939053 0.4124090 0.4153265 0.3462550 0.4779321 0.5198148 0.4779321 0.4533304 0.4097006 0.6970086 0.2850364 0.3375886 0.3375886 1.4361438 0.0000000 
