19
251140_Ward_Creek              0.0000000 0.0046246 0.0023131 0.0023131 0.0046353 0.0023093 0.0059060 0.1506274 0.0495951 0.1506274 0.0046353 0.0046353 0.1534794 0.1563803 0.1447993 0.1399071 0.3505820 0.0186790 0.1563803 
260512_Pybus_Point             0.0046246 0.0000000 0.0069563 0.0069563 0.0092936 0.0023096 0.0118495 0.1563803 0.0642661 0.1563803 0.0092936 0.0092936 0.1592488 0.1621686 0.1505106 0.1455135 0.3578867 0.0234076 0.1621686 
261935_Kenai_River             0.0023131 0.0069563 0.0000000 0.0000010 0.0023131 0.0046315 0.0029455 0.1476255 0.0422470 0.1476255 0.0023131 0.0023131 0.1504663 0.1533547 0.1418245 0.1369909 0.3465195 0.0163113 0.1533547 
353213_Cropley_Lake            0.0023131 0.0069563 0.0000010 0.0000000 0.0023131 0.0046315 0.0029455 0.1476255 0.0422470 0.1476255 0.0023131 0.0023131 0.1504663 0.1533547 0.1418245 0.1369909 0.3465195 0.0163113 0.1533547 
353219_Peterson_Creek          0.0046353 0.0092936 0.0023131 0.0023131 0.0000000 0.0069611 0.0000010 0.1506274 0.0495951 0.1506274 0.0000010 0.0046353 0.1534794 0.1563803 0.1447993 0.1399071 0.3505820 0.0186790 0.1563803 
353220_Fish_Creek              0.0023093 0.0023096 0.0046315 0.0046315 0.0069611 0.0000000 0.0088723 0.1534794 0.0568880 0.1534794 0.0069611 0.0069611 0.1563389 0.1592488 0.1476318 0.1426890 0.3541343 0.0210389 0.1592488 
353246_Cottonwood_Creek        0.0059060 0.0118495 0.0029455 0.0029455 0.0000010 0.0088723 0.0000000 0.1958606 0.0503082 0.1958606 0.0000010 0.0059060 0.1997181 0.2036732 0.1917907 0.1843778 0.4761138 0.0178279 0.2036732 
353379_Skagit_River            0.1506274 0.1563803 0.1476255 0.1476255 0.1506274 0.1534794 0.1958606 0.0000000 0.7251086 0.0000010 0.1506274 0.1506274 0.0023495 0.0047052 0.0141911 0.0238485 0.1728036 0.1621686 0.0047052 
353381_Dungeness_River         0.0495951 0.0642661 0.0422470 0.0422470 0.0495951 0.0568880 0.0503082 0.7251086 0.0000000 0.7251086 0.0495951 0.0495951 0.7413643 0.7611489 0.7004444 0.6446933 2.9496753 0.0716706 0.7611489 
353401_Peace_River             0.1506274 0.1563803 0.1476255 0.1476255 0.1506274 0.1534794 0.1958606 0.0000010 0.7251086 0.0000000 0.1506274 0.1506274 0.0023495 0.0047052 0.0141911 0.0238485 0.1728036 0.1621686 0.0047052 
353407_Noatok                  0.0046353 0.0092936 0.0023131 0.0023131 0.0000010 0.0069611 0.0000010 0.1506274 0.0495951 0.1506274 0.0000000 0.0046353 0.1534794 0.1563803 0.1447993 0.1399071 0.3505820 0.0186790 0.1563803 
353410_Horizon_Lake            0.0046353 0.0092936 0.0023131 0.0023131 0.0046353 0.0069611 0.0059060 0.1506274 0.0495951 0.1506274 0.0046353 0.0000000 0.1534794 0.1563803 0.1447993 0.1399071 0.3505820 0.0186790 0.1563803 
92319_Little_Lost              0.1534794 0.1592488 0.1504663 0.1504663 0.1534794 0.1563389 0.1997181 0.0023495 0.7413643 0.0023495 0.1534794 0.1534794 0.0000000 0.0070664 0.0165767 0.0262658 0.1699126 0.1650534 0.0070664 
94280_St_Joe                   0.1563803 0.1621686 0.1533547 0.1533547 0.1563803 0.1592488 0.2036732 0.0047052 0.7611489 0.0047052 0.1563803 0.1563803 0.0070664 0.0000000 0.0189706 0.0286932 0.1786598 0.1679921 0.0000010 
GCA016432855_Lake_Trout        0.1447993 0.1505106 0.1418245 0.1418245 0.1447993 0.1476318 0.1917907 0.0141911 0.7004444 0.0141911 0.1447993 0.1447993 0.0165767 0.0189706 0.0000000 0.0190215 0.1727068 0.1562560 0.0189706 
GCA045679555_Iceland_A_alpinus 0.1399071 0.1455135 0.1369909 0.1369909 0.1399071 0.1426890 0.1843778 0.0238485 0.6446933 0.0238485 0.1399071 0.1399071 0.0262658 0.0286932 0.0190215 0.0000000 0.1851087 0.1567891 0.0286932 
GCF013265735_Rainbow_Trout     0.3505820 0.3578867 0.3465195 0.3465195 0.3505820 0.3541343 0.4761138 0.1728036 2.9496753 0.1728036 0.3505820 0.3505820 0.1699126 0.1786598 0.1727068 0.1851087 0.0000000 0.3576966 0.1786598 
GCF029448725_Brook_Trout       0.0186790 0.0234076 0.0163113 0.0163113 0.0186790 0.0210389 0.0178279 0.1621686 0.0716706 0.1621686 0.0186790 0.0186790 0.1650534 0.1679921 0.1562560 0.1567891 0.3576966 0.0000000 0.1679921 
Methow_River_99895             0.1563803 0.1621686 0.1533547 0.1533547 0.1563803 0.1592488 0.2036732 0.0047052 0.7611489 0.0047052 0.1563803 0.1563803 0.0070664 0.0000010 0.0189706 0.0286932 0.1786598 0.1679921 0.0000000 
