13
251140_Ward_Creek          0.0000000 0.0356116 0.0356116 0.0000010 4.3754749 0.2029179 6.6384640 0.2029179 4.3754749 4.7662682 4.2932871 0.5585063 4.7938641 
260512_Pybus_Point         0.0356116 0.0000000 0.0000010 0.0356116 3.9053388 0.1559432 8.9999981 0.1559432 3.9053388 4.1496381 3.9027076 0.4787406 4.2932871 
261935_Kenai_River         0.0356116 0.0000010 0.0000000 0.0356116 3.9053388 0.1559432 8.9999981 0.1559432 3.9053388 4.1496381 3.9027076 0.4787406 4.2932871 
353219_Peterson_Creek      0.0000010 0.0356116 0.0356116 0.0000000 4.3754749 0.2029179 6.6384640 0.2029179 4.3754749 4.7662682 4.2932871 0.5585063 4.7938641 
353246_Cottonwood_Creek    4.3754749 3.9053388 3.9053388 4.3754749 0.0000000 2.8915945 0.2381007 2.8915945 0.0000010 0.0229870 0.1216285 3.3698368 0.2041118 
353379_Skagit_River        0.2029179 0.1559432 0.1559432 0.2029179 2.8915945 0.0000000 8.9999987 0.0000010 2.8915945 2.9490260 3.0011507 0.3380883 3.2201066 
353381_Dungeness_River     6.6384640 8.9999981 8.9999981 6.6384640 0.2381007 8.9999987 0.0000000 8.9999987 0.2381007 0.2931182 0.3612545 9.0000000 0.6597624 
353401_Peace_River         0.2029179 0.1559432 0.1559432 0.2029179 2.8915945 0.0000010 8.9999987 0.0000000 2.8915945 2.9490260 3.0011507 0.3380883 3.2201066 
353407_Noatok              4.3754749 3.9053388 3.9053388 4.3754749 0.0000010 2.8915945 0.2381007 2.8915945 0.0000000 0.0229870 0.1216285 3.3698368 0.2041118 
353410_Horizon_Lake        4.7662682 4.1496381 4.1496381 4.7662682 0.0229870 2.9490260 0.2931182 2.9490260 0.0229870 0.0000000 0.1476820 3.4651139 0.2324169 
GCA016432855_Lake_Trout    4.2932871 3.9027076 3.9027076 4.2932871 0.1216285 3.0011507 0.3612545 3.0011507 0.1216285 0.1476820 0.0000000 3.4223255 0.1743314 
GCF013265735_Rainbow_Trout 0.5585063 0.4787406 0.4787406 0.5585063 3.3698368 0.3380883 9.0000000 0.3380883 3.3698368 3.4651139 3.4223255 0.0000000 3.6462747 
GCF029448725_Brook_Trout   4.7938641 4.2932871 4.2932871 4.7938641 0.2041118 3.2201066 0.6597624 3.2201066 0.2041118 0.2324169 0.1743314 3.6462747 0.0000000 
