20
251140_Ward_Creek              0.0000000 0.0131332 0.0045931 0.0020665 0.0019949 0.0084973 0.0457268 0.0667366 0.0801757 0.0518101 0.0204028 0.0598532 0.0660651 0.0518101 0.1058978 0.0851897 0.0817292 0.2737376 0.1494697 0.0529731 
260512_Pybus_Point             0.0131332 0.0000000 0.0185897 0.0157194 0.0131325 0.0085177 0.0484575 0.0633368 0.1045932 0.0484557 0.0259522 0.0577988 0.0626430 0.0484557 0.1023732 0.0795625 0.0761220 0.2695853 0.1454549 0.0496137 
261935_Kenai_River             0.0045931 0.0185897 0.0000000 0.0000010 0.0068973 0.0115494 0.0916501 0.1051155 0.0943458 0.0960388 0.0325537 0.0735344 0.1069031 0.0960388 0.2141065 0.1788250 0.1724495 0.4708496 0.2997527 0.0991618 
353213_Cropley_Lake            0.0020665 0.0157194 0.0000010 0.0000000 0.0041372 0.0063625 0.0457517 0.0718129 0.0736454 0.0562267 0.0234491 0.0643669 0.0711483 0.0562267 0.1127088 0.0908773 0.0872648 0.2834472 0.1569806 0.0574429 
353219_Peterson_Creek          0.0019949 0.0131325 0.0068973 0.0041372 0.0000000 0.0074310 0.0457239 0.0690345 0.0769650 0.0540719 0.0225746 0.0620160 0.0683778 0.0540719 0.1082926 0.0851852 0.0817250 0.2765822 0.1519917 0.0552389 
353220_Fish_Creek              0.0084973 0.0085177 0.0115494 0.0063625 0.0074310 0.0000000 0.0470889 0.0672613 0.0870558 0.0514300 0.0286949 0.0623605 0.0665525 0.0514300 0.1088972 0.0831996 0.0795436 0.2749889 0.1539361 0.0526628 
353246_Cottonwood_Creek        0.0457268 0.0484575 0.0916501 0.0457517 0.0457239 0.0470889 0.0000000 0.1067754 0.0606845 0.0917442 0.0623178 0.1115988 0.1062637 0.0917442 0.1658900 0.1345773 0.1299921 0.3775003 0.1932987 0.0932956 
353379_Skagit_River            0.0667366 0.0633368 0.1051155 0.0718129 0.0690345 0.0672613 0.1067754 0.0000000 0.2879747 0.0160602 0.0735975 0.1024618 0.0053514 0.0160602 0.1277372 0.1195718 0.1157394 0.3060708 0.1729062 0.0171496 
353381_Dungeness_River         0.0801757 0.1045932 0.0943458 0.0736454 0.0769650 0.0870558 0.0606845 0.2879747 0.0000000 0.2347447 0.1487763 0.2805333 0.3014598 0.2347447 0.4387536 0.3436945 0.3332852 0.7271745 0.5552067 0.2400025 
353401_Peace_River             0.0518101 0.0484557 0.0960388 0.0562267 0.0540719 0.0514300 0.0917442 0.0160602 0.2347447 0.0000000 0.0581082 0.0866789 0.0129013 0.0000010 0.1111426 0.1031970 0.0994399 0.2856591 0.1552964 0.0010603 
353407_Noatok                  0.0204028 0.0259522 0.0325537 0.0234491 0.0225746 0.0286949 0.0623178 0.0735975 0.1487763 0.0581082 0.0000000 0.0719280 0.0729512 0.0581082 0.1131273 0.0871779 0.0834912 0.2868083 0.1601501 0.0593179 
353410_Horizon_Lake            0.0598532 0.0577988 0.0735344 0.0643669 0.0620160 0.0623605 0.1115988 0.1024618 0.2805333 0.0866789 0.0719280 0.0000000 0.1020175 0.0866789 0.1490368 0.1281112 0.1244166 0.3234941 0.1959354 0.0879258 
92319_Little_Lost              0.0660651 0.0626430 0.1069031 0.0711483 0.0683778 0.0665525 0.1062637 0.0053514 0.3014598 0.0129013 0.0729512 0.1020175 0.0000000 0.0129013 0.1274624 0.1192398 0.1153803 0.3057267 0.1729685 0.0139917 
94280_St_Joe                   0.0518101 0.0484557 0.0960388 0.0562267 0.0540719 0.0514300 0.0917442 0.0160602 0.2347447 0.0000010 0.0581082 0.0866789 0.0129013 0.0000000 0.1111426 0.1031970 0.0994399 0.2856591 0.1552964 0.0010603 
GCA016432855_Lake_Trout        0.1058978 0.1023732 0.2141065 0.1127088 0.1082926 0.1088972 0.1658900 0.1277372 0.4387536 0.1111426 0.1131273 0.1490368 0.1274624 0.1111426 0.0000000 0.0534951 0.0501084 0.3330268 0.0676000 0.1124668 
GCA036784925_Maine_S_alpinus   0.0851897 0.0795625 0.1788250 0.0908773 0.0851852 0.0831996 0.1345773 0.1195718 0.3436945 0.1031970 0.0871779 0.1281112 0.1192398 0.1031970 0.0534951 0.0000000 0.0030785 0.3422226 0.0959680 0.1044995 
GCA045679555_Iceland_A_alpinus 0.0817292 0.0761220 0.1724495 0.0872648 0.0817250 0.0795436 0.1299921 0.1157394 0.3332852 0.0994399 0.0834912 0.1244166 0.1153803 0.0994399 0.0501084 0.0030785 0.0000000 0.3372384 0.0923671 0.1007344 
GCF013265735_Rainbow_Trout     0.2737376 0.2695853 0.4708496 0.2834472 0.2765822 0.2749889 0.3775003 0.3060708 0.7271745 0.2856591 0.2868083 0.3234941 0.3057267 0.2856591 0.3330268 0.3422226 0.3372384 0.0000000 0.3875280 0.2874150 
GCF029448725_Brook_Trout       0.1494697 0.1454549 0.2997527 0.1569806 0.1519917 0.1539361 0.1932987 0.1729062 0.5552067 0.1552964 0.1601501 0.1959354 0.1729685 0.1552964 0.0676000 0.0959680 0.0923671 0.3875280 0.0000000 0.1567275 
Methow_River_99895             0.0529731 0.0496137 0.0991618 0.0574429 0.0552389 0.0526628 0.0932956 0.0171496 0.2400025 0.0010603 0.0593179 0.0879258 0.0139917 0.0010603 0.1124668 0.1044995 0.1007344 0.2874150 0.1567275 0.0000000 
