11
251140_Ward_Creek          0.0000000 0.0161864 0.0161864 0.0496265 0.0496265 0.0498764 1.9741558 0.0514498 0.1400159 0.0496265 0.0496265 
260512_Pybus_Point         0.0161864 0.0000000 0.0000010 0.0270219 0.0270219 0.0281476 1.0661649 0.0333921 0.0990401 0.0322519 0.0280342 
261935_Kenai_River         0.0161864 0.0000010 0.0000000 0.0270219 0.0270219 0.0281476 1.0661649 0.0333921 0.0990401 0.0322519 0.0280342 
353379_Skagit_River        0.0496265 0.0270219 0.0270219 0.0000000 0.0000010 0.0281110 1.1055495 0.0333387 0.0988464 0.0322025 0.0000010 
353401_Peace_River         0.0496265 0.0270219 0.0270219 0.0000010 0.0000000 0.0281110 1.1055495 0.0333387 0.0988464 0.0322025 0.0000010 
353407_Noatok              0.0498764 0.0281476 0.0281476 0.0281110 0.0281110 0.0000000 1.1933230 0.0335004 0.1032632 0.0323537 0.0281110 
353410_Horizon_Lake        1.9741558 1.0661649 1.0661649 1.1055495 1.1055495 1.1933230 0.0000000 2.5952085 1.3107866 1.8291782 1.2347841 
GCA016432855_Lake_Trout    0.0514498 0.0333921 0.0333921 0.0333387 0.0333387 0.0335004 2.5952085 0.0000000 0.1236889 0.0333387 0.0333387 
GCF013265735_Rainbow_Trout 0.1400159 0.0990401 0.0990401 0.0988464 0.0988464 0.1032632 1.3107866 0.1236889 0.0000000 0.1189777 0.1027460 
GCF029448725_Brook_Trout   0.0496265 0.0322519 0.0322519 0.0322025 0.0322025 0.0323537 1.8291782 0.0333387 0.1189777 0.0000000 0.0322025 
Methow_River_99895         0.0496265 0.0280342 0.0280342 0.0000010 0.0000010 0.0281110 1.2347841 0.0333387 0.1027460 0.0322025 0.0000000 
