15
251140_Ward_Creek              0.0000000 0.0000010 0.1706123 2.2025086 0.2723411 0.6762295 0.0298361 0.3595537 0.1706123 0.2163496 0.0247478 0.0275352 0.6510796 0.1953520 0.1892378 
260512_Pybus_Point             0.0000010 0.0000000 0.1706123 2.2025086 0.2723411 0.6762295 0.0298361 0.3595537 0.1706123 0.2163496 0.0247478 0.0275352 0.6510796 0.1953520 0.1892378 
353379_Skagit_River            0.1706123 0.1706123 0.0000000 0.7103845 0.0730750 0.3416076 0.1833178 0.0823026 0.0000010 0.0653706 0.1642915 0.1675906 0.3735068 0.0439377 0.0078048 
353381_Dungeness_River         2.2025086 2.2025086 0.7103845 0.0000000 0.9071498 0.1610048 3.3215807 2.5772203 0.7103845 0.8601668 2.2747336 2.2746111 0.3198595 0.7608010 0.6611348 
353401_Peace_River             0.2723411 0.2723411 0.0730750 0.9071498 0.0000000 0.4999749 0.2973354 0.0034088 0.0730750 0.1420039 0.2652716 0.2690744 0.4662587 0.1177897 0.0646074 
353407_Noatok                  0.6762295 0.6762295 0.3416076 0.1610048 0.4999749 0.0000000 0.7849970 0.7351096 0.3416076 0.3948149 0.6653003 0.6722794 0.2223173 0.3662000 0.3777562 
353410_Horizon_Lake            0.0298361 0.0298361 0.1833178 3.3215807 0.2973354 0.7849970 0.0000000 0.3561191 0.1833178 0.1836588 0.0029310 0.0058717 0.6581243 0.2065614 0.2045566 
92319_Little_Lost              0.3595537 0.3595537 0.0823026 2.5772203 0.0034088 0.7351096 0.3561191 0.0000000 0.0823026 0.1180526 0.3561191 0.3617778 0.5554935 0.1258869 0.0823026 
94280_St_Joe                   0.1706123 0.1706123 0.0000010 0.7103845 0.0730750 0.3416076 0.1833178 0.0823026 0.0000000 0.0653706 0.1642915 0.1675906 0.3735068 0.0439377 0.0078048 
GCA016432855_Lake_Trout        0.2163496 0.2163496 0.0653706 0.8601668 0.1420039 0.3948149 0.1836588 0.1180526 0.0653706 0.0000000 0.2097958 0.2132617 0.3457678 0.0736977 0.0764851 
GCA036784925_Maine_S_alpinus   0.0247478 0.0247478 0.1642915 2.2747336 0.2652716 0.6653003 0.0029310 0.3561191 0.1642915 0.2097958 0.0000000 0.0027083 0.6427803 0.1888892 0.1825621 
GCA045679555_Iceland_A_alpinus 0.0275352 0.0275352 0.1675906 2.2746111 0.2690744 0.6722794 0.0058717 0.3617778 0.1675906 0.2132617 0.0027083 0.0000000 0.6480065 0.1922863 0.1860642 
GCF013265735_Rainbow_Trout     0.6510796 0.6510796 0.3735068 0.3198595 0.4662587 0.2223173 0.6581243 0.5554935 0.3735068 0.3457678 0.6427803 0.6480065 0.0000000 0.3841509 0.4004604 
GCF029448725_Brook_Trout       0.1953520 0.1953520 0.0439377 0.7608010 0.1177897 0.3662000 0.2065614 0.1258869 0.0439377 0.0736977 0.1888892 0.1922863 0.3841509 0.0000000 0.0539722 
Methow_River_99895             0.1892378 0.1892378 0.0078048 0.6611348 0.0646074 0.3777562 0.2045566 0.0823026 0.0078048 0.0764851 0.1825621 0.1860642 0.4004604 0.0539722 0.0000000 
