17
251140_Ward_Creek              0.0000000 0.0059463 0.0089372 0.0059463 0.0285243 0.0118672 0.0271447 0.0271523 0.0089397 0.0271447 0.0240740 0.0271431 0.0119452 0.0119421 0.1114960 0.0426918 0.0240740 
260512_Pybus_Point             0.0059463 0.0000000 0.0029409 0.0000010 0.0377456 0.0000010 0.0330171 0.0333253 0.0149606 0.0330171 0.0299477 0.0330152 0.0178319 0.0178272 0.1172861 0.0516911 0.0299477 
261935_Kenai_River             0.0089372 0.0029409 0.0000000 0.0029409 0.0425921 0.0058058 0.0360874 0.0364249 0.0179867 0.0360874 0.0330052 0.0360853 0.0208430 0.0208375 0.1207072 0.0548386 0.0330052 
353213_Cropley_Lake            0.0059463 0.0000010 0.0029409 0.0000000 0.0377456 0.0000010 0.0330171 0.0333253 0.0149606 0.0330171 0.0299477 0.0330152 0.0178319 0.0178272 0.1172861 0.0516911 0.0299477 
353379_Skagit_River            0.0285243 0.0377456 0.0425921 0.0377456 0.0000000 0.1563742 0.0092612 0.0383041 0.0236987 0.0092612 0.0046143 0.0329265 0.0281370 0.0281253 0.1726529 0.0673999 0.0046143 
353381_Dungeness_River         0.0118672 0.0000010 0.0058058 0.0000010 0.1563742 0.0000000 0.0539377 0.0549934 0.0178774 0.0539377 0.0539364 0.0601976 0.0235191 0.0175646 0.1971125 0.0923656 0.0539364 
353401_Peace_River             0.0271447 0.0330171 0.0360874 0.0330171 0.0092612 0.0539377 0.0000000 0.0364262 0.0240826 0.0000010 0.0088593 0.0299575 0.0269097 0.0269025 0.1207121 0.0548406 0.0088593 
353407_Noatok                  0.0271523 0.0333253 0.0364249 0.0333253 0.0383041 0.0549934 0.0364262 0.0000000 0.0179935 0.0364262 0.0333143 0.0364241 0.0210381 0.0210325 0.1219106 0.0521817 0.0333143 
353410_Horizon_Lake            0.0089397 0.0149606 0.0179867 0.0149606 0.0236987 0.0178774 0.0240826 0.0179935 0.0000000 0.0240826 0.0210248 0.0240812 0.0029685 0.0029678 0.1080850 0.0395657 0.0210248 
92319_Little_Lost              0.0271447 0.0330171 0.0360874 0.0330171 0.0092612 0.0539377 0.0000010 0.0364262 0.0240826 0.0000000 0.0088593 0.0299575 0.0269097 0.0269025 0.1207121 0.0548406 0.0088593 
94280_St_Joe                   0.0240740 0.0299477 0.0330052 0.0299477 0.0046143 0.0539364 0.0088593 0.0333143 0.0210248 0.0088593 0.0000000 0.0269010 0.0238660 0.0238597 0.1172420 0.0516737 0.0000010 
GCA016432855_Lake_Trout        0.0271431 0.0330152 0.0360853 0.0330152 0.0329265 0.0601976 0.0299575 0.0364241 0.0240812 0.0299575 0.0269010 0.0000000 0.0269081 0.0269010 0.1138384 0.0361047 0.0269010 
GCA036784925_Maine_S_alpinus   0.0119452 0.0178319 0.0208430 0.0178319 0.0281370 0.0235191 0.0269097 0.0210381 0.0029685 0.0269097 0.0238660 0.0269081 0.0000000 0.0058958 0.1104779 0.0454291 0.0238660 
GCA045679555_Iceland_A_alpinus 0.0119421 0.0178272 0.0208375 0.0178272 0.0281253 0.0175646 0.0269025 0.0210325 0.0029678 0.0269025 0.0238597 0.0269010 0.0058958 0.0000000 0.1104443 0.0454167 0.0238597 
GCF013265735_Rainbow_Trout     0.1114960 0.1172861 0.1207072 0.1172861 0.1726529 0.1971125 0.1207121 0.1219106 0.1080850 0.1207121 0.1172420 0.1138384 0.1104779 0.1104443 0.0000000 0.1347146 0.1172420 
GCF029448725_Brook_Trout       0.0426918 0.0516911 0.0548386 0.0516911 0.0673999 0.0923656 0.0548406 0.0521817 0.0395657 0.0548406 0.0516737 0.0361047 0.0454291 0.0454167 0.1347146 0.0000000 0.0516737 
Methow_River_99895             0.0240740 0.0299477 0.0330052 0.0299477 0.0046143 0.0539364 0.0088593 0.0333143 0.0210248 0.0088593 0.0000010 0.0269010 0.0238660 0.0238597 0.1172420 0.0516737 0.0000000 
