12
251140_Ward_Creek            0.0000000 0.0000010 0.0100002 0.0000010 0.0150382 0.0100259 0.1878504 0.0100002 0.0049866 0.0100259 0.1804688 0.0604185 
260512_Pybus_Point           0.0000010 0.0000000 0.0100002 0.0000010 0.0150382 0.0100259 0.1878504 0.0100002 0.0049866 0.0100259 0.1804688 0.0604185 
353379_Skagit_River          0.0100002 0.0100002 0.0000000 0.0192317 0.0049866 0.0201537 0.1754076 0.0000010 0.0150382 0.0201537 0.1970726 0.0761112 
353381_Dungeness_River       0.0000010 0.0000010 0.0192317 0.0000000 0.0289879 0.0193270 0.4177709 0.0192317 0.0095696 0.0193270 0.6260176 0.2203668 
353401_Peace_River           0.0150382 0.0150382 0.0049866 0.0289879 0.0000000 0.0252563 0.1816100 0.0049866 0.0201017 0.0252563 0.2054764 0.0840502 
353410_Horizon_Lake          0.0100259 0.0100259 0.0201537 0.0193270 0.0252563 0.0000000 0.2010598 0.0201537 0.0150769 0.0000010 0.1978692 0.0764124 
92319_Little_Lost            0.1878504 0.1878504 0.1754076 0.4177709 0.1816100 0.2010598 0.0000000 0.1754076 0.1941289 0.2010598 0.2915291 0.1476335 
94280_St_Joe                 0.0100002 0.0100002 0.0000010 0.0192317 0.0049866 0.0201537 0.1754076 0.0000000 0.0150382 0.0201537 0.1970726 0.0761112 
GCA016432855_Lake_Trout      0.0049866 0.0049866 0.0150382 0.0095696 0.0201017 0.0150769 0.1941289 0.0150382 0.0000000 0.0150769 0.1887367 0.0682342 
GCA036784925_Maine_S_alpinus 0.0100259 0.0100259 0.0201537 0.0193270 0.0252563 0.0000010 0.2010598 0.0201537 0.0150769 0.0000000 0.1978692 0.0764124 
GCF013265735_Rainbow_Trout   0.1804688 0.1804688 0.1970726 0.6260176 0.2054764 0.1978692 0.2915291 0.1970726 0.1887367 0.1978692 0.0000000 0.1919659 
GCF029448725_Brook_Trout     0.0604185 0.0604185 0.0761112 0.2203668 0.0840502 0.0764124 0.1476335 0.0761112 0.0682342 0.0764124 0.1919659 0.0000000 
