16
251140_Ward_Creek            0.0000000 0.0000010 0.0139047 0.0113243 0.0113243 0.0152692 0.0114687 0.0075609 0.0091528 0.0000010 0.0113920 0.0075609 0.0113243 0.0000010 7.2223850 0.0443509 
260512_Pybus_Point           0.0000010 0.0000000 0.0139047 0.0113243 0.0113243 0.0152692 0.0114687 0.0075609 0.0091528 0.0000010 0.0113920 0.0075609 0.0113243 0.0000010 7.2223850 0.0443509 
261935_Kenai_River           0.0139047 0.0139047 0.0000000 0.0285632 0.0285632 0.0234914 0.0188295 0.0139283 0.0042605 0.0136986 0.0186737 0.0139283 0.0281271 0.0136986 9.0000000 0.0711921 
353213_Cropley_Lake          0.0113243 0.0113243 0.0285632 0.0000000 0.0000010 0.0037335 0.0234490 0.0193178 0.0234914 0.0113243 0.0232866 0.0193178 0.0231441 0.0113243 8.6287115 0.0591479 
353220_Fish_Creek            0.0113243 0.0113243 0.0285632 0.0000010 0.0000000 0.0037335 0.0234490 0.0193178 0.0234914 0.0113243 0.0232866 0.0193178 0.0231441 0.0113243 8.6287115 0.0591479 
353246_Cottonwood_Creek      0.0152692 0.0152692 0.0234914 0.0037335 0.0037335 0.0000000 0.0193305 0.0152905 0.0185518 0.0152692 0.0191989 0.0152905 0.0273121 0.0152692 7.8730172 0.0645830 
353379_Skagit_River          0.0114687 0.0114687 0.0188295 0.0234490 0.0234490 0.0193305 0.0000000 0.0037414 0.0139394 0.0114687 0.0075159 0.0037414 0.0152687 0.0114687 6.5148796 0.0494409 
353401_Peace_River           0.0075609 0.0075609 0.0139283 0.0193178 0.0193178 0.0152905 0.0037414 0.0000000 0.0091681 0.0075609 0.0037172 0.0000010 0.0113239 0.0075609 5.7759026 0.0443492 
353407_Noatok                0.0091528 0.0091528 0.0042605 0.0234914 0.0234914 0.0185518 0.0139394 0.0091681 0.0000000 0.0090179 0.0138258 0.0091681 0.0231375 0.0090179 9.0000000 0.0647027 
353410_Horizon_Lake          0.0000010 0.0000010 0.0136986 0.0113243 0.0113243 0.0152692 0.0114687 0.0075609 0.0090179 0.0000000 0.0113920 0.0075609 0.0111877 0.0000010 8.8571664 0.0437193 
92319_Little_Lost            0.0113920 0.0113920 0.0186737 0.0232866 0.0232866 0.0191989 0.0075159 0.0037172 0.0138258 0.0113920 0.0000000 0.0037172 0.0151665 0.0113920 5.7759026 0.0490350 
94280_St_Joe                 0.0075609 0.0075609 0.0139283 0.0193178 0.0193178 0.0152905 0.0037414 0.0000010 0.0091681 0.0075609 0.0037172 0.0000000 0.0113239 0.0075609 5.7759026 0.0443492 
GCA016432855_Lake_Trout      0.0113243 0.0113243 0.0281271 0.0231441 0.0231441 0.0273121 0.0152687 0.0113239 0.0231375 0.0111877 0.0151665 0.0113239 0.0000000 0.0111877 4.6138878 0.0378105 
GCA036784925_Maine_S_alpinus 0.0000010 0.0000010 0.0136986 0.0113243 0.0113243 0.0152692 0.0114687 0.0075609 0.0090179 0.0000010 0.0113920 0.0075609 0.0111877 0.0000000 8.8571664 0.0437193 
GCF013265735_Rainbow_Trout   7.2223850 7.2223850 9.0000000 8.6287115 8.6287115 7.8730172 6.5148796 5.7759026 9.0000000 8.8571664 5.7759026 5.7759026 4.6138878 8.8571664 0.0000000 6.3663779 
GCF029448725_Brook_Trout     0.0443509 0.0443509 0.0711921 0.0591479 0.0591479 0.0645830 0.0494409 0.0443492 0.0647027 0.0437193 0.0490350 0.0443492 0.0378105 0.0437193 6.3663779 0.0000000 
