13
251140_Ward_Creek            0.0000000 0.0389382 0.0389382 0.0000010 0.0800088 8.9999986 0.0800088 0.1234608 0.1695850 0.2713286 0.1695850 8.9999987 8.9999988 
260512_Pybus_Point           0.0389382 0.0000000 0.0000010 0.0389382 0.0389382 8.9999983 0.0389382 0.1695850 0.1234608 0.2187328 0.1234608 8.9999983 8.9999986 
261935_Kenai_River           0.0389382 0.0000010 0.0000000 0.0389382 0.0389382 8.9999983 0.0389382 0.1695850 0.1234608 0.2187328 0.1234608 8.9999983 8.9999986 
353246_Cottonwood_Creek      0.0000010 0.0389382 0.0389382 0.0000000 0.0800088 8.9999986 0.0800088 0.1234608 0.1695850 0.2713286 0.1695850 8.9999987 8.9999988 
353379_Skagit_River          0.0800088 0.0389382 0.0389382 0.0800088 0.0000000 8.9999986 0.0000010 0.2187328 0.1695850 0.2713286 0.1695850 8.9999987 8.9999988 
353381_Dungeness_River       8.9999986 8.9999983 8.9999983 8.9999986 8.9999986 0.0000000 8.9999986 8.9999985 8.9999989 8.9999990 8.9999989 9.0000000 8.9999990 
353401_Peace_River           0.0800088 0.0389382 0.0389382 0.0800088 0.0000010 8.9999986 0.0000000 0.2187328 0.1695850 0.2713286 0.1695850 8.9999987 8.9999988 
353407_Noatok                0.1234608 0.1695850 0.1695850 0.1234608 0.2187328 8.9999985 0.2187328 0.0000000 0.3278928 0.4556914 0.3278928 8.9999986 8.9999988 
353410_Horizon_Lake          0.1695850 0.1234608 0.1234608 0.1695850 0.1695850 8.9999989 0.1695850 0.3278928 0.0000000 0.3890734 0.0000010 8.9999986 8.9999987 
GCA016432855_Lake_Trout      0.2713286 0.2187328 0.2187328 0.2713286 0.2713286 8.9999990 0.2713286 0.4556914 0.3890734 0.0000000 0.3890734 8.9999984 8.9999982 
GCA036784925_Maine_S_alpinus 0.1695850 0.1234608 0.1234608 0.1695850 0.1695850 8.9999989 0.1695850 0.3278928 0.0000010 0.3890734 0.0000000 8.9999986 8.9999987 
GCF013265735_Rainbow_Trout   8.9999987 8.9999983 8.9999983 8.9999987 8.9999987 9.0000000 8.9999987 8.9999986 8.9999986 8.9999984 8.9999986 0.0000000 8.9999987 
GCF029448725_Brook_Trout     8.9999988 8.9999986 8.9999986 8.9999988 8.9999988 8.9999990 8.9999988 8.9999988 8.9999987 8.9999982 8.9999987 8.9999987 0.0000000 
