9
251140_Ward_Creek          0.0000000 0.0000010 0.0327088 0.0107450 0.0327088 0.0878130 0.0327553 0.4385766 0.0327088 
260512_Pybus_Point         0.0000010 0.0000000 0.0327088 0.0107450 0.0327088 0.0878130 0.0327553 0.4385766 0.0327088 
353379_Skagit_River        0.0327088 0.0327088 0.0000000 0.0216367 0.0000010 0.1867133 0.0216974 0.3772678 0.0216670 
353381_Dungeness_River     0.0107450 0.0107450 0.0216367 0.0000000 0.0216367 0.1191886 0.0439565 0.5044006 0.0438930 
353401_Peace_River         0.0327088 0.0327088 0.0000010 0.0216367 0.0000000 0.1867133 0.0216974 0.3772678 0.0216670 
353407_Noatok              0.0878130 0.0878130 0.1867133 0.1191886 0.1867133 0.0000000 0.1875933 0.5727915 0.1867133 
GCA016432855_Lake_Trout    0.0327553 0.0327553 0.0216974 0.0439565 0.0216974 0.1875933 0.0000000 0.3805077 0.0216974 
GCF013265735_Rainbow_Trout 0.4385766 0.4385766 0.3772678 0.5044006 0.3772678 0.5727915 0.3805077 0.0000000 0.3772678 
GCF029448725_Brook_Trout   0.0327088 0.0327088 0.0216670 0.0438930 0.0216670 0.1867133 0.0216974 0.3772678 0.0000000 
