14
251140_Ward_Creek              0.0000000 0.0000010 0.0441625 0.0135341 0.1719237 0.0135341 0.0355956 0.0053358 0.0149343 0.0492802 0.0053423 0.0066898 0.0990813 0.0809935 
260512_Pybus_Point             0.0000010 0.0000000 0.0441625 0.0135341 0.1719237 0.0135341 0.0355956 0.0053358 0.0149343 0.0492802 0.0053423 0.0066898 0.0990813 0.0809935 
261935_Kenai_River             0.0441625 0.0441625 0.0000000 0.0533084 0.5708987 0.0533084 0.0000010 0.0446777 0.0555376 0.0333568 0.0426223 0.0468304 0.0933784 0.0670176 
353379_Skagit_River            0.0135341 0.0135341 0.0533084 0.0000000 0.2025573 0.0000010 0.0417828 0.0107881 0.0013284 0.0365826 0.0108014 0.0121737 0.0812192 0.0570293 
353381_Dungeness_River         0.1719237 0.1719237 0.5708987 0.2025573 0.0000000 0.2025573 0.2712743 0.1850601 0.2063977 0.3187325 0.1855490 0.1886860 0.4472515 0.9609945 
353401_Peace_River             0.0135341 0.0135341 0.0533084 0.0000010 0.2025573 0.0000000 0.0417828 0.0107881 0.0013284 0.0365826 0.0108014 0.0121737 0.0812192 0.0570293 
353407_Noatok                  0.0355956 0.0355956 0.0000010 0.0417828 0.2712743 0.0417828 0.0000000 0.0355956 0.0433679 0.0272544 0.0356431 0.0371410 0.0753573 0.0474604 
353410_Horizon_Lake            0.0053358 0.0053358 0.0446777 0.0107881 0.1850601 0.0107881 0.0355956 0.0000000 0.0121737 0.0461054 0.0026616 0.0013284 0.0955224 0.0761585 
94280_St_Joe                   0.0149343 0.0149343 0.0555376 0.0013284 0.2063977 0.0013284 0.0433679 0.0121737 0.0000000 0.0381745 0.0121888 0.0135678 0.0830515 0.0594339 
GCA016432855_Lake_Trout        0.0492802 0.0492802 0.0333568 0.0365826 0.3187325 0.0365826 0.0272544 0.0461054 0.0381745 0.0000000 0.0461705 0.0477571 0.0552306 0.0176763 
GCA036784925_Maine_S_alpinus   0.0053423 0.0053423 0.0426223 0.0108014 0.1855490 0.0108014 0.0356431 0.0026616 0.0121888 0.0461705 0.0000000 0.0040044 0.0956713 0.0763207 
GCA045679555_Iceland_A_alpinus 0.0066898 0.0066898 0.0468304 0.0121737 0.1886860 0.0121737 0.0371410 0.0013284 0.0135678 0.0477571 0.0040044 0.0000000 0.0974503 0.0787375 
GCF013265735_Rainbow_Trout     0.0990813 0.0990813 0.0933784 0.0812192 0.4472515 0.0812192 0.0753573 0.0955224 0.0830515 0.0552306 0.0956713 0.0974503 0.0000000 0.0674617 
GCF029448725_Brook_Trout       0.0809935 0.0809935 0.0670176 0.0570293 0.9609945 0.0570293 0.0474604 0.0761585 0.0594339 0.0176763 0.0763207 0.0787375 0.0674617 0.0000000 
