18
251140_Ward_Creek            0.0000000 0.0847162 0.0763266 0.0946834 0.0766427 0.0010889 0.0763266 0.1226619 0.5679121 0.1154737 0.0983603 0.1024752 0.1187848 0.1154737 0.0983871 0.1024752 0.1633042 0.0888293 
260512_Pybus_Point           0.0847162 0.0000000 0.0036292 0.0126051 0.0036292 0.0826846 0.0036292 0.0254987 0.1412558 0.0261479 0.0147667 0.0170508 0.0209111 0.0261479 0.0592207 0.0170508 0.1179279 0.0150473 
261935_Kenai_River           0.0763266 0.0036292 0.0000000 0.0084028 0.0000010 0.0743460 0.0000010 0.0202813 0.1536919 0.0212021 0.0104326 0.0125721 0.0170307 0.0212021 0.0571594 0.0125721 0.1156816 0.0103146 
353213_Cropley_Lake          0.0946834 0.0126051 0.0084028 0.0000000 0.0084263 0.0926024 0.0084028 0.0116555 0.2229806 0.0129357 0.0202321 0.0226560 0.0285073 0.0129357 0.0434814 0.0226560 0.0980379 0.0202545 
353219_Peterson_Creek        0.0766427 0.0036292 0.0000010 0.0084263 0.0000000 0.0746535 0.0000010 0.0203454 0.1558041 0.0212654 0.0104622 0.0126084 0.0170846 0.0212654 0.0523665 0.0126084 0.1103427 0.0103459 
353220_Fish_Creek            0.0010889 0.0826846 0.0743460 0.0926024 0.0746535 0.0000000 0.0743460 0.1203018 0.5550648 0.1133157 0.0962767 0.1003768 0.1163847 0.1133157 0.0960410 0.1003768 0.1608580 0.0865311 
353246_Cottonwood_Creek      0.0763266 0.0036292 0.0000010 0.0084028 0.0000010 0.0743460 0.0000000 0.0202813 0.1536919 0.0212021 0.0104326 0.0125721 0.0170307 0.0212021 0.0571594 0.0125721 0.1156816 0.0103146 
353379_Skagit_River          0.1226619 0.0254987 0.0202813 0.0116555 0.0203454 0.1203018 0.0202813 0.0000000 0.2309604 0.0009057 0.0256046 0.0283190 0.0135189 0.0009057 0.0423088 0.0283190 0.1043107 0.0179975 
353381_Dungeness_River       0.5679121 0.1412558 0.1536919 0.2229806 0.1558041 0.5550648 0.1536919 0.2309604 0.0000000 0.2389391 0.1536919 0.1762063 0.3220391 0.2389391 0.3705552 0.1762063 0.7320754 0.1449127 
353401_Peace_River           0.1154737 0.0261479 0.0212021 0.0129357 0.0212654 0.1133157 0.0212021 0.0009057 0.2389391 0.0000000 0.0262449 0.0288088 0.0108821 0.0000010 0.0413179 0.0288088 0.0961338 0.0190941 
353407_Noatok                0.0983603 0.0147667 0.0104326 0.0202321 0.0104622 0.0962767 0.0104326 0.0256046 0.1536919 0.0262449 0.0000000 0.0035907 0.0222568 0.0262449 0.0640219 0.0035907 0.1227285 0.0151566 
353410_Horizon_Lake          0.1024752 0.0170508 0.0125721 0.0226560 0.0126084 0.1003768 0.0125721 0.0283190 0.1762063 0.0288088 0.0035907 0.0000000 0.0249349 0.0288088 0.0675294 0.0000010 0.1265034 0.0176707 
92319_Little_Lost            0.1187848 0.0209111 0.0170307 0.0285073 0.0170846 0.1163847 0.0170307 0.0135189 0.3220391 0.0108821 0.0222568 0.0249349 0.0000000 0.0108821 0.0674629 0.0249349 0.1274168 0.0151922 
94280_St_Joe                 0.1154737 0.0261479 0.0212021 0.0129357 0.0212654 0.1133157 0.0212021 0.0009057 0.2389391 0.0000010 0.0262449 0.0288088 0.0108821 0.0000000 0.0413179 0.0288088 0.0961338 0.0190941 
GCA016432855_Lake_Trout      0.0983871 0.0592207 0.0571594 0.0434814 0.0523665 0.0960410 0.0571594 0.0423088 0.3705552 0.0413179 0.0640219 0.0675294 0.0674629 0.0413179 0.0000000 0.0675294 0.1093062 0.0477511 
GCA036784925_Maine_S_alpinus 0.1024752 0.0170508 0.0125721 0.0226560 0.0126084 0.1003768 0.0125721 0.0283190 0.1762063 0.0288088 0.0035907 0.0000010 0.0249349 0.0288088 0.0675294 0.0000000 0.1265034 0.0176707 
GCF013265735_Rainbow_Trout   0.1633042 0.1179279 0.1156816 0.0980379 0.1103427 0.1608580 0.1156816 0.1043107 0.7320754 0.0961338 0.1227285 0.1265034 0.1274168 0.0961338 0.1093062 0.1265034 0.0000000 0.1478629 
GCF029448725_Brook_Trout     0.0888293 0.0150473 0.0103146 0.0202545 0.0103459 0.0865311 0.0103146 0.0179975 0.1449127 0.0190941 0.0151566 0.0176707 0.0151922 0.0190941 0.0477511 0.0176707 0.1478629 0.0000000 
