12
251140_Ward_Creek            0.0000000 0.0000010 0.0051995 0.0265914 0.1317595 0.0265914 0.0211965 0.0104787 0.0320254 0.0051995 0.1162234 0.0286325 
260512_Pybus_Point           0.0000010 0.0000000 0.0051995 0.0265914 0.1317595 0.0265914 0.0211965 0.0104787 0.0320254 0.0051995 0.1162234 0.0286325 
261935_Kenai_River           0.0051995 0.0051995 0.0000000 0.0211965 0.1317595 0.0211965 0.0158397 0.0052209 0.0265914 0.0000010 0.1096480 0.0228179 
353379_Skagit_River          0.0265914 0.0265914 0.0211965 0.0000000 0.2697248 0.0000010 0.0051995 0.0267046 0.0157088 0.0211965 0.1241205 0.0467870 
353381_Dungeness_River       0.1317595 0.1317595 0.1317595 0.2697248 0.0000000 0.2697248 0.2346330 0.1648329 0.3063772 0.1317595 1.3140920 0.4486397 
353401_Peace_River           0.0265914 0.0265914 0.0211965 0.0000010 0.2697248 0.0000000 0.0051995 0.0267046 0.0157088 0.0211965 0.1241205 0.0467870 
353407_Noatok                0.0211965 0.0211965 0.0158397 0.0051995 0.2346330 0.0051995 0.0000000 0.0212863 0.0104353 0.0158397 0.1308859 0.0407763 
353410_Horizon_Lake          0.0104787 0.0104787 0.0052209 0.0267046 0.1648329 0.0267046 0.0212863 0.0000000 0.0321625 0.0052209 0.1168148 0.0287640 
GCA016432855_Lake_Trout      0.0320254 0.0320254 0.0265914 0.0157088 0.3063772 0.0157088 0.0104353 0.0321625 0.0000000 0.0265914 0.1445927 0.0528460 
GCA036784925_Maine_S_alpinus 0.0051995 0.0051995 0.0000010 0.0211965 0.1317595 0.0211965 0.0158397 0.0052209 0.0265914 0.0000000 0.1096480 0.0228179 
GCF013265735_Rainbow_Trout   0.1162234 0.1162234 0.1096480 0.1241205 1.3140920 0.1241205 0.1308859 0.1168148 0.1445927 0.1096480 0.0000000 0.1295413 
GCF029448725_Brook_Trout     0.0286325 0.0286325 0.0228179 0.0467870 0.4486397 0.0467870 0.0407763 0.0287640 0.0528460 0.0228179 0.1295413 0.0000000 
