16
251140_Ward_Creek              0.0000000 0.0000010 0.0222891 0.0428444 0.1717513 0.0472332 0.0221318 0.0018391 0.0450353 0.0472332 0.0491368 0.0195365 0.0195365 0.0764644 0.0363135 0.0660823 
260512_Pybus_Point             0.0000010 0.0000000 0.0222891 0.0428444 0.1717513 0.0472332 0.0221318 0.0018391 0.0450353 0.0472332 0.0491368 0.0195365 0.0195365 0.0764644 0.0363135 0.0660823 
353246_Cottonwood_Creek        0.0222891 0.0222891 0.0000000 0.0837197 0.3646439 0.0900914 0.0000010 0.0197341 0.0869029 0.0900914 0.0343705 0.0023094 0.0023094 0.1111420 0.0416515 0.1163304 
353379_Skagit_River            0.0428444 0.0428444 0.0837197 0.0000000 0.1002791 0.0035674 0.0830527 0.0450284 0.0017788 0.0035674 0.0954799 0.0796179 0.0796179 0.1187832 0.0725996 0.0031728 
353381_Dungeness_River         0.1717513 0.1717513 0.3646439 0.1002791 0.0000000 0.1072019 0.3579559 0.1763312 0.1037395 0.1072019 0.4429212 0.3441902 0.3441902 0.4573951 0.3600954 0.3972924 
353401_Peace_River             0.0472332 0.0472332 0.0900914 0.0035674 0.1072019 0.0000000 0.0893675 0.0494442 0.0053662 0.0000010 0.1019813 0.0858480 0.0858480 0.1255112 0.0788707 0.0031728 
353407_Noatok                  0.0221318 0.0221318 0.0000010 0.0830527 0.3579559 0.0893675 0.0000000 0.0195954 0.0862075 0.0893675 0.0341302 0.0022942 0.0022942 0.1102161 0.0413423 0.1142002 
353410_Horizon_Lake            0.0018391 0.0018391 0.0197341 0.0450284 0.1763312 0.0494442 0.0195954 0.0000000 0.0472326 0.0494442 0.0519253 0.0170279 0.0170279 0.0795185 0.0390615 0.0701569 
92319_Little_Lost              0.0450353 0.0450353 0.0869029 0.0017788 0.1037395 0.0053662 0.0862075 0.0472326 0.0000000 0.0053662 0.0987302 0.0827299 0.0827299 0.1221510 0.0757309 0.0031728 
94280_St_Joe                   0.0472332 0.0472332 0.0900914 0.0035674 0.1072019 0.0000010 0.0893675 0.0494442 0.0053662 0.0000000 0.1019813 0.0858480 0.0858480 0.1255112 0.0788707 0.0031728 
GCA016432855_Lake_Trout        0.0491368 0.0491368 0.0343705 0.0954799 0.4429212 0.1019813 0.0341302 0.0519253 0.0987302 0.1019813 0.0000000 0.0314738 0.0314738 0.1087906 0.0355099 0.1270126 
GCA036784925_Maine_S_alpinus   0.0195365 0.0195365 0.0023094 0.0796179 0.3441902 0.0858480 0.0022942 0.0170279 0.0827299 0.0858480 0.0314738 0.0000000 0.0000010 0.1063755 0.0384709 0.1057745 
GCA045679555_Iceland_A_alpinus 0.0195365 0.0195365 0.0023094 0.0796179 0.3441902 0.0858480 0.0022942 0.0170279 0.0827299 0.0858480 0.0314738 0.0000010 0.0000000 0.1063755 0.0384709 0.1057745 
GCF013265735_Rainbow_Trout     0.0764644 0.0764644 0.1111420 0.1187832 0.4573951 0.1255112 0.1102161 0.0795185 0.1221510 0.1255112 0.1087906 0.1063755 0.1063755 0.0000000 0.0846936 0.2779135 
GCF029448725_Brook_Trout       0.0363135 0.0363135 0.0416515 0.0725996 0.3600954 0.0788707 0.0413423 0.0390615 0.0757309 0.0788707 0.0355099 0.0384709 0.0384709 0.0846936 0.0000000 0.1767935 
Methow_River_99895             0.0660823 0.0660823 0.1163304 0.0031728 0.3972924 0.0031728 0.1142002 0.0701569 0.0031728 0.0031728 0.1270126 0.1057745 0.1057745 0.2779135 0.1767935 0.0000000 
