16
251140_Ward_Creek              0.0000000 0.0000010 0.0005512 0.0406702 0.0540687 0.0000010 0.0480821 0.0591899 0.0491357 0.0769529 0.0480821 0.0941808 0.0437942 0.0437942 0.0693236 0.1358899 
260512_Pybus_Point             0.0000010 0.0000000 0.0005512 0.0406702 0.0540687 0.0000010 0.0480821 0.0591899 0.0491357 0.0769529 0.0480821 0.0941808 0.0437942 0.0437942 0.0693236 0.1358899 
353220_Fish_Creek              0.0005512 0.0005512 0.0000000 0.0412972 0.0547831 0.0010255 0.0487393 0.0598100 0.0497297 0.0777547 0.0487393 0.0948861 0.0444240 0.0444240 0.0699549 0.1367258 
353246_Cottonwood_Creek        0.0406702 0.0406702 0.0412972 0.0000000 0.0074760 0.0828783 0.0099943 0.0233689 0.0150678 0.0312039 0.0099943 0.0438485 0.0027964 0.0027964 0.0354791 0.0741294 
353379_Skagit_River            0.0540687 0.0540687 0.0547831 0.0074760 0.0000000 0.1135938 0.0024883 0.0308050 0.0195163 0.0259895 0.0024883 0.0515379 0.0068508 0.0068508 0.0376003 0.0828031 
353381_Dungeness_River         0.0000010 0.0000010 0.0010255 0.0828783 0.1135938 0.0000000 0.0920645 0.1176363 0.0735099 0.1883442 0.0920645 0.1981866 0.0894438 0.0894438 0.1270986 0.3393400 
353401_Peace_River             0.0480821 0.0480821 0.0487393 0.0099943 0.0024883 0.0920645 0.0000000 0.0268230 0.0163948 0.0207143 0.0000010 0.0542635 0.0093666 0.0093666 0.0325510 0.0857667 
353407_Noatok                  0.0591899 0.0591899 0.0598100 0.0233689 0.0308050 0.1176363 0.0268230 0.0000000 0.0304873 0.0513472 0.0268230 0.0677021 0.0245826 0.0245826 0.0492621 0.0994565 
353410_Horizon_Lake            0.0491357 0.0491357 0.0497297 0.0150678 0.0195163 0.0735099 0.0163948 0.0304873 0.0000000 0.0378646 0.0163948 0.0561694 0.0146863 0.0146863 0.0400425 0.0892369 
92319_Little_Lost              0.0769529 0.0769529 0.0777547 0.0312039 0.0259895 0.1883442 0.0207143 0.0513472 0.0378646 0.0000000 0.0207143 0.0859029 0.0312011 0.0312011 0.0535626 0.1369609 
94280_St_Joe                   0.0480821 0.0480821 0.0487393 0.0099943 0.0024883 0.0920645 0.0000010 0.0268230 0.0163948 0.0207143 0.0000000 0.0542635 0.0093666 0.0093666 0.0325510 0.0857667 
GCA016432855_Lake_Trout        0.0941808 0.0941808 0.0948861 0.0438485 0.0515379 0.1981866 0.0542635 0.0677021 0.0561694 0.0859029 0.0542635 0.0000000 0.0453962 0.0453962 0.0757448 0.0338039 
GCA036784925_Maine_S_alpinus   0.0437942 0.0437942 0.0444240 0.0027964 0.0068508 0.0894438 0.0093666 0.0245826 0.0146863 0.0312011 0.0093666 0.0453962 0.0000000 0.0000010 0.0348767 0.0785884 
GCA045679555_Iceland_A_alpinus 0.0437942 0.0437942 0.0444240 0.0027964 0.0068508 0.0894438 0.0093666 0.0245826 0.0146863 0.0312011 0.0093666 0.0453962 0.0000010 0.0000000 0.0348767 0.0785884 
GCF013265735_Rainbow_Trout     0.0693236 0.0693236 0.0699549 0.0354791 0.0376003 0.1270986 0.0325510 0.0492621 0.0400425 0.0535626 0.0325510 0.0757448 0.0348767 0.0348767 0.0000000 0.1115187 
GCF029448725_Brook_Trout       0.1358899 0.1358899 0.1367258 0.0741294 0.0828031 0.3393400 0.0857667 0.0994565 0.0892369 0.1369609 0.0857667 0.0338039 0.0785884 0.0785884 0.1115187 0.0000000 
