10
251140_Ward_Creek          0.0000000 0.0000010 0.0000010 0.0081082 0.0000010 0.0100672 0.0000010 0.0000010 0.0081082 0.0329717 
260512_Pybus_Point         0.0000010 0.0000000 0.0000010 0.0081082 0.0000010 0.0100672 0.0000010 0.0000010 0.0081082 0.0329717 
261935_Kenai_River         0.0000010 0.0000010 0.0000000 0.0254262 0.0000010 0.0652585 0.0000010 0.0000010 0.0254262 0.0254262 
353379_Skagit_River        0.0081082 0.0081082 0.0254262 0.0000000 0.0000010 0.0000010 0.0254262 0.0652585 0.0000010 0.0414462 
353381_Dungeness_River     0.0000010 0.0000010 0.0000010 0.0000010 0.0000000 0.0000010 0.0000010 0.0000010 0.0000010 9.0000000 
353401_Peace_River         0.0100672 0.0100672 0.0652585 0.0000010 0.0000010 0.0000000 0.0652585 0.0652585 0.0000010 0.0517446 
353407_Noatok              0.0000010 0.0000010 0.0000010 0.0254262 0.0000010 0.0652585 0.0000000 0.0000010 0.0254262 0.0254262 
353410_Horizon_Lake        0.0000010 0.0000010 0.0000010 0.0652585 0.0000010 0.0652585 0.0000010 0.0000000 0.0652585 0.0652585 
92319_Little_Lost          0.0081082 0.0081082 0.0254262 0.0000010 0.0000010 0.0000010 0.0254262 0.0652585 0.0000000 0.0414462 
GCF013265735_Rainbow_Trout 0.0329717 0.0329717 0.0254262 0.0414462 9.0000000 0.0517446 0.0254262 0.0652585 0.0414462 0.0000000 
