16
251140_Ward_Creek              0.0000000 0.0000010 0.0000010 0.0441021 0.0000010 0.0500248 0.0083681 0.0369199 0.0787589 0.0441021 0.0395952 0.0392739 0.0393204 0.0907933 0.0022676 0.0500248 
260512_Pybus_Point             0.0000010 0.0000000 0.0000010 0.0441021 0.0000010 0.0500248 0.0083681 0.0369199 0.0787589 0.0441021 0.0395952 0.0392739 0.0393204 0.0907933 0.0022676 0.0500248 
261935_Kenai_River             0.0000010 0.0000010 0.0000000 0.0688782 0.0000010 0.0868298 0.0077674 0.0646925 0.2985589 0.0688782 0.0646925 0.0688782 0.0690220 0.1539290 0.0000010 0.0868298 
353379_Skagit_River            0.0441021 0.0441021 0.0688782 0.0000000 0.0052773 0.0000010 0.0518264 0.0059704 0.0019956 0.0000010 0.0043353 0.0079685 0.0079766 0.0511987 0.0322919 0.0000010 
353381_Dungeness_River         0.0000010 0.0000010 0.0000010 0.0052773 0.0000000 0.0060979 0.0069935 0.0000010 0.0146363 0.0052773 0.0026523 0.0026281 0.0026308 0.0515107 0.0027175 0.0060979 
353401_Peace_River             0.0500248 0.0500248 0.0868298 0.0000010 0.0060979 0.0000000 0.0607505 0.0066893 0.0019956 0.0000010 0.0047020 0.0089291 0.0089392 0.0504801 0.0351907 0.0000010 
353407_Noatok                  0.0083681 0.0083681 0.0077674 0.0518264 0.0069935 0.0607505 0.0000000 0.0547867 0.1208938 0.0518264 0.0518993 0.0577552 0.0578409 0.1136159 0.0055788 0.0607505 
353410_Horizon_Lake            0.0369199 0.0369199 0.0646925 0.0059704 0.0000010 0.0066893 0.0547867 0.0000000 0.0097728 0.0059704 0.0039961 0.0019822 0.0019842 0.0490997 0.0395952 0.0066893 
92319_Little_Lost              0.0787589 0.0787589 0.2985589 0.0019956 0.0146363 0.0019956 0.1208938 0.0097728 0.0000000 0.0019956 0.0060426 0.0130514 0.0130732 0.0606455 0.0465332 0.0019956 
94280_St_Joe                   0.0441021 0.0441021 0.0688782 0.0000010 0.0052773 0.0000010 0.0518264 0.0059704 0.0019956 0.0000000 0.0043353 0.0079685 0.0079766 0.0511987 0.0322919 0.0000010 
GCA016432855_Lake_Trout        0.0395952 0.0395952 0.0646925 0.0043353 0.0026523 0.0047020 0.0518993 0.0039961 0.0060426 0.0043353 0.0000000 0.0060002 0.0060063 0.0451436 0.0289920 0.0047020 
GCA036784925_Maine_S_alpinus   0.0392739 0.0392739 0.0688782 0.0079685 0.0026281 0.0089291 0.0577552 0.0019822 0.0130514 0.0079685 0.0060002 0.0000000 0.0039723 0.0511987 0.0419739 0.0089291 
GCA045679555_Iceland_A_alpinus 0.0393204 0.0393204 0.0690220 0.0079766 0.0026308 0.0089392 0.0578409 0.0019842 0.0130732 0.0079766 0.0060063 0.0039723 0.0000000 0.0512525 0.0420241 0.0089392 
GCF013265735_Rainbow_Trout     0.0907933 0.0907933 0.1539290 0.0511987 0.0515107 0.0504801 0.1136159 0.0490997 0.0606455 0.0511987 0.0451436 0.0511987 0.0512525 0.0000000 0.0888223 0.0504801 
GCF029448725_Brook_Trout       0.0022676 0.0022676 0.0000010 0.0322919 0.0027175 0.0351907 0.0055788 0.0395952 0.0465332 0.0322919 0.0289920 0.0419739 0.0420241 0.0888223 0.0000000 0.0351907 
Methow_River_99895             0.0500248 0.0500248 0.0868298 0.0000010 0.0060979 0.0000010 0.0607505 0.0066893 0.0019956 0.0000010 0.0047020 0.0089291 0.0089392 0.0504801 0.0351907 0.0000000 
