14
251140_Ward_Creek              0.0000000 0.0000010 0.0227738 0.0047873 0.0368945 0.0142334 0.0368945 0.0090237 0.0227738 0.0368788 0.0090472 0.0090472 0.1982593 0.0758656 
260512_Pybus_Point             0.0000010 0.0000000 0.0227738 0.0047873 0.0368945 0.0142334 0.0368945 0.0090237 0.0227738 0.0368788 0.0090472 0.0090472 0.1982593 0.0758656 
261935_Kenai_River             0.0227738 0.0227738 0.0000000 0.0242231 0.0416937 0.0894079 0.0416937 0.0227738 0.0000010 0.0416757 0.0228331 0.0228331 0.2106302 0.0809848 
353219_Peterson_Creek          0.0047873 0.0047873 0.0242231 0.0000000 0.0392731 0.0354547 0.0392731 0.0095928 0.0242231 0.0392559 0.0096189 0.0096189 0.2126178 0.0809072 
353379_Skagit_River            0.0368945 0.0368945 0.0416937 0.0392731 0.0000000 0.1069183 0.0000010 0.0368945 0.0416937 0.0275264 0.0369915 0.0369915 0.1790721 0.0660582 
353381_Dungeness_River         0.0142334 0.0142334 0.0894079 0.0354547 0.1069183 0.0000000 0.1069183 0.0433844 0.0894079 0.1230229 0.0437447 0.0437447 0.9594414 0.2516545 
353401_Peace_River             0.0368945 0.0368945 0.0416937 0.0392731 0.0000010 0.1069183 0.0000000 0.0368945 0.0416937 0.0275264 0.0369915 0.0369915 0.1790721 0.0660582 
353407_Noatok                  0.0090237 0.0090237 0.0227738 0.0095928 0.0368945 0.0433844 0.0368945 0.0000000 0.0227738 0.0368788 0.0090472 0.0090472 0.2040896 0.0758656 
353410_Horizon_Lake            0.0227738 0.0227738 0.0000010 0.0242231 0.0416937 0.0894079 0.0416937 0.0227738 0.0000000 0.0416757 0.0228331 0.0228331 0.2106302 0.0809848 
GCA016432855_Lake_Trout        0.0368788 0.0368788 0.0416757 0.0392559 0.0275264 0.1230229 0.0275264 0.0368788 0.0416757 0.0000000 0.0369757 0.0369757 0.1921452 0.0660268 
GCA036784925_Maine_S_alpinus   0.0090472 0.0090472 0.0228331 0.0096189 0.0369915 0.0437447 0.0369915 0.0090472 0.0228331 0.0369757 0.0000000 0.0000010 0.2047503 0.0760731 
GCA045679555_Iceland_A_alpinus 0.0090472 0.0090472 0.0228331 0.0096189 0.0369915 0.0437447 0.0369915 0.0090472 0.0228331 0.0369757 0.0000010 0.0000000 0.2047503 0.0760731 
GCF013265735_Rainbow_Trout     0.1982593 0.1982593 0.2106302 0.2126178 0.1790721 0.9594414 0.1790721 0.2040896 0.2106302 0.1921452 0.2047503 0.2047503 0.0000000 0.2350116 
GCF029448725_Brook_Trout       0.0758656 0.0758656 0.0809848 0.0809072 0.0660582 0.2516545 0.0660582 0.0758656 0.0809848 0.0660268 0.0760731 0.0760731 0.2350116 0.0000000 
