12
251140_Ward_Creek            0.0000000 0.0000010 0.0108703 0.0108908 0.0000010 0.0108908 0.0054202 0.0054304 0.0388038 0.0054202 0.2559096 1.0451130 
260512_Pybus_Point           0.0000010 0.0000000 0.0108703 0.0108908 0.0000010 0.0108908 0.0054202 0.0054304 0.0388038 0.0054202 0.2559096 1.0451130 
353246_Cottonwood_Creek      0.0108703 0.0108703 0.0000000 0.0219029 0.0200028 0.0219029 0.0054202 0.0163815 0.0501770 0.0163505 0.2706714 1.0892230 
353379_Skagit_River          0.0108908 0.0108908 0.0219029 0.0000000 0.0099508 0.0000010 0.0163815 0.0164126 0.0275078 0.0163815 0.2408264 1.0293051 
353381_Dungeness_River       0.0000010 0.0000010 0.0200028 0.0099508 0.0000000 0.0099508 0.0099508 0.0099844 0.0617062 0.0099508 0.4679568 0.7233310 
353401_Peace_River           0.0108908 0.0108908 0.0219029 0.0000010 0.0099508 0.0000000 0.0163815 0.0164126 0.0275078 0.0163815 0.2408264 1.0293051 
353407_Noatok                0.0054202 0.0054202 0.0054202 0.0163815 0.0099508 0.0163815 0.0000000 0.0108908 0.0444740 0.0108703 0.2632615 1.0669304 
353410_Horizon_Lake          0.0054304 0.0054304 0.0163815 0.0164126 0.0099844 0.0164126 0.0108908 0.0000000 0.0445602 0.0108908 0.2638680 1.0729341 
GCA016432855_Lake_Trout      0.0388038 0.0388038 0.0501770 0.0275078 0.0617062 0.0275078 0.0444740 0.0445602 0.0000000 0.0444740 0.2787850 1.1318549 
GCA036784925_Maine_S_alpinus 0.0054202 0.0054202 0.0163505 0.0163815 0.0099508 0.0163815 0.0108703 0.0108908 0.0444740 0.0000000 0.2632615 1.0669304 
GCF013265735_Rainbow_Trout   0.2559096 0.2559096 0.2706714 0.2408264 0.4679568 0.2408264 0.2632615 0.2638680 0.2787850 0.2632615 0.0000000 2.6546319 
GCF029448725_Brook_Trout     1.0451130 1.0451130 1.0892230 1.0293051 0.7233310 1.0293051 1.0669304 1.0729341 1.1318549 1.0669304 2.6546319 0.0000000 
