7
251140_Ward_Creek          0.0000000 0.0000010 0.2326162 0.2326162 0.2326162 9.0000000 0.5716050 
260512_Pybus_Point         0.0000010 0.0000000 0.2326162 0.2326162 0.2326162 9.0000000 0.5716050 
261935_Kenai_River         0.2326162 0.2326162 0.0000000 0.0000010 0.0000010 1.2070784 0.2326162 
353379_Skagit_River        0.2326162 0.2326162 0.0000010 0.0000000 0.0000010 1.2070784 0.2326162 
92319_Little_Lost          0.2326162 0.2326162 0.0000010 0.0000010 0.0000000 1.2070784 0.2326162 
GCF013265735_Rainbow_Trout 9.0000000 9.0000000 1.2070784 1.2070784 1.2070784 0.0000000 9.0000000 
GCF029448725_Brook_Trout   0.5716050 0.5716050 0.2326162 0.2326162 0.2326162 9.0000000 0.0000000 
