18
251140_Ward_Creek            0.0000000 0.0034810 0.0104739 0.0069723 0.0000010 0.0034804 0.0175883 0.0000010 0.0105042 0.0069878 0.0034810 0.0140288 0.0069723 0.0069711 0.0034810 0.3275894 0.0148399 0.0105042 
260512_Pybus_Point           0.0034810 0.0000000 0.0139883 0.0104757 0.0034810 0.0069723 0.0211410 0.0045452 0.0140288 0.0104991 0.0069735 0.0175651 0.0104757 0.0104739 0.0069735 0.3388681 0.0185824 0.0140288 
261935_Kenai_River           0.0104739 0.0139883 0.0000000 0.0034764 0.0104739 0.0069671 0.0211244 0.0136906 0.0211058 0.0175504 0.0139883 0.0246643 0.0175112 0.0175081 0.0139883 0.3612514 0.0260975 0.0211058 
353213_Cropley_Lake          0.0069723 0.0104757 0.0034764 0.0000000 0.0069723 0.0034785 0.0175775 0.0091095 0.0175621 0.0140195 0.0104757 0.0211095 0.0139883 0.0139859 0.0104757 0.3500158 0.0223341 0.0175621 
353219_Peterson_Creek        0.0000010 0.0034810 0.0104739 0.0069723 0.0000000 0.0034804 0.0175883 0.0000010 0.0105042 0.0069878 0.0034810 0.0140288 0.0069723 0.0069711 0.0034810 0.3275894 0.0148399 0.0105042 
353220_Fish_Creek            0.0034804 0.0069723 0.0069671 0.0034785 0.0034804 0.0000000 0.0211373 0.0045441 0.0140264 0.0104973 0.0069723 0.0175621 0.0104739 0.0104721 0.0069723 0.3386388 0.0185790 0.0140264 
353379_Skagit_River          0.0175883 0.0211410 0.0211244 0.0175775 0.0175883 0.0211373 0.0000000 0.0183948 0.0211862 0.0247572 0.0211410 0.0247585 0.0175775 0.0246969 0.0211410 0.3896676 0.0338253 0.0211862 
353381_Dungeness_River       0.0000010 0.0045452 0.0136906 0.0091095 0.0000010 0.0045441 0.0183948 0.0000000 0.0091418 0.0091360 0.0045452 0.0137425 0.0045441 0.0091075 0.0045452 0.8852556 0.0197777 0.0091418 
353401_Peace_River           0.0105042 0.0140288 0.0211058 0.0175621 0.0105042 0.0140264 0.0211862 0.0091418 0.0000000 0.0176016 0.0140288 0.0034777 0.0034864 0.0175590 0.0140288 0.3410753 0.0261785 0.0000010 
353407_Noatok                0.0069878 0.0104991 0.0175504 0.0140195 0.0069878 0.0104973 0.0247572 0.0091360 0.0176016 0.0000000 0.0104991 0.0211571 0.0140195 0.0140171 0.0104991 0.3249369 0.0223874 0.0176016 
353410_Horizon_Lake          0.0034810 0.0069735 0.0139883 0.0104757 0.0034810 0.0069723 0.0211410 0.0045452 0.0140288 0.0104991 0.0000000 0.0175651 0.0104757 0.0104739 0.0069735 0.3388681 0.0185824 0.0140288 
92319_Little_Lost            0.0140288 0.0175651 0.0246643 0.0211095 0.0140288 0.0175621 0.0247585 0.0137425 0.0034777 0.0211571 0.0175651 0.0000000 0.0069842 0.0211058 0.0175651 0.3525568 0.0299714 0.0034777 
94280_St_Joe                 0.0069723 0.0104757 0.0175112 0.0139883 0.0069723 0.0104739 0.0175775 0.0045441 0.0034864 0.0140195 0.0104757 0.0069842 0.0000000 0.0139859 0.0104757 0.3270156 0.0223341 0.0034864 
GCA016432855_Lake_Trout      0.0069711 0.0104739 0.0175081 0.0139859 0.0069711 0.0104721 0.0246969 0.0091075 0.0175590 0.0140171 0.0104739 0.0211058 0.0139859 0.0000000 0.0104739 0.3214510 0.0216059 0.0175590 
GCA036784925_Maine_S_alpinus 0.0034810 0.0069735 0.0139883 0.0104757 0.0034810 0.0069723 0.0211410 0.0045452 0.0140288 0.0104991 0.0069735 0.0175651 0.0104757 0.0104739 0.0000000 0.3388681 0.0185824 0.0140288 
GCF013265735_Rainbow_Trout   0.3275894 0.3388681 0.3612514 0.3500158 0.3275894 0.3386388 0.3896676 0.8852556 0.3410753 0.3249369 0.3388681 0.3525568 0.3270156 0.3214510 0.3388681 0.0000000 0.4030583 0.3410753 
GCF029448725_Brook_Trout     0.0148399 0.0185824 0.0260975 0.0223341 0.0148399 0.0185790 0.0338253 0.0197777 0.0261785 0.0223874 0.0185824 0.0299714 0.0223341 0.0216059 0.0185824 0.4030583 0.0000000 0.0261785 
Methow_River_99895           0.0105042 0.0140288 0.0211058 0.0175621 0.0105042 0.0140264 0.0211862 0.0091418 0.0000010 0.0176016 0.0140288 0.0034777 0.0034864 0.0175590 0.0140288 0.3410753 0.0261785 0.0000000 
