18
251140_Ward_Creek            0.0000000 0.5038694 0.8108223 0.5038694 0.2226485 0.8108223 1.7085493 1.0877677 1.7060353 1.1538765 1.1538765 1.6985258 1.7060353 1.7402556 1.1538765 2.2641300 1.7389771 1.6985258 
260512_Pybus_Point           0.5038694 0.0000000 0.7766914 0.0000010 0.8133865 0.2201943 1.6985073 0.3586613 1.6944274 1.1281358 1.1281358 1.6881418 1.6944274 1.7282825 1.1281358 2.2653123 1.7269851 1.6881418 
261935_Kenai_River           0.8108223 0.7766914 0.0000000 0.7766914 1.0358266 0.4795594 1.6943759 1.2200664 1.6888273 0.5015243 0.9735852 1.6823243 1.6888273 1.7288334 0.9735852 2.2951038 1.7272739 1.6823243 
353213_Cropley_Lake          0.5038694 0.0000010 0.7766914 0.0000000 0.8133865 0.2201943 1.6985073 0.3586613 1.6944274 1.1281358 1.1281358 1.6881418 1.6944274 1.7282825 1.1281358 2.2653123 1.7269851 1.6881418 
353219_Peterson_Creek        0.2226485 0.8133865 1.0358266 0.8133865 0.0000000 1.0358266 1.7060353 0.7851601 1.7026486 1.0064794 1.0064794 1.6944570 1.7026486 1.7430996 1.0064794 2.2376625 1.7415711 1.6944570 
353246_Cottonwood_Creek      0.8108223 0.2201943 0.4795594 0.2201943 1.0358266 0.0000000 1.6943759 0.8285431 1.6888273 0.9735852 0.9735852 1.6823243 1.6888273 1.7288334 0.9735852 2.2951038 1.7272739 1.6823243 
353379_Skagit_River          1.7085493 1.6985073 1.6943759 1.6985073 1.7060353 1.6943759 0.0000000 1.3018197 0.2182533 1.6977142 1.6977142 0.4978235 0.2182533 2.1599413 1.6977142 2.3666749 2.1583022 0.4978235 
353381_Dungeness_River       1.0877677 0.3586613 1.2200664 0.3586613 0.7851601 0.8285431 1.3018197 0.0000000 1.1900643 1.1900643 1.1900643 1.2781621 1.1900643 1.8868056 1.1900643 2.2793391 1.8850747 1.2781621 
353401_Peace_River           1.7060353 1.6944274 1.6888273 1.6944274 1.7026486 1.6888273 0.2182533 1.1900643 0.0000000 1.6902773 1.6902773 0.2122031 0.0000010 2.2436548 1.6902773 2.3996877 2.2416333 0.2122031 
353407_Noatok                1.1538765 1.1281358 0.5015243 1.1281358 1.0064794 0.9735852 1.6977142 1.1900643 1.6902773 0.0000000 0.4823129 1.6808583 1.6902773 1.7543561 0.4823129 2.2935100 1.7518302 1.6808583 
353410_Horizon_Lake          1.1538765 1.1281358 0.9735852 1.1281358 1.0064794 0.9735852 1.6977142 1.1900643 1.6902773 0.4823129 0.0000000 1.6808583 1.6902773 1.7543561 0.0000010 2.2935100 1.7518302 1.6808583 
92319_Little_Lost            1.6985258 1.6881418 1.6823243 1.6881418 1.6944570 1.6823243 0.4978235 1.2781621 0.2122031 1.6808583 1.6808583 0.0000000 0.2122031 2.1591368 1.6808583 2.3684854 2.1574465 0.4788464 
94280_St_Joe                 1.7060353 1.6944274 1.6888273 1.6944274 1.7026486 1.6888273 0.2182533 1.1900643 0.0000010 1.6902773 1.6902773 0.2122031 0.0000000 2.2436548 1.6902773 2.3996877 2.2416333 0.2122031 
GCA016432855_Lake_Trout      1.7402556 1.7282825 1.7288334 1.7282825 1.7430996 1.7288334 2.1599413 1.8868056 2.2436548 1.7543561 1.7543561 2.1591368 2.2436548 0.0000000 1.7543561 2.3658837 2.7512494 2.1591368 
GCA036784925_Maine_S_alpinus 1.1538765 1.1281358 0.9735852 1.1281358 1.0064794 0.9735852 1.6977142 1.1900643 1.6902773 0.4823129 0.0000010 1.6808583 1.6902773 1.7543561 0.0000000 2.2935100 1.7518302 1.6808583 
GCF013265735_Rainbow_Trout   2.2641300 2.2653123 2.2951038 2.2653123 2.2376625 2.2951038 2.3666749 2.2793391 2.3996877 2.2935100 2.2935100 2.3684854 2.3996877 2.3658837 2.2935100 0.0000000 2.5642603 2.3684854 
GCF029448725_Brook_Trout     1.7389771 1.7269851 1.7272739 1.7269851 1.7415711 1.7272739 2.1583022 1.8850747 2.2416333 1.7518302 1.7518302 2.1574465 2.2416333 2.7512494 1.7518302 2.5642603 0.0000000 2.1574465 
Methow_River_99895           1.6985258 1.6881418 1.6823243 1.6881418 1.6944570 1.6823243 0.4978235 1.2781621 0.2122031 1.6808583 1.6808583 0.4788464 0.2122031 2.1591368 1.6808583 2.3684854 2.1574465 0.0000000 
