7
251140_Ward_Creek              0.0000000 0.0000010 0.2567147 0.0924245 0.0924245 0.8921880 0.1584818 
260512_Pybus_Point             0.0000010 0.0000000 0.2567147 0.0924245 0.0924245 0.8921880 0.1584818 
GCA016432855_Lake_Trout        0.2567147 0.2567147 0.0000000 0.2567147 0.2567147 1.0506698 0.0750626 
GCA036784925_Maine_S_alpinus   0.0924245 0.0924245 0.2567147 0.0000000 0.0000010 0.8921880 0.1584818 
GCA045679555_Iceland_A_alpinus 0.0924245 0.0924245 0.2567147 0.0000010 0.0000000 0.8921880 0.1584818 
GCF013265735_Rainbow_Trout     0.8921880 0.8921880 1.0506698 0.8921880 0.8921880 0.0000000 2.2833918 
GCF029448725_Brook_Trout       0.1584818 0.1584818 0.0750626 0.1584818 0.1584818 2.2833918 0.0000000 
