15
251140_Ward_Creek              0.0000000 0.0000010 0.1235137 0.1837665 0.0370166 0.0753958 0.4371167 0.0000010 0.4371167 0.2810810 0.2810810 0.3251049 0.0370166 1.2632888 2.6245149 
260512_Pybus_Point             0.0000010 0.0000000 0.1235137 0.1837665 0.0370166 0.0753958 0.4371167 0.0000010 0.4371167 0.2810810 0.2810810 0.3251049 0.0370166 1.2632888 2.6245149 
261935_Kenai_River             0.1235137 0.1235137 0.0000000 0.3864957 0.1683921 0.2152028 0.7277692 0.2573230 0.7277692 0.1205803 0.1205803 0.5727346 0.1683921 1.5905836 3.9730481 
353213_Cropley_Lake            0.1837665 0.1837665 0.3864957 0.0000000 0.2349863 0.2882828 0.8864268 0.4345496 0.8864268 0.6845863 0.6845863 0.7211364 0.2349863 1.6285006 3.3026857 
353219_Peterson_Creek          0.0370166 0.0370166 0.1683921 0.2349863 0.0000000 0.1151564 0.4956906 0.0686805 0.4956906 0.3366356 0.3366356 0.3801518 0.0753958 1.2946217 2.5382636 
353246_Cottonwood_Creek        0.0753958 0.0753958 0.2152028 0.2882828 0.1151564 0.0000000 0.5554367 0.1419564 0.5554367 0.3947439 0.3947439 0.4371167 0.1151564 1.3232999 2.4708921 
353379_Skagit_River            0.4371167 0.4371167 0.7277692 0.8864268 0.4956906 0.5554367 0.0000000 0.5450840 0.0000010 0.3589339 0.3589339 0.3941347 0.4956906 1.2501704 2.1419111 
353381_Dungeness_River         0.0000010 0.0000010 0.2573230 0.4345496 0.0686805 0.1419564 0.5450840 0.0000000 0.5450840 0.2573230 0.2573230 0.3379486 0.0000010 1.5594629 3.6825836 
353401_Peace_River             0.4371167 0.4371167 0.7277692 0.8864268 0.4956906 0.5554367 0.0000010 0.5450840 0.0000000 0.3589339 0.3589339 0.3941347 0.4956906 1.2501704 2.1419111 
353407_Noatok                  0.2810810 0.2810810 0.1205803 0.6845863 0.3366356 0.3947439 0.3589339 0.2573230 0.3589339 0.0000000 0.0000010 0.2681486 0.3366356 1.2502142 2.6304805 
353410_Horizon_Lake            0.2810810 0.2810810 0.1205803 0.6845863 0.3366356 0.3947439 0.3589339 0.2573230 0.3589339 0.0000010 0.0000000 0.2681486 0.3366356 1.2502142 2.6304805 
GCA016432855_Lake_Trout        0.3251049 0.3251049 0.5727346 0.7211364 0.3801518 0.4371167 0.3941347 0.3379486 0.3941347 0.2681486 0.2681486 0.0000000 0.3801518 1.2206085 2.1959542 
GCA045679555_Iceland_A_alpinus 0.0370166 0.0370166 0.1683921 0.2349863 0.0753958 0.1151564 0.4956906 0.0000010 0.4956906 0.3366356 0.3366356 0.3801518 0.0000000 1.2946217 2.5382636 
GCF013265735_Rainbow_Trout     1.2632888 1.2632888 1.5905836 1.6285006 1.2946217 1.3232999 1.2501704 1.5594629 1.2501704 1.2502142 1.2502142 1.2206085 1.2946217 0.0000000 2.2943562 
GCF029448725_Brook_Trout       2.6245149 2.6245149 3.9730481 3.3026857 2.5382636 2.4708921 2.1419111 3.6825836 2.1419111 2.6304805 2.6304805 2.1959542 2.5382636 2.2943562 0.0000000 
