13
251140_Ward_Creek              0.0000000 0.0000010 0.0254050 0.0251294 0.4671535 0.0000010 0.4671535 0.0251294 0.4812700 0.0514633 0.0254050 1.8329184 0.5979648 
260512_Pybus_Point             0.0000010 0.0000000 0.0254050 0.0251294 0.4671535 0.0000010 0.4671535 0.0251294 0.4812700 0.0514633 0.0254050 1.8329184 0.5979648 
261935_Kenai_River             0.0254050 0.0254050 0.0000000 0.0514633 0.5250898 0.1152631 0.5250898 0.0514633 0.5376044 0.0791264 0.0520561 1.9689126 0.6597148 
353246_Cottonwood_Creek        0.0251294 0.0251294 0.0514633 0.0000000 0.5118487 0.1093635 0.5118487 0.0000010 0.4392704 0.0254050 0.0514633 1.8538820 0.6419528 
353379_Skagit_River            0.4671535 0.4671535 0.5250898 0.5118487 0.0000000 3.5215282 0.0000010 0.5118487 0.7450959 0.5729068 0.5250898 3.5136364 0.7225227 
353381_Dungeness_River         0.0000010 0.0000010 0.1152631 0.1093635 3.5215282 0.0000000 3.5215282 0.1093635 2.0380878 0.2449870 0.1152631 3.3749640 2.6464469 
353401_Peace_River             0.4671535 0.4671535 0.5250898 0.5118487 0.0000010 3.5215282 0.0000000 0.5118487 0.7450959 0.5729068 0.5250898 3.5136364 0.7225227 
353407_Noatok                  0.0251294 0.0251294 0.0514633 0.0000010 0.5118487 0.1093635 0.5118487 0.0000000 0.4392704 0.0254050 0.0514633 1.8538820 0.6419528 
GCA016432855_Lake_Trout        0.4812700 0.4812700 0.5376044 0.4392704 0.7450959 2.0380878 0.7450959 0.4392704 0.0000000 0.4927232 0.5376044 2.4455122 0.3393511 
GCA036784925_Maine_S_alpinus   0.0514633 0.0514633 0.0791264 0.0254050 0.5729068 0.2449870 0.5729068 0.0254050 0.4927232 0.0000000 0.0251294 1.9832802 0.7062592 
GCA045679555_Iceland_A_alpinus 0.0254050 0.0254050 0.0520561 0.0514633 0.5250898 0.1152631 0.5250898 0.0514633 0.5376044 0.0251294 0.0000000 1.9689126 0.6597148 
GCF013265735_Rainbow_Trout     1.8329184 1.8329184 1.9689126 1.8538820 3.5136364 3.3749640 3.5136364 1.8538820 2.4455122 1.9832802 1.9689126 0.0000000 2.6331339 
GCF029448725_Brook_Trout       0.5979648 0.5979648 0.6597148 0.6419528 0.7225227 2.6464469 0.7225227 0.6419528 0.3393511 0.7062592 0.6597148 2.6331339 0.0000000 
