18
251140_Ward_Creek              0.0000000 0.1227490 0.1763218 0.1763218 0.0232821 0.0000010 0.2042496 0.0000010 0.3068969 0.2319412 0.2149118 0.3068969 0.5072363 0.5557914 0.2895957 0.2038600 1.5589238 0.5483402 
260512_Pybus_Point             0.1227490 0.0000000 0.4636964 0.4636964 0.1072594 0.1072594 0.4612758 0.3709649 0.5465332 0.5596458 0.5587264 0.5465332 0.9589572 1.2951385 0.4161657 0.5117157 1.8557374 1.1826906 
261935_Kenai_River             0.1763218 0.4636964 0.0000000 0.0000010 0.2155919 0.1883211 0.3097731 0.0500860 0.3133023 0.0433277 0.0691600 0.3133023 0.5029134 0.3045604 0.0885658 0.0214258 1.3231194 0.3025776 
353213_Cropley_Lake            0.1763218 0.4636964 0.0000010 0.0000000 0.2155919 0.1883211 0.3097731 0.0500860 0.3133023 0.0433277 0.0691600 0.3133023 0.5029134 0.3045604 0.0885658 0.0214258 1.3231194 0.3025776 
353219_Peterson_Creek          0.0232821 0.1072594 0.2155919 0.2155919 0.0000000 0.0215056 0.2401984 0.0000010 0.3374089 0.2693640 0.2546513 0.3374089 0.5304381 0.5886535 0.3249622 0.2422334 1.9225464 0.5806096 
353220_Fish_Creek              0.0000010 0.1072594 0.1883211 0.1883211 0.0215056 0.0000000 0.2145741 0.0000010 0.3114269 0.2405751 0.2250183 0.3114269 0.4983998 0.5416920 0.2946537 0.2142063 1.5065980 0.5351194 
353379_Skagit_River            0.2042496 0.4612758 0.3097731 0.3097731 0.2401984 0.2145741 0.0000000 0.2786806 0.1027366 0.3681901 0.3589587 0.1027366 0.2795627 0.6564164 0.3682520 0.2811767 1.6845854 0.6466387 
353381_Dungeness_River         0.0000010 0.3709649 0.0500860 0.0500860 0.0000010 0.0000010 0.2786806 0.0000000 0.3431748 0.1581403 0.1779776 0.3431748 0.9685309 0.9440327 0.2761607 0.1028009 2.8692244 0.7769004 
353401_Peace_River             0.3068969 0.5465332 0.3133023 0.3133023 0.3374089 0.3114269 0.1027366 0.3431748 0.0000000 0.3779069 0.3682511 0.0000010 0.2607835 0.7042641 0.3779768 0.2816988 1.6599896 0.6498175 
353407_Noatok                  0.2319412 0.5596458 0.0433277 0.0433277 0.2693640 0.2405751 0.3681901 0.1581403 0.3779069 0.0000000 0.1177758 0.3779069 0.5659726 0.3681993 0.1356989 0.0657078 1.3710491 0.3653856 
353410_Horizon_Lake            0.2149118 0.5587264 0.0691600 0.0691600 0.2546513 0.2250183 0.3589587 0.1779776 0.3682511 0.1177758 0.0000000 0.3682511 0.5692078 0.4125413 0.1177947 0.0456162 1.5277924 0.4086714 
92319_Little_Lost              0.3068969 0.5465332 0.3133023 0.3133023 0.3374089 0.3114269 0.1027366 0.3431748 0.0000010 0.3779069 0.3682511 0.0000000 0.2607835 0.7042641 0.3779768 0.2816988 1.6599896 0.6498175 
94280_St_Joe                   0.5072363 0.9589572 0.5029134 0.5029134 0.5304381 0.4983998 0.2795627 0.9685309 0.2607835 0.5659726 0.5692078 0.2607835 0.0000000 0.8386169 0.5660661 0.4714228 1.8425509 0.8221701 
GCA016432855_Lake_Trout        0.5557914 1.2951385 0.3045604 0.3045604 0.5886535 0.5416920 0.6564164 0.9440327 0.7042641 0.3681993 0.4125413 0.7042641 0.8386169 0.0000000 0.4337213 0.3361106 1.6071332 0.0439787 
GCA036784925_Maine_S_alpinus   0.2895957 0.4161657 0.0885658 0.0885658 0.3249622 0.2946537 0.3682520 0.2761607 0.3779768 0.1356989 0.1177947 0.3779768 0.5660661 0.4337213 0.0000000 0.0657177 1.4107492 0.4298681 
GCA045679555_Iceland_A_alpinus 0.2038600 0.5117157 0.0214258 0.0214258 0.2422334 0.2142063 0.2811767 0.1028009 0.2816988 0.0657078 0.0456162 0.2816988 0.4714228 0.3361106 0.0657177 0.0000000 1.3482361 0.3337375 
GCF013265735_Rainbow_Trout     1.5589238 1.8557374 1.3231194 1.3231194 1.9225464 1.5065980 1.6845854 2.8692244 1.6599896 1.3710491 1.5277924 1.6599896 1.8425509 1.6071332 1.4107492 1.3482361 0.0000000 1.5389133 
GCF029448725_Brook_Trout       0.5483402 1.1826906 0.3025776 0.3025776 0.5806096 0.5351194 0.6466387 0.7769004 0.6498175 0.3653856 0.4086714 0.6498175 0.8221701 0.0439787 0.4298681 0.3337375 1.5389133 0.0000000 
