16
251140_Ward_Creek              0.0000000 0.0000010 0.0019681 0.0019681 0.0414705 0.0000010 0.0414705 0.0059173 0.0098893 0.0457168 0.0457168 0.0533714 0.0059220 0.0059220 0.3939963 0.0471544 
260512_Pybus_Point             0.0000010 0.0000000 0.0019681 0.0019681 0.0414705 0.0000010 0.0414705 0.0059173 0.0098893 0.0457168 0.0457168 0.0533714 0.0059220 0.0059220 0.3939963 0.0471544 
353220_Fish_Creek              0.0019681 0.0019681 0.0000000 0.0039448 0.0436473 0.0064290 0.0436473 0.0079072 0.0118936 0.0479086 0.0479086 0.0555546 0.0079135 0.0079135 0.4025029 0.0493201 
353246_Cottonwood_Creek        0.0019681 0.0019681 0.0039448 0.0000000 0.0436462 0.0000010 0.0436462 0.0079072 0.0118935 0.0479072 0.0479072 0.0555529 0.0079135 0.0079135 0.4022221 0.0493187 
353379_Skagit_River            0.0414705 0.0414705 0.0436473 0.0436462 0.0000000 0.1462518 0.0000010 0.0388487 0.0430614 0.0039114 0.0039114 0.0279674 0.0436006 0.0436006 0.3476551 0.0220792 
353381_Dungeness_River         0.0000010 0.0000010 0.0064290 0.0000010 0.1462518 0.0000000 0.1462518 0.0194286 0.0326780 0.1629841 0.1629841 0.1657724 0.0129439 0.0129439 1.8811860 0.1624053 
353401_Peace_River             0.0414705 0.0414705 0.0436473 0.0436462 0.0000010 0.1462518 0.0000000 0.0388487 0.0430614 0.0039114 0.0039114 0.0279674 0.0436006 0.0436006 0.3476551 0.0220792 
353407_Noatok                  0.0059173 0.0059173 0.0079072 0.0079072 0.0388487 0.0194286 0.0388487 0.0000000 0.0078064 0.0430300 0.0430300 0.0506111 0.0078995 0.0078995 0.3779754 0.0446582 
353410_Horizon_Lake            0.0098893 0.0098893 0.0118936 0.0118935 0.0430614 0.0326780 0.0430614 0.0078064 0.0000000 0.0472638 0.0472638 0.0548160 0.0118819 0.0118819 0.3917950 0.0488568 
92319_Little_Lost              0.0457168 0.0457168 0.0479086 0.0479072 0.0039114 0.1629841 0.0039114 0.0430300 0.0472638 0.0000000 0.0000010 0.0320295 0.0478569 0.0478569 0.3598442 0.0261483 
94280_St_Joe                   0.0457168 0.0457168 0.0479086 0.0479072 0.0039114 0.1629841 0.0039114 0.0430300 0.0472638 0.0000010 0.0000000 0.0320295 0.0478569 0.0478569 0.3598442 0.0261483 
GCA016432855_Lake_Trout        0.0533714 0.0533714 0.0555546 0.0555529 0.0279674 0.1657724 0.0279674 0.0506111 0.0548160 0.0320295 0.0320295 0.0000000 0.0554949 0.0554949 0.3621152 0.0317708 
GCA036784925_Maine_S_alpinus   0.0059220 0.0059220 0.0079135 0.0079135 0.0436006 0.0129439 0.0436006 0.0078995 0.0118819 0.0478569 0.0478569 0.0554949 0.0000000 0.0000010 0.3941088 0.0492676 
GCA045679555_Iceland_A_alpinus 0.0059220 0.0059220 0.0079135 0.0079135 0.0436006 0.0129439 0.0436006 0.0078995 0.0118819 0.0478569 0.0478569 0.0554949 0.0000010 0.0000000 0.3941088 0.0492676 
GCF013265735_Rainbow_Trout     0.3939963 0.3939963 0.4025029 0.4022221 0.3476551 1.8811860 0.3476551 0.3779754 0.3917950 0.3598442 0.3598442 0.3621152 0.3941088 0.3941088 0.0000000 0.3462830 
GCF029448725_Brook_Trout       0.0471544 0.0471544 0.0493201 0.0493187 0.0220792 0.1624053 0.0220792 0.0446582 0.0488568 0.0261483 0.0261483 0.0317708 0.0492676 0.0492676 0.3462830 0.0000000 
