18
251140_Ward_Creek              0.0000000 0.5828928 0.0687072 0.0000010 0.0545986 1.2230286 0.0173519 3.0592342 0.8501880 3.2500205 3.9714046 3.0827048 0.6530375 0.5049392 2.8410084 3.9288585 3.6560174 3.0592342 
260512_Pybus_Point             0.5828928 0.0000000 0.7295506 0.5828928 0.7014669 2.3483410 1.0053501 1.0131816 0.2015336 1.1921407 1.3102085 1.0205899 2.3096383 1.8437254 0.8450799 3.0428391 3.9334440 1.0131816 
261935_Kenai_River             0.0687072 0.7295506 0.0000000 0.0687072 0.0133032 1.1801082 0.1096630 2.8144522 0.7376304 2.9503552 3.5220616 2.8336796 0.6674815 0.5203924 2.6120240 3.8108865 3.3999100 2.8144522 
353213_Cropley_Lake            0.0000010 0.5828928 0.0687072 0.0000000 0.0545986 1.2230286 0.0173519 3.0592342 0.8501880 3.2500205 3.9714046 3.0827048 0.6530375 0.5049392 2.8410084 3.9288585 3.6560174 3.0592342 
353246_Cottonwood_Creek        0.0545986 0.7014669 0.0133032 0.0545986 0.0000000 1.1801082 0.0905735 2.8521856 0.7070064 3.0008381 3.6163401 2.8726789 0.6432026 0.4988888 2.6399261 3.8757485 3.4550682 2.8521856 
353379_Skagit_River            1.2230286 2.3483410 1.1801082 1.2230286 1.1801082 0.0000000 2.1102718 2.4278770 2.9443562 5.5402808 8.9999985 2.4945930 0.4166071 0.2475225 3.0187624 8.9999984 3.1788850 2.4278770 
353381_Dungeness_River         0.0173519 1.0053501 0.1096630 0.0173519 0.0905735 2.1102718 0.0000000 4.4443504 1.6788345 6.0788858 4.1508242 4.4443504 1.0536386 0.7441811 5.0767090 4.9398641 5.1713553 4.4443504 
353401_Peace_River             3.0592342 1.0131816 2.8144522 3.0592342 2.8521856 2.4278770 4.4443504 0.0000000 1.0587391 0.1883301 0.0131295 0.0000010 4.1107289 2.5320861 0.1283335 1.6758738 3.3876738 0.0000010 
353407_Noatok                  0.8501880 0.2015336 0.7376304 0.8501880 0.7070064 2.9443562 1.6788345 1.0587391 0.0000000 0.7144794 1.4363334 1.0678788 2.5068456 2.0352753 0.8586540 2.9469005 4.6101985 1.0587391 
353410_Horizon_Lake            3.2500205 1.1921407 2.9503552 3.2500205 3.0008381 5.5402808 6.0788858 0.1883301 0.7144794 0.0000000 0.2222825 0.1893834 5.6265119 3.2382515 0.0285715 1.6574607 3.9740814 0.1883301 
92319_Little_Lost              3.9714046 1.3102085 3.5220616 3.9714046 3.6163401 8.9999985 4.1508242 0.0131295 1.4363334 0.2222825 0.0000000 0.0131295 8.9999985 4.1643790 0.1465603 2.1505006 4.0953057 0.0131295 
94280_St_Joe                   3.0827048 1.0205899 2.8336796 3.0827048 2.8726789 2.4945930 4.4443504 0.0000010 1.0678788 0.1893834 0.0131295 0.0000000 4.1926799 2.5637183 0.1289196 1.6891906 3.4063147 0.0000010 
GCA016432855_Lake_Trout        0.6530375 2.3096383 0.6674815 0.6530375 0.6432026 0.4166071 1.0536386 4.1107289 2.5068456 5.6265119 8.9999985 4.1926799 0.0000000 0.1309612 3.7045595 4.5402463 2.9283009 4.1107289 
GCA036784925_Maine_S_alpinus   0.5049392 1.8437254 0.5203924 0.5049392 0.4988888 0.2475225 0.7441811 2.5320861 2.0352753 3.2382515 4.1643790 2.5637183 0.1309612 0.0000000 2.1386473 4.0411011 2.6495975 2.5320861 
GCA045679555_Iceland_A_alpinus 2.8410084 0.8450799 2.6120240 2.8410084 2.6399261 3.0187624 5.0767090 0.1283335 0.8586540 0.0285715 0.1465603 0.1289196 3.7045595 2.1386473 0.0000000 1.4242071 3.0843244 0.1283335 
GCF013265735_Rainbow_Trout     3.9288585 3.0428391 3.8108865 3.9288585 3.8757485 8.9999984 4.9398641 1.6758738 2.9469005 1.6574607 2.1505006 1.6891906 4.5402463 4.0411011 1.4242071 0.0000000 4.4471625 1.6758738 
GCF029448725_Brook_Trout       3.6560174 3.9334440 3.3999100 3.6560174 3.4550682 3.1788850 5.1713553 3.3876738 4.6101985 3.9740814 4.0953057 3.4063147 2.9283009 2.6495975 3.0843244 4.4471625 0.0000000 3.3876738 
Methow_River_99895             3.0592342 1.0131816 2.8144522 3.0592342 2.8521856 2.4278770 4.4443504 0.0000010 1.0587391 0.1883301 0.0131295 0.0000010 4.1107289 2.5320861 0.1283335 1.6758738 3.3876738 0.0000000 
