15
251140_Ward_Creek              0.0000000 0.0000010 0.0077895 0.0420054 0.0000010 0.0464375 0.0157186 0.0117131 0.0463085 0.0420054 0.0372045 0.0117134 0.0117083 0.2375132 0.0678399 
260512_Pybus_Point             0.0000010 0.0000000 0.0077895 0.0420054 0.0000010 0.0464375 0.0157186 0.0117131 0.0463085 0.0420054 0.0372045 0.0117134 0.0117083 0.2375132 0.0678399 
353246_Cottonwood_Creek        0.0077895 0.0077895 0.0000000 0.0333320 0.0248868 0.0376848 0.0078004 0.0038755 0.0375815 0.0333320 0.0287084 0.0038755 0.0077663 0.2258194 0.0588745 
353379_Skagit_River            0.0420054 0.0420054 0.0333320 0.0000000 0.1619871 0.0040592 0.0420715 0.0375983 0.0040483 0.0000010 0.0214130 0.0376003 0.0418685 0.2523303 0.0527624 
353381_Dungeness_River         0.0000010 0.0000010 0.0248868 0.1619871 0.0000000 0.1816586 0.0511917 0.0376058 0.1796473 0.1619871 0.1368195 0.0376116 0.0375554 0.9702992 0.2456062 
353401_Peace_River             0.0464375 0.0464375 0.0376848 0.0040592 0.1816586 0.0000000 0.0465115 0.0419840 0.0081367 0.0040592 0.0258263 0.0419864 0.0462846 0.2589822 0.0574594 
353407_Noatok                  0.0157186 0.0157186 0.0078004 0.0420715 0.0511917 0.0465115 0.0000000 0.0117296 0.0463822 0.0420715 0.0372617 0.0117298 0.0156714 0.2380589 0.0679513 
353410_Horizon_Lake            0.0117131 0.0117131 0.0038755 0.0375983 0.0376058 0.0419840 0.0117296 0.0000000 0.0418685 0.0375983 0.0328944 0.0077696 0.0116783 0.2312207 0.0632479 
92319_Little_Lost              0.0463085 0.0463085 0.0375815 0.0040483 0.1796473 0.0081367 0.0463822 0.0418685 0.0000000 0.0040483 0.0257537 0.0418709 0.0461577 0.2580679 0.0572925 
94280_St_Joe                   0.0420054 0.0420054 0.0333320 0.0000010 0.1619871 0.0040592 0.0420715 0.0375983 0.0040483 0.0000000 0.0214130 0.0376003 0.0418685 0.2523303 0.0527624 
GCA016432855_Lake_Trout        0.0372045 0.0372045 0.0287084 0.0214130 0.1368195 0.0258263 0.0372617 0.0328944 0.0257537 0.0214130 0.0000000 0.0328959 0.0370855 0.2316128 0.0370823 
GCA036784925_Maine_S_alpinus   0.0117134 0.0117134 0.0038755 0.0376003 0.0376116 0.0419864 0.0117298 0.0077696 0.0418709 0.0376003 0.0328959 0.0000000 0.0116786 0.2312985 0.0632530 
GCA045679555_Iceland_A_alpinus 0.0117083 0.0117083 0.0077663 0.0418685 0.0375554 0.0462846 0.0156714 0.0116783 0.0461577 0.0418685 0.0370855 0.0116786 0.0000000 0.2365203 0.0676133 
GCF013265735_Rainbow_Trout     0.2375132 0.2375132 0.2258194 0.2523303 0.9702992 0.2589822 0.2380589 0.2312207 0.2580679 0.2523303 0.2316128 0.2312985 0.2365203 0.0000000 0.2614141 
GCF029448725_Brook_Trout       0.0678399 0.0678399 0.0588745 0.0527624 0.2456062 0.0574594 0.0679513 0.0632479 0.0572925 0.0527624 0.0370823 0.0632530 0.0676133 0.2614141 0.0000000 
