18
251140_Ward_Creek              0.0000000 0.0076661 0.0076661 0.0076661 0.0000010 0.0389195 0.0076661 0.0389195 0.0076628 0.0244105 0.0493986 0.0389195 0.0429520 0.0231688 0.0231688 0.3423719 0.0549761 0.0389195 
260512_Pybus_Point             0.0076661 0.0000000 0.0000010 0.0000010 0.0076661 0.0469104 0.0153991 0.0469104 0.0153924 0.0368716 0.0621883 0.0469104 0.0517970 0.0310272 0.0310272 0.3612592 0.0631150 0.0469104 
261935_Kenai_River             0.0076661 0.0000010 0.0000000 0.0000010 0.0076661 0.0469104 0.0153991 0.0469104 0.0153924 0.0368716 0.0621883 0.0469104 0.0517970 0.0310272 0.0310272 0.3612592 0.0631150 0.0469104 
353213_Cropley_Lake            0.0076661 0.0000010 0.0000010 0.0000000 0.0076661 0.0607055 0.0153991 0.0469104 0.0153924 0.0368716 0.0621883 0.0607055 0.0517970 0.0310272 0.0310272 0.3612592 0.0752929 0.0646219 
353220_Fish_Creek              0.0000010 0.0076661 0.0076661 0.0076661 0.0000000 0.0389195 0.0076661 0.0389195 0.0076628 0.0244105 0.0493986 0.0389195 0.0429520 0.0231688 0.0231688 0.3423719 0.0549761 0.0389195 
353379_Skagit_River            0.0389195 0.0469104 0.0469104 0.0607055 0.0389195 0.0000000 0.0359484 0.0000010 0.0468890 0.0751053 0.0000010 0.0000010 0.0517694 0.0468890 0.0468890 0.3606370 0.0369961 0.0000010 
353381_Dungeness_River         0.0076661 0.0153991 0.0153991 0.0153991 0.0076661 0.0359484 0.0000000 0.0359484 0.0153924 0.0368716 0.0621883 0.0359484 0.0517970 0.0310272 0.0310272 0.3612592 0.0631150 0.0359484 
353401_Peace_River             0.0389195 0.0469104 0.0469104 0.0469104 0.0389195 0.0000010 0.0359484 0.0000000 0.0468890 0.0751053 0.0000010 0.0000010 0.0517694 0.0468890 0.0468890 0.3606370 0.0630835 0.0000010 
353407_Noatok                  0.0076628 0.0153924 0.0153924 0.0153924 0.0076628 0.0468890 0.0153924 0.0468890 0.0000000 0.0368446 0.0621394 0.0468890 0.0517694 0.0310130 0.0310130 0.3606370 0.0630835 0.0468890 
353410_Horizon_Lake            0.0244105 0.0368716 0.0368716 0.0368716 0.0244105 0.0751053 0.0368716 0.0751053 0.0368446 0.0000000 0.0751053 0.0751053 0.0731726 0.0244105 0.0121297 1.2876166 0.0883401 0.0751053 
92319_Little_Lost              0.0493986 0.0621883 0.0621883 0.0621883 0.0493986 0.0000010 0.0621883 0.0000010 0.0621394 0.0751053 0.0000000 0.0000010 0.0731031 0.0750440 0.0621394 1.2643258 0.0882653 0.0000010 
94280_St_Joe                   0.0389195 0.0469104 0.0469104 0.0607055 0.0389195 0.0000010 0.0359484 0.0000010 0.0468890 0.0751053 0.0000010 0.0000000 0.0517694 0.0468890 0.0468890 0.3606370 0.0369961 0.0000010 
GCA016432855_Lake_Trout        0.0429520 0.0517970 0.0517970 0.0517970 0.0429520 0.0517694 0.0517970 0.0517694 0.0517694 0.0731726 0.0731031 0.0517694 0.0000000 0.0517694 0.0342120 0.3612592 0.0518246 0.0517694 
GCA036784925_Maine_S_alpinus   0.0231688 0.0310272 0.0310272 0.0310272 0.0231688 0.0468890 0.0310272 0.0468890 0.0310130 0.0244105 0.0750440 0.0468890 0.0517694 0.0000000 0.0153857 0.3606370 0.0630835 0.0468890 
GCA045679555_Iceland_A_alpinus 0.0231688 0.0310272 0.0310272 0.0310272 0.0231688 0.0468890 0.0310272 0.0468890 0.0310130 0.0121297 0.0621394 0.0468890 0.0342120 0.0153857 0.0000000 0.3606370 0.0469330 0.0468890 
GCF013265735_Rainbow_Trout     0.3423719 0.3612592 0.3612592 0.3612592 0.3423719 0.3606370 0.3612592 0.3606370 0.3606370 1.2876166 1.2643258 0.3606370 0.3612592 0.3606370 0.3606370 0.0000000 0.3244022 0.3606370 
GCF029448725_Brook_Trout       0.0549761 0.0631150 0.0631150 0.0752929 0.0549761 0.0369961 0.0631150 0.0630835 0.0630835 0.0883401 0.0882653 0.0369961 0.0518246 0.0630835 0.0469330 0.3244022 0.0000000 0.0390851 
Methow_River_99895             0.0389195 0.0469104 0.0469104 0.0646219 0.0389195 0.0000010 0.0359484 0.0000010 0.0468890 0.0751053 0.0000010 0.0000010 0.0517694 0.0468890 0.0468890 0.3606370 0.0390851 0.0000000 
