10
251140_Ward_Creek          0.0000000 0.0000010 0.3784046 0.0258063 0.0258063 0.0495920 0.0128410 0.0915751 0.0545533 0.0128205 
260512_Pybus_Point         0.0000010 0.0000000 0.3784046 0.0258063 0.0258063 0.0495920 0.0128410 0.0915751 0.0545533 0.0128205 
261935_Kenai_River         0.3784046 0.3784046 0.0000000 0.4239510 0.4239510 0.2395836 0.3540562 0.6482651 1.4651143 0.3877193 
353379_Skagit_River        0.0258063 0.0258063 0.4239510 0.0000000 0.0000010 0.0694406 0.0321039 0.0977045 0.0538191 0.0320526 
353401_Peace_River         0.0258063 0.0258063 0.4239510 0.0000010 0.0000000 0.0694406 0.0321039 0.0977045 0.0538191 0.0320526 
353407_Noatok              0.0495920 0.0495920 0.2395836 0.0694406 0.0694406 0.0000000 0.0424859 0.1393377 0.1177620 0.0558378 
353410_Horizon_Lake        0.0128410 0.0128410 0.3540562 0.0321039 0.0321039 0.0424859 0.0000000 0.0978707 0.0632185 0.0191386 
GCA016432855_Lake_Trout    0.0915751 0.0915751 0.6482651 0.0977045 0.0977045 0.1393377 0.0978707 0.0000000 0.1441103 0.0906525 
GCF013265735_Rainbow_Trout 0.0545533 0.0545533 1.4651143 0.0538191 0.0538191 0.1177620 0.0632185 0.1441103 0.0000000 0.0492224 
GCF029448725_Brook_Trout   0.0128205 0.0128205 0.3877193 0.0320526 0.0320526 0.0558378 0.0191386 0.0906525 0.0492224 0.0000000 
