15
251140_Ward_Creek              0.0000000 0.1514939 0.1514939 0.1922527 0.6841860 0.0000010 0.8409212 0.6506278 1.0168960 0.8409212 8.9999982 0.5421034 0.4733796 2.5980130 8.1890043 
260512_Pybus_Point             0.1514939 0.0000000 0.0000010 0.0157816 0.2250707 0.1883801 0.2701319 0.2214839 0.3578532 0.2701319 3.3451294 0.2013876 0.1801239 1.3852461 1.5985827 
261935_Kenai_River             0.1514939 0.0000010 0.0000000 0.0157816 0.2250707 0.1883801 0.2701319 0.2214839 0.3578532 0.2701319 3.3451294 0.2013876 0.1801239 1.3852461 1.5985827 
353246_Cottonwood_Creek        0.1922527 0.0157816 0.0157816 0.0000000 0.2450888 0.2396945 0.2907938 0.2411473 0.3788624 0.2907938 3.0541577 0.2208457 0.1991869 1.3869685 1.5908934 
353379_Skagit_River            0.6841860 0.2250707 0.2250707 0.2450888 0.0000000 0.9014388 0.0422833 0.2263406 0.2235172 0.0422833 1.7368899 0.1699702 0.1524259 1.0349403 1.1921970 
353381_Dungeness_River         0.0000010 0.1883801 0.1883801 0.2396945 0.9014388 0.0000000 1.1085864 0.8416324 1.2847446 1.1085864 8.9999984 0.7072504 0.6089486 2.8180724 8.9999987 
353401_Peace_River             0.8409212 0.2701319 0.2701319 0.2907938 0.0422833 1.1085864 0.0000000 0.2875261 0.2834111 0.0000010 2.0659699 0.2256303 0.2064989 1.1364956 1.2595062 
353407_Noatok                  0.6506278 0.2214839 0.2214839 0.2411473 0.2263406 0.8416324 0.2875261 0.0000000 0.1854169 0.2875261 2.2835827 0.1019858 0.0863181 1.2469172 1.4882563 
353410_Horizon_Lake            1.0168960 0.3578532 0.3578532 0.3788624 0.2235172 1.2847446 0.2834111 0.1854169 0.0000000 0.2834111 2.0545882 0.1333009 0.1169844 1.1649434 1.3083782 
92319_Little_Lost              0.8409212 0.2701319 0.2701319 0.2907938 0.0422833 1.1085864 0.0000010 0.2875261 0.2834111 0.0000000 2.0659699 0.2256303 0.2064989 1.1364956 1.2595062 
GCA016432855_Lake_Trout        8.9999982 3.3451294 3.3451294 3.0541577 1.7368899 8.9999984 2.0659699 2.2835827 2.0545882 2.0659699 0.0000000 1.9384100 1.8607648 2.7222773 0.7358212 
GCA036784925_Maine_S_alpinus   0.5421034 0.2013876 0.2013876 0.2208457 0.1699702 0.7072504 0.2256303 0.1019858 0.1333009 0.2256303 1.9384100 0.0000000 0.0136953 1.1001320 1.3448633 
GCA045679555_Iceland_A_alpinus 0.4733796 0.1801239 0.1801239 0.1991869 0.1524259 0.6089486 0.2064989 0.0863181 0.1169844 0.2064989 1.8607648 0.0136953 0.0000000 1.1343563 1.3040470 
GCF013265735_Rainbow_Trout     2.5980130 1.3852461 1.3852461 1.3869685 1.0349403 2.8180724 1.1364956 1.2469172 1.1649434 1.1364956 2.7222773 1.1001320 1.1343563 0.0000000 2.0863605 
GCF029448725_Brook_Trout       8.1890043 1.5985827 1.5985827 1.5908934 1.1921970 8.9999987 1.2595062 1.4882563 1.3083782 1.2595062 0.7358212 1.3448633 1.3040470 2.0863605 0.0000000 
