17
251140_Ward_Creek              0.0000000 0.0224507 0.0108669 2.3157522 2.1718434 2.1718434 2.4391574 4.4267191 4.0249930 4.4267191 3.1488828 4.7373172 4.8827455 2.8495857 3.6753055 8.9999980 8.7910334 
260512_Pybus_Point             0.0224507 0.0000000 0.0166711 8.9999988 8.9999988 8.9999988 8.9999982 8.9999985 8.9999985 8.9999985 8.9999985 8.9999986 8.9999983 8.9999985 8.9999985 8.9999982 8.9999986 
261935_Kenai_River             0.0108669 0.0166711 0.0000000 2.7554306 2.6147259 2.6147259 2.8846084 4.5832611 3.7239348 4.5832611 3.3053592 4.8889179 5.0318317 3.0036123 3.8240366 8.9999983 8.9608844 
353213_Cropley_Lake            2.3157522 8.9999988 2.7554306 0.0000000 0.0021287 0.0021287 0.0064365 0.0528597 0.2057302 0.0528597 0.0190835 0.0737082 0.0635520 0.0141068 0.0386838 0.2127203 0.1166211 
353219_Peterson_Creek          2.1718434 8.9999988 2.6147259 0.0021287 0.0000000 0.0000010 0.0042807 0.0502239 0.1999421 0.0502239 0.0166544 0.0704665 0.0608810 0.0117247 0.0361786 0.2091092 0.1135920 
353220_Fish_Creek              2.1718434 8.9999988 2.6147259 0.0021287 0.0000010 0.0000000 0.0042807 0.0502239 0.1999421 0.0502239 0.0166544 0.0704665 0.0608810 0.0117247 0.0361786 0.2091092 0.1135920 
353246_Cottonwood_Creek        2.4391574 8.9999982 2.8846084 0.0064365 0.0042807 0.0042807 0.0000000 0.0557363 0.2148032 0.0557363 0.0215967 0.0773882 0.0665221 0.0165539 0.0413534 0.2184532 0.1203772 
353379_Skagit_River            4.4267191 8.9999985 4.5832611 0.0528597 0.0502239 0.0502239 0.0557363 0.0000000 0.1144628 0.0000010 0.0492490 0.0070422 0.0224380 0.0433840 0.0153791 0.2404638 0.0644021 
353381_Dungeness_River         4.0249930 8.9999985 3.7239348 0.2057302 0.1999421 0.1999421 0.2148032 0.1144628 0.0000000 0.1144628 0.1959387 0.1238997 0.1347440 0.1777951 0.0871280 1.6963203 0.2516058 
353401_Peace_River             4.4267191 8.9999985 4.5832611 0.0528597 0.0502239 0.0502239 0.0557363 0.0000010 0.1144628 0.0000000 0.0492490 0.0070422 0.0224380 0.0433840 0.0153791 0.2404638 0.0644021 
353410_Horizon_Lake            3.1488828 8.9999985 3.3053592 0.0190835 0.0166544 0.0166544 0.0215967 0.0492490 0.1959387 0.0492490 0.0000000 0.0700692 0.0602443 0.0045690 0.0296457 0.2104970 0.1147787 
92319_Little_Lost              4.7373172 8.9999986 4.8889179 0.0737082 0.0704665 0.0704665 0.0773882 0.0070422 0.1238997 0.0070422 0.0700692 0.0000000 0.0347956 0.0625251 0.0261145 0.3280075 0.0872039 
GCA016432855_Lake_Trout        4.8827455 8.9999983 5.0318317 0.0635520 0.0608810 0.0608810 0.0665221 0.0224380 0.1347440 0.0224380 0.0602443 0.0347956 0.0000000 0.0541673 0.0244095 0.2333931 0.0473053 
GCA036784925_Maine_S_alpinus   2.8495857 8.9999985 3.0036123 0.0141068 0.0117247 0.0117247 0.0165539 0.0433840 0.1777951 0.0433840 0.0045690 0.0625251 0.0541673 0.0000000 0.0243360 0.1993307 0.1070746 
GCA045679555_Iceland_A_alpinus 3.6753055 8.9999985 3.8240366 0.0386838 0.0361786 0.0361786 0.0413534 0.0153791 0.0871280 0.0153791 0.0296457 0.0261145 0.0244095 0.0243360 0.0000000 0.2466644 0.0659464 
GCF013265735_Rainbow_Trout     8.9999980 8.9999982 8.9999983 0.2127203 0.2091092 0.2091092 0.2184532 0.2404638 1.6963203 0.2404638 0.2104970 0.3280075 0.2333931 0.1993307 0.2466644 0.0000000 0.2726270 
GCF029448725_Brook_Trout       8.7910334 8.9999986 8.9608844 0.1166211 0.1135920 0.1135920 0.1203772 0.0644021 0.2516058 0.0644021 0.1147787 0.0872039 0.0473053 0.1070746 0.0659464 0.2726270 0.0000000 
