9
251140_Ward_Creek            0.0000000 0.0000010 0.0048555 0.0048555 0.0000010 1.2024383 1.2024383 0.0499349 0.0108753 
260512_Pybus_Point           0.0000010 0.0000000 0.0048555 0.0048555 0.0000010 1.2024383 1.2024383 0.0499349 0.0108753 
353379_Skagit_River          0.0048555 0.0048555 0.0000000 0.0000010 0.0108753 1.1015984 1.1015984 0.0447052 0.0000010 
353401_Peace_River           0.0048555 0.0048555 0.0000010 0.0000000 0.0108753 1.1015984 1.1015984 0.0447052 0.0000010 
353407_Noatok                0.0000010 0.0000010 0.0108753 0.0108753 0.0000000 5.0712454 5.0712454 0.0675378 0.0108753 
353410_Horizon_Lake          1.2024383 1.2024383 1.1015984 1.1015984 5.0712454 0.0000000 0.0000010 1.0988087 3.5892182 
GCA036784925_Maine_S_alpinus 1.2024383 1.2024383 1.1015984 1.1015984 5.0712454 0.0000010 0.0000000 1.0988087 3.5892182 
GCF013265735_Rainbow_Trout   0.0499349 0.0499349 0.0447052 0.0447052 0.0675378 1.0988087 1.0988087 0.0000000 0.0556169 
GCF029448725_Brook_Trout     0.0108753 0.0108753 0.0000010 0.0000010 0.0108753 3.5892182 3.5892182 0.0556169 0.0000000 
