20
251140_Ward_Creek              0.0000000 0.0143627 0.7402968 0.0292187 0.0143627 0.1098731 0.1086712 0.5406660 0.2174741 0.5171539 0.1764524 0.2588443 0.4610635 0.4837102 0.6257175 0.2174741 0.1808672 2.1424546 0.3289872 0.4936980 
260512_Pybus_Point             0.0143627 0.0000000 0.8473206 0.0441754 0.0000010 0.1266506 0.1252276 0.5641850 0.2361965 0.5406660 0.1940379 0.2784873 0.4837102 0.5064429 0.6497533 0.2361965 0.1990286 2.1355686 0.3503982 0.5171539 
261935_Kenai_River             0.7402968 0.8473206 0.0000000 0.8604509 0.8473206 0.9853325 0.7402968 1.7189805 2.1167487 1.7189805 1.3940812 0.2738846 1.7227545 1.7189805 1.8461027 1.2301639 1.0868367 2.7482085 1.2804980 1.9119177 
353213_Cropley_Lake            0.0292187 0.0441754 0.8604509 0.0000000 0.0441754 0.0763398 0.1437027 0.4837102 0.2588443 0.4610635 0.1404296 0.2174741 0.4086596 0.4304066 0.5641850 0.1786271 0.1437027 2.1179322 0.2826893 0.4385425 
353219_Peterson_Creek          0.0143627 0.0000010 0.8473206 0.0441754 0.0000000 0.1266506 0.1252276 0.5641850 0.2361965 0.5406660 0.1940379 0.2784873 0.4837102 0.5064429 0.6497533 0.2361965 0.1990286 2.1355686 0.3503982 0.5171539 
353220_Fish_Creek              0.1098731 0.1266506 0.9853325 0.0763398 0.1266506 0.0000000 0.1591200 0.5171539 0.3345504 0.4936980 0.1940379 0.1238406 0.4385425 0.4610635 0.6015224 0.1629925 0.1281111 2.1495541 0.3078699 0.4703449 
353246_Cottonwood_Creek        0.1086712 0.1252276 0.7402968 0.1437027 0.1252276 0.1591200 0.0000000 0.7102760 0.3720837 0.6846146 0.2784873 0.1591200 0.6164429 0.6415420 0.7575513 0.2394842 0.2016449 2.2383097 0.4659229 0.6586921 
353379_Skagit_River            0.5406660 0.5641850 1.7189805 0.4837102 0.5641850 0.5171539 0.7102760 0.0000000 0.8609563 0.0143627 0.3185763 0.5641850 0.0441754 0.0593662 0.5406660 0.4439908 0.4439908 2.1317053 0.4936980 0.0599583 
353381_Dungeness_River         0.2174741 0.2361965 2.1167487 0.2588443 0.2361965 0.3345504 0.3720837 0.8609563 0.0000000 0.8352147 0.4610635 0.5407908 0.7575513 0.7834672 1.0116651 0.4801992 0.4325048 2.2676051 0.6501505 0.8087930 
353401_Peace_River             0.5171539 0.5406660 1.7189805 0.4610635 0.5406660 0.4936980 0.6846146 0.0143627 0.8352147 0.0000000 0.2984023 0.5406660 0.0292187 0.0441754 0.5171539 0.4226870 0.4226870 2.1389252 0.4703449 0.0446049 
353407_Noatok                  0.1764524 0.1940379 1.3940812 0.1404296 0.1940379 0.1940379 0.2784873 0.3185763 0.4610635 0.2984023 0.0000000 0.2744442 0.2551895 0.2744442 0.3445670 0.3090029 0.2705498 2.1001539 0.3445670 0.2784873 
353410_Horizon_Lake            0.2588443 0.2784873 0.2738846 0.2174741 0.2784873 0.1238406 0.1591200 0.5641850 0.5407908 0.5406660 0.2744442 0.0000000 0.4837102 0.5064429 0.6015224 0.1591200 0.1252276 2.1495541 0.3503982 0.5171539 
92319_Little_Lost              0.4610635 0.4837102 1.7227545 0.4086596 0.4837102 0.4385425 0.6164429 0.0441754 0.7575513 0.0292187 0.2551895 0.4837102 0.0000000 0.0143627 0.4610635 0.3741803 0.3741803 2.1129456 0.4161838 0.0144943 
94280_St_Joe                   0.4837102 0.5064429 1.7189805 0.4304066 0.5064429 0.4610635 0.6415420 0.0593662 0.7834672 0.0441754 0.2744442 0.5064429 0.0143627 0.0000000 0.4837102 0.3946949 0.3946949 2.1060764 0.4385425 0.0292187 
GCA016432855_Lake_Trout        0.6257175 0.6497533 1.8461027 0.5641850 0.6497533 0.6015224 0.7575513 0.5406660 1.0116651 0.5171539 0.3445670 0.6015224 0.4610635 0.4837102 0.0000000 0.5626009 0.5184627 2.1509455 0.6257175 0.4936980 
GCA036784925_Maine_S_alpinus   0.2174741 0.2361965 1.2301639 0.1786271 0.2361965 0.1629925 0.2394842 0.4439908 0.4801992 0.4226870 0.3090029 0.1591200 0.3741803 0.3946949 0.5626009 0.0000000 0.0289469 2.0449548 0.1808672 0.4015075 
GCA045679555_Iceland_A_alpinus 0.1808672 0.1990286 1.0868367 0.1437027 0.1990286 0.1281111 0.2016449 0.4439908 0.4325048 0.4226870 0.2705498 0.1252276 0.3741803 0.3946949 0.5184627 0.0289469 0.0000000 2.0503562 0.2174741 0.4015075 
GCF013265735_Rainbow_Trout     2.1424546 2.1355686 2.7482085 2.1179322 2.1355686 2.1495541 2.2383097 2.1317053 2.2676051 2.1389252 2.1001539 2.1495541 2.1129456 2.1060764 2.1509455 2.0449548 2.0503562 0.0000000 2.1495541 2.1463819 
GCF029448725_Brook_Trout       0.3289872 0.3503982 1.2804980 0.2826893 0.3503982 0.3078699 0.4659229 0.4936980 0.6501505 0.4703449 0.3445670 0.3503982 0.4161838 0.4385425 0.6257175 0.1808672 0.2174741 2.1495541 0.0000000 0.4471382 
Methow_River_99895             0.4936980 0.5171539 1.9119177 0.4385425 0.5171539 0.4703449 0.6586921 0.0599583 0.8087930 0.0446049 0.2784873 0.5171539 0.0144943 0.0292187 0.4936980 0.4015075 0.4015075 2.1463819 0.4471382 0.0000000 
