19
251140_Ward_Creek              0.0000000 0.0034237 0.0034198 0.0068506 0.0000010 0.0068682 0.0622563 0.1334254 0.0622530 0.0242494 0.0102951 0.2308946 0.0622530 0.0565629 0.0103090 0.0103090 2.0630586 0.0864268 0.0623460 
260512_Pybus_Point             0.0034237 0.0000000 0.0068598 0.0103063 0.0034237 0.0034237 0.0661327 0.1406055 0.0661291 0.0277974 0.0137677 0.2373333 0.0661291 0.0602853 0.0137863 0.0137863 2.0987722 0.0903170 0.0662285 
261935_Kenai_River             0.0034198 0.0068598 0.0000000 0.0102944 0.0034198 0.0103210 0.0584855 0.1334254 0.0584824 0.0207490 0.0068516 0.2250320 0.0584824 0.0529335 0.0068608 0.0068608 2.0558605 0.0826754 0.0585693 
353213_Cropley_Lake            0.0068506 0.0103063 0.0102944 0.0000000 0.0068506 0.0137836 0.0698362 0.1402433 0.0698324 0.0312857 0.0172173 0.2426840 0.0698324 0.0638570 0.0172406 0.0172406 2.0771626 0.0939647 0.0699377 
353219_Peterson_Creek          0.0000010 0.0034237 0.0034198 0.0068506 0.0000000 0.0068682 0.0622563 0.1334254 0.0622530 0.0242494 0.0102951 0.2308946 0.0622530 0.0565629 0.0103090 0.0103090 2.0630586 0.0864268 0.0623460 
353220_Fish_Creek              0.0068682 0.0034237 0.0103210 0.0137836 0.0068682 0.0000000 0.0700392 0.1478893 0.0700354 0.0313690 0.0172621 0.2438587 0.0700354 0.0640353 0.0172856 0.0172856 2.1347917 0.0942384 0.0701413 
353379_Skagit_River            0.0622563 0.0661327 0.0584855 0.0698362 0.0622563 0.0700392 0.0000000 0.2431897 0.0134721 0.0662220 0.0584824 0.1239952 0.0134721 0.0546467 0.0585693 0.0585693 2.1790867 0.0854109 0.0067053 
353381_Dungeness_River         0.1334254 0.1406055 0.1334254 0.1402433 0.1334254 0.1478893 0.2431897 0.0000000 0.2431573 0.1688381 0.1402306 1.1647273 0.2431573 0.2127155 0.1406189 0.1406189 6.9293161 0.2838325 0.2439787 
353401_Peace_River             0.0622530 0.0661291 0.0584824 0.0698324 0.0622530 0.0700354 0.0134721 0.2431573 0.0000000 0.0662184 0.0584793 0.1393037 0.0000010 0.0471861 0.0585662 0.0585662 2.1792730 0.0854061 0.0134893 
353407_Noatok                  0.0242494 0.0277974 0.0207490 0.0312857 0.0242494 0.0313690 0.0662220 0.1688381 0.0662184 0.0000000 0.0207480 0.2313981 0.0662184 0.0603636 0.0207764 0.0207764 2.1344110 0.0904388 0.0663180 
353410_Horizon_Lake            0.0102951 0.0137677 0.0068516 0.0172173 0.0102951 0.0172621 0.0584824 0.1402306 0.0584793 0.0207480 0.0000000 0.2192005 0.0584793 0.0529308 0.0068605 0.0068605 2.0559053 0.0826709 0.0585662 
92319_Little_Lost              0.2308946 0.2373333 0.2250320 0.2426840 0.2308946 0.2438587 0.1239952 1.1647273 0.1393037 0.2313981 0.2192005 0.0000000 0.1393037 0.2071570 0.2255574 0.2255574 3.6051886 0.2679461 0.1340839 
94280_St_Joe                   0.0622530 0.0661291 0.0584824 0.0698324 0.0622530 0.0700354 0.0134721 0.2431573 0.0000010 0.0662184 0.0584793 0.1393037 0.0000000 0.0471861 0.0585662 0.0585662 2.1792730 0.0854061 0.0134893 
GCA016432855_Lake_Trout        0.0565629 0.0602853 0.0529335 0.0638570 0.0565629 0.0640353 0.0546467 0.2127155 0.0471861 0.0603636 0.0529308 0.2071570 0.0471861 0.0000000 0.0530065 0.0530065 2.0440641 0.0788196 0.0547246 
GCA036784925_Maine_S_alpinus   0.0103090 0.0137863 0.0068608 0.0172406 0.0103090 0.0172856 0.0585693 0.1406189 0.0585662 0.0207764 0.0068605 0.2255574 0.0585662 0.0530065 0.0000000 0.0000010 2.0843080 0.0827930 0.0586534 
GCA045679555_Iceland_A_alpinus 0.0103090 0.0137863 0.0068608 0.0172406 0.0103090 0.0172856 0.0585693 0.1406189 0.0585662 0.0207764 0.0068605 0.2255574 0.0585662 0.0530065 0.0000010 0.0000000 2.0843080 0.0827930 0.0586534 
GCF013265735_Rainbow_Trout     2.0630586 2.0987722 2.0558605 2.0771626 2.0630586 2.1347917 2.1790867 6.9293161 2.1792730 2.1344110 2.0559053 3.6051886 2.1792730 2.0440641 2.0843080 2.0843080 0.0000000 2.1622459 2.2102208 
GCF029448725_Brook_Trout       0.0864268 0.0903170 0.0826754 0.0939647 0.0864268 0.0942384 0.0854109 0.2838325 0.0854061 0.0904388 0.0826709 0.2679461 0.0854061 0.0788196 0.0827930 0.0827930 2.1622459 0.0000000 0.0855378 
Methow_River_99895             0.0623460 0.0662285 0.0585693 0.0699377 0.0623460 0.0701413 0.0067053 0.2439787 0.0134893 0.0663180 0.0585662 0.1340839 0.0134893 0.0547246 0.0586534 0.0586534 2.2102208 0.0855378 0.0000000 
