18
251140_Ward_Creek              0.0000000 0.0008057 0.0008054 0.0016120 0.0008057 0.0008054 0.0465992 0.0100885 0.0475493 0.0024198 0.1017189 0.0475493 0.0115518 0.0105462 0.0113651 0.0608225 0.0154562 0.0484832 
260512_Pybus_Point             0.0008057 0.0000000 0.0016120 0.0008054 0.0000010 0.0016120 0.0475529 0.0083935 0.0485044 0.0032287 0.1033609 0.0485044 0.0123860 0.0113658 0.0121859 0.0617156 0.0162818 0.0494390 
261935_Kenai_River             0.0008054 0.0016120 0.0000000 0.0024191 0.0016120 0.0000010 0.0456628 0.0100885 0.0466118 0.0016125 0.1033051 0.0466118 0.0123824 0.0113625 0.0121824 0.0616970 0.0162771 0.0475449 
353213_Cropley_Lake            0.0016120 0.0008054 0.0024191 0.0000000 0.0008054 0.0024191 0.0484913 0.0100812 0.0494435 0.0040376 0.1049474 0.0494435 0.0132184 0.0121830 0.0130040 0.0625901 0.0171033 0.0503804 
353219_Peterson_Creek          0.0008057 0.0000010 0.0016120 0.0008054 0.0000000 0.0016120 0.0475529 0.0083935 0.0485044 0.0032287 0.1033609 0.0485044 0.0123860 0.0113658 0.0121859 0.0617156 0.0162818 0.0494390 
353246_Cottonwood_Creek        0.0008054 0.0016120 0.0000010 0.0024191 0.0016120 0.0000000 0.0456628 0.0100885 0.0466118 0.0016125 0.1033051 0.0466118 0.0123824 0.0113625 0.0121824 0.0616970 0.0162771 0.0475449 
353379_Skagit_River            0.0465992 0.0475529 0.0456628 0.0484913 0.0475529 0.0456628 0.0000000 0.0289845 0.0008838 0.0475677 0.1553466 0.0008838 0.0455877 0.0399512 0.0408900 0.0962430 0.0494405 0.0017683 
353381_Dungeness_River         0.0100885 0.0083935 0.0100885 0.0100812 0.0083935 0.0100885 0.0289845 0.0000000 0.0307332 0.0134919 0.9025205 0.0307332 0.0299955 0.0237649 0.0254985 0.1234476 0.0359162 0.0324650 
353401_Peace_River             0.0475493 0.0485044 0.0466118 0.0494435 0.0485044 0.0466118 0.0008838 0.0307332 0.0000000 0.0485195 0.1553466 0.0000010 0.0465540 0.0408900 0.0418302 0.0972744 0.0503957 0.0008835 
353410_Horizon_Lake            0.0024198 0.0032287 0.0016125 0.0040376 0.0032287 0.0016125 0.0475677 0.0134919 0.0485195 0.0000000 0.1049567 0.0485195 0.0123831 0.0130047 0.0138269 0.0617003 0.0162780 0.0494544 
92319_Little_Lost              0.1017189 0.1033609 0.1033051 0.1049474 0.1033609 0.1033051 0.1553466 0.9025205 0.1553466 0.1049567 0.0000000 0.1553466 0.0969229 0.0903024 0.0903024 0.1742167 0.0953619 0.1573054 
94280_St_Joe                   0.0475493 0.0485044 0.0466118 0.0494435 0.0485044 0.0466118 0.0008838 0.0307332 0.0000010 0.0485195 0.1553466 0.0000000 0.0465540 0.0408900 0.0418302 0.0972744 0.0503957 0.0008835 
GCA016432855_Lake_Trout        0.0115518 0.0123860 0.0123824 0.0132184 0.0123860 0.0123824 0.0455877 0.0299955 0.0465540 0.0123831 0.0969229 0.0465540 0.0000000 0.0107260 0.0115589 0.0583225 0.0090592 0.0475054 
GCA036784925_Maine_S_alpinus   0.0105462 0.0113658 0.0113625 0.0121830 0.0113658 0.0113625 0.0399512 0.0237649 0.0408900 0.0130047 0.0903024 0.0408900 0.0107260 0.0000000 0.0008037 0.0582331 0.0146416 0.0418151 
GCA045679555_Iceland_A_alpinus 0.0113651 0.0121859 0.0121824 0.0130040 0.0121859 0.0121824 0.0408900 0.0254985 0.0418302 0.0138269 0.0903024 0.0418302 0.0115589 0.0008037 0.0000000 0.0591191 0.0154655 0.0427575 
GCF013265735_Rainbow_Trout     0.0608225 0.0617156 0.0616970 0.0625901 0.0617156 0.0616970 0.0962430 0.1234476 0.0972744 0.0617003 0.1742167 0.0972744 0.0583225 0.0582331 0.0591191 0.0000000 0.0616936 0.0982701 
GCF029448725_Brook_Trout       0.0154562 0.0162818 0.0162771 0.0171033 0.0162818 0.0162771 0.0494405 0.0359162 0.0503957 0.0162780 0.0953619 0.0503957 0.0090592 0.0146416 0.0154655 0.0616936 0.0000000 0.0513328 
Methow_River_99895             0.0484832 0.0494390 0.0475449 0.0503804 0.0494390 0.0475449 0.0017683 0.0324650 0.0008835 0.0494544 0.1573054 0.0008835 0.0475054 0.0418151 0.0427575 0.0982701 0.0513328 0.0000000 
