16
251140_Ward_Creek              0.0000000 0.0152141 0.1039571 0.0482532 0.0648874 0.0818005 0.0000010 0.0969207 0.0183495 0.0969207 0.0000010 0.1651413 0.0818005 0.0989943 0.2077089 0.1919780 
260512_Pybus_Point             0.0152141 0.0000000 0.1039571 0.0648874 0.0482532 0.0648874 0.0154161 0.1140103 0.0000010 0.1140103 0.0152141 0.1909197 0.0989943 0.1164691 0.2287661 0.2112975 
261935_Kenai_River             0.1039571 0.1039571 0.0000000 0.0000010 0.0000010 0.0285275 0.0330012 0.3577194 0.1510739 0.3577194 0.1039571 1.4252056 0.0578968 0.0881166 0.4332552 0.5234491 
353213_Cropley_Lake            0.0482532 0.0648874 0.0000010 0.0000000 0.0146369 0.0294969 0.0157312 0.1535955 0.0760112 0.1535955 0.0482532 0.2562781 0.0294969 0.0445819 0.2961485 0.2358938 
353219_Peterson_Creek          0.0648874 0.0482532 0.0000010 0.0146369 0.0000000 0.0146369 0.0317200 0.1721605 0.0564568 0.1721605 0.0648874 0.2854121 0.0445819 0.0598931 0.3188484 0.2563667 
353220_Fish_Creek              0.0818005 0.0648874 0.0285275 0.0294969 0.0146369 0.0000000 0.0479686 0.1910254 0.0760112 0.1910254 0.0818005 0.2854121 0.0598931 0.0754315 0.3418707 0.2771581 
353246_Cottonwood_Creek        0.0000010 0.0154161 0.0330012 0.0157312 0.0317200 0.0479686 0.0000000 0.0982927 0.0183495 0.0982927 0.0000010 0.1685771 0.0479686 0.0644786 0.2088502 0.1949300 
353379_Skagit_River            0.0969207 0.1140103 0.3577194 0.1535955 0.1721605 0.1910254 0.0982927 0.0000000 0.2053044 0.0000010 0.0969207 0.0210161 0.1535955 0.1721605 0.2780816 0.0798110 
353381_Dungeness_River         0.0183495 0.0000010 0.1510739 0.0760112 0.0564568 0.0760112 0.0183495 0.2053044 0.0000000 0.2053044 0.0183495 0.3496960 0.1162366 0.1162366 0.2636634 0.3091618 
353401_Peace_River             0.0969207 0.1140103 0.3577194 0.1535955 0.1721605 0.1910254 0.0982927 0.0000010 0.2053044 0.0000000 0.0969207 0.0210161 0.1535955 0.1721605 0.2780816 0.0798110 
353407_Noatok                  0.0000010 0.0152141 0.1039571 0.0482532 0.0648874 0.0818005 0.0000010 0.0969207 0.0183495 0.0969207 0.0000000 0.1651413 0.0818005 0.0989943 0.2077089 0.1919780 
92319_Little_Lost              0.1651413 0.1909197 1.4252056 0.2562781 0.2854121 0.2854121 0.1685771 0.0210161 0.3496960 0.0210161 0.1651413 0.0000000 0.2562781 0.2854121 0.4446047 0.1393034 
GCA036784925_Maine_S_alpinus   0.0818005 0.0989943 0.0578968 0.0294969 0.0445819 0.0598931 0.0479686 0.1535955 0.1162366 0.1535955 0.0818005 0.2562781 0.0000000 0.0146369 0.2961485 0.2358938 
GCA045679555_Iceland_A_alpinus 0.0989943 0.1164691 0.0881166 0.0445819 0.0598931 0.0754315 0.0644786 0.1721605 0.1162366 0.1721605 0.0989943 0.2854121 0.0146369 0.0000000 0.3188484 0.2563667 
GCF013265735_Rainbow_Trout     0.2077089 0.2287661 0.4332552 0.2961485 0.3188484 0.3418707 0.2088502 0.2780816 0.2636634 0.2780816 0.2077089 0.4446047 0.2961485 0.3188484 0.0000000 0.4196659 
GCF029448725_Brook_Trout       0.1919780 0.2112975 0.5234491 0.2358938 0.2563667 0.2771581 0.1949300 0.0798110 0.3091618 0.0798110 0.1919780 0.1393034 0.2358938 0.2563667 0.4196659 0.0000000 
