18
251140_Ward_Creek            0.0000000 0.4414434 0.1663639 0.0000010 0.0444606 0.0000010 0.1484454 0.5085210 1.0584194 0.5085210 0.1303924 0.1239670 0.9331181 0.6637155 0.1239670 1.8362042 0.7909379 0.4838373 
260512_Pybus_Point           0.4414434 0.0000000 0.5865900 0.3848683 0.4476618 0.3848683 0.5642907 0.0454392 0.1264972 0.0454392 0.5380870 0.5597377 0.0689349 0.1591328 0.5597377 1.0131844 0.2151057 0.0338746 
261935_Kenai_River           0.1663639 0.5865900 0.0000000 0.1635527 0.1160306 0.1635527 0.0400541 0.6005951 1.3877247 0.6005951 0.0264549 0.0704893 1.1201701 0.6821711 0.0704893 1.7768356 0.8029366 0.5777263 
353213_Cropley_Lake          0.0000010 0.3848683 0.1635527 0.0000000 0.0399342 0.0000010 0.1475551 0.4396692 0.8018702 0.4396692 0.1314026 0.1108196 0.9331181 0.5750371 0.1108196 1.6684720 0.6805293 0.4186965 
353219_Peterson_Creek        0.0444606 0.4476618 0.1160306 0.0399342 0.0000000 0.0399342 0.1007660 0.5075702 0.9402227 0.5075702 0.0854988 0.0676671 1.0917610 0.5488956 0.0676671 1.6286411 0.6509908 0.4856578 
353220_Fish_Creek            0.0000010 0.3848683 0.1635527 0.0000010 0.0399342 0.0000000 0.1475551 0.4396692 0.8018702 0.4396692 0.1314026 0.1108196 0.9331181 0.5750371 0.1108196 1.6684720 0.6805293 0.4186965 
353246_Cottonwood_Creek      0.1484454 0.5642907 0.0400541 0.1475551 0.1007660 0.1475551 0.0000000 0.5777263 1.3538926 0.5777263 0.0131344 0.0852448 1.0821686 0.6588166 0.0852448 1.7738313 0.7784210 0.5549865 
353379_Skagit_River          0.5085210 0.0454392 0.6005951 0.4396692 0.5075702 0.4396692 0.5777263 0.0000000 0.1265642 0.0000010 0.5506682 0.5728314 0.0329391 0.1616999 0.5728314 1.0318840 0.2186715 0.0109596 
353381_Dungeness_River       1.0584194 0.1264972 1.3877247 0.8018702 0.9402227 0.8018702 1.3538926 0.1265642 0.0000000 0.1265642 1.2598394 1.0431202 0.2320028 0.2328782 1.0431202 1.4645537 0.3272505 0.1075151 
353401_Peace_River           0.5085210 0.0454392 0.6005951 0.4396692 0.5075702 0.4396692 0.5777263 0.0000010 0.1265642 0.0000000 0.5506682 0.5728314 0.0329391 0.1616999 0.5728314 1.0318840 0.2186715 0.0109596 
353407_Noatok                0.1303924 0.5380870 0.0264549 0.1314026 0.0854988 0.1314026 0.0131344 0.5506682 1.2598394 0.5506682 0.0000000 0.0703439 1.0130570 0.6297690 0.0703439 1.7303497 0.7452885 0.5284237 
353410_Horizon_Lake          0.1239670 0.5597377 0.0704893 0.1108196 0.0676671 0.1108196 0.0852448 0.5728314 1.0431202 0.5728314 0.0703439 0.0000000 1.1990401 0.5700491 0.0000010 1.6351891 0.6733571 0.5504997 
92319_Little_Lost            0.9331181 0.0689349 1.1201701 0.9331181 1.0917610 0.9331181 1.0821686 0.0329391 0.2320028 0.0329391 1.0130570 1.1990401 0.0000000 0.2574432 1.1990401 1.5837709 0.3557900 0.0163247 
GCA016432855_Lake_Trout      0.6637155 0.1591328 0.6821711 0.5750371 0.5488956 0.5750371 0.6588166 0.1616999 0.2328782 0.1616999 0.6297690 0.5700491 0.2574432 0.0000000 0.5700491 0.9094096 0.0679785 0.1483564 
GCA036784925_Maine_S_alpinus 0.1239670 0.5597377 0.0704893 0.1108196 0.0676671 0.1108196 0.0852448 0.5728314 1.0431202 0.5728314 0.0703439 0.0000010 1.1990401 0.5700491 0.0000000 1.6351891 0.6733571 0.5504997 
GCF013265735_Rainbow_Trout   1.8362042 1.0131844 1.7768356 1.6684720 1.6286411 1.6684720 1.7738313 1.0318840 1.4645537 1.0318840 1.7303497 1.6351891 1.5837709 0.9094096 1.6351891 0.0000000 1.0124341 1.0151153 
GCF029448725_Brook_Trout     0.7909379 0.2151057 0.8029366 0.6805293 0.6509908 0.6805293 0.7784210 0.2186715 0.3272505 0.2186715 0.7452885 0.6733571 0.3557900 0.0679785 0.6733571 1.0124341 0.0000000 0.2045174 
Methow_River_99895           0.4838373 0.0338746 0.5777263 0.4186965 0.4856578 0.4186965 0.5549865 0.0109596 0.1075151 0.0109596 0.5284237 0.5504997 0.0163247 0.1483564 0.5504997 1.0151153 0.2045174 0.0000000 
