15
251140_Ward_Creek              0.0000000 0.0000010 0.1000153 0.1862885 0.9097242 0.1507760 0.0080528 0.0454305 0.1547322 0.1507760 0.0539169 0.0369700 0.0454305 0.5233467 0.4979702 
260512_Pybus_Point             0.0000010 0.0000000 0.1000153 0.1862885 0.9097242 0.1507760 0.0080528 0.0454305 0.1547322 0.1507760 0.0539169 0.0369700 0.0454305 0.5233467 0.4979702 
261935_Kenai_River             0.1000153 0.1000153 0.0000000 0.3257363 5.1807782 0.2784038 0.1000153 0.1473527 0.2873234 0.2784038 0.1579725 0.1366607 0.1473527 0.8261263 0.8062448 
353379_Skagit_River            0.1862885 0.1862885 0.3257363 0.0000000 1.6478446 0.0223006 0.1862885 0.1828164 0.0227167 0.0223006 0.1821655 0.1869548 0.1828164 0.8445319 0.6397258 
353381_Dungeness_River         0.9097242 0.9097242 5.1807782 1.6478446 0.0000000 1.6107721 0.9537045 1.1909374 1.9273434 1.6107721 1.1909374 1.1882737 1.2793381 1.9262087 0.5886358 
353401_Peace_River             0.1507760 0.1507760 0.2784038 0.0223006 1.6107721 0.0000000 0.1507760 0.1471608 0.0000010 0.0000010 0.1466654 0.1512858 0.1471608 0.7717624 0.5786233 
353407_Noatok                  0.0080528 0.0080528 0.1000153 0.1862885 0.9537045 0.1507760 0.0000000 0.0454305 0.1547322 0.1507760 0.0539169 0.0369700 0.0454305 0.5233467 0.4979702 
353410_Horizon_Lake            0.0454305 0.0454305 0.1473527 0.1828164 1.1909374 0.1471608 0.0454305 0.0000000 0.1510469 0.1471608 0.0245566 0.0329259 0.0080955 0.5432106 0.4480658 
92319_Little_Lost              0.1547322 0.1547322 0.2873234 0.0227167 1.9273434 0.0000010 0.1547322 0.1510469 0.0000000 0.0000010 0.1505232 0.1552711 0.1510469 0.8036027 0.5984029 
94280_St_Joe                   0.1507760 0.1507760 0.2784038 0.0223006 1.6107721 0.0000010 0.1507760 0.1471608 0.0000010 0.0000000 0.1466654 0.1512858 0.1471608 0.7717624 0.5786233 
GCA016432855_Lake_Trout        0.0539169 0.0539169 0.1579725 0.1821655 1.1909374 0.1466654 0.0539169 0.0245566 0.1505232 0.1466654 0.0000000 0.0499523 0.0245566 0.5037268 0.4172418 
GCA036784925_Maine_S_alpinus   0.0369700 0.0369700 0.1366607 0.1869548 1.1882737 0.1512858 0.0369700 0.0329259 0.1552711 0.1512858 0.0499523 0.0000000 0.0245224 0.5371247 0.4965969 
GCA045679555_Iceland_A_alpinus 0.0454305 0.0454305 0.1473527 0.1828164 1.2793381 0.1471608 0.0454305 0.0080955 0.1510469 0.1471608 0.0245566 0.0245224 0.0000000 0.5432106 0.4480658 
GCF013265735_Rainbow_Trout     0.5233467 0.5233467 0.8261263 0.8445319 1.9262087 0.7717624 0.5233467 0.5432106 0.8036027 0.7717624 0.5037268 0.5371247 0.5432106 0.0000000 0.7526272 
GCF029448725_Brook_Trout       0.4979702 0.4979702 0.8062448 0.6397258 0.5886358 0.5786233 0.4979702 0.4480658 0.5984029 0.5786233 0.4172418 0.4965969 0.4480658 0.7526272 0.0000000 
