11
251140_Ward_Creek            0.0000000 0.0000010 0.0312737 1.2393328 0.0312737 0.0000010 0.0418582 0.1102040 0.0103344 0.1230001 0.0877539 
260512_Pybus_Point           0.0000010 0.0000000 0.0312737 1.2393328 0.0312737 0.0000010 0.0418582 0.1102040 0.0103344 0.1230001 0.0877539 
353379_Skagit_River          0.0312737 0.0312737 0.0000000 1.4633384 0.0000010 0.0312737 0.0102301 0.1221188 0.0420526 0.1596159 0.0994506 
353381_Dungeness_River       1.2393328 1.2393328 1.4633384 0.0000000 1.4633384 1.2393328 1.4633384 1.7136311 1.3246411 1.7589095 1.6868018 
353401_Peace_River           0.0312737 0.0312737 0.0000010 1.4633384 0.0000000 0.0312737 0.0102301 0.1221188 0.0420526 0.1596159 0.0994506 
353410_Horizon_Lake          0.0000010 0.0000010 0.0312737 1.2393328 0.0312737 0.0000000 0.0418582 0.1102040 0.0103344 0.1230001 0.0877539 
94280_St_Joe                 0.0418582 0.0418582 0.0102301 1.4633384 0.0102301 0.0418582 0.0000000 0.1337682 0.0527688 0.1717663 0.1109580 
GCA016432855_Lake_Trout      0.1102040 0.1102040 0.1221188 1.7136311 0.1221188 0.1102040 0.1337682 0.0000000 0.1223226 0.1731096 0.1110681 
GCA036784925_Maine_S_alpinus 0.0103344 0.0103344 0.0420526 1.3246411 0.0420526 0.0103344 0.0527688 0.1223226 0.0000000 0.1354391 0.0996164 
GCF013265735_Rainbow_Trout   0.1230001 0.1230001 0.1596159 1.7589095 0.1596159 0.1230001 0.1717663 0.1731096 0.1354391 0.0000000 0.1745605 
GCF029448725_Brook_Trout     0.0877539 0.0877539 0.0994506 1.6868018 0.0994506 0.0877539 0.1109580 0.1110681 0.0996164 0.1745605 0.0000000 
