16
251140_Ward_Creek              0.0000000 0.0124006 0.0222225 0.0222225 0.0000010 0.0109896 0.1314228 0.0110722 0.1314228 0.0222225 0.1537226 0.0110074 0.0110074 1.3597507 0.1917739 0.1448070 
260512_Pybus_Point             0.0124006 0.0000000 0.0122568 0.0122568 0.0124006 0.0249001 0.1644276 0.0000010 0.1644276 0.0378200 0.1895006 0.0249466 0.0249466 1.8895457 0.2236487 0.1801945 
261935_Kenai_River             0.0222225 0.0122568 0.0000000 0.0000010 0.0222225 0.0110126 0.1577769 0.0109574 0.1577769 0.0451006 0.1800864 0.0335071 0.0335071 1.4292193 0.2230039 0.1716414 
353213_Cropley_Lake            0.0222225 0.0122568 0.0000010 0.0000000 0.0222225 0.0110126 0.1577769 0.0109574 0.1577769 0.0451006 0.1800864 0.0335071 0.0335071 1.4292193 0.2230039 0.1716414 
353219_Peterson_Creek          0.0000010 0.0124006 0.0222225 0.0222225 0.0000000 0.0109896 0.1314228 0.0110722 0.1314228 0.0222225 0.1537226 0.0110074 0.0110074 1.3597507 0.1917739 0.1448070 
353246_Cottonwood_Creek        0.0109896 0.0249001 0.0110126 0.0110126 0.0109896 0.0000000 0.1438941 0.0222225 0.1438941 0.0334503 0.1661150 0.0220922 0.0220922 1.3597507 0.2062531 0.1574501 
353379_Skagit_River            0.1314228 0.1644276 0.1577769 0.1577769 0.1314228 0.1438941 0.0000000 0.1451087 0.0000010 0.1577769 0.1163434 0.1184428 0.1184428 1.2399610 0.1619573 0.0109913 
353381_Dungeness_River         0.0110722 0.0000010 0.0109574 0.0109574 0.0110722 0.0222225 0.1451087 0.0000000 0.1451087 0.0337065 0.1675069 0.0222594 0.0222594 1.4292193 0.2082751 0.1587971 
353401_Peace_River             0.1314228 0.1644276 0.1577769 0.1577769 0.1314228 0.1438941 0.0000010 0.1451087 0.0000000 0.1577769 0.1163434 0.1184428 0.1184428 1.2399610 0.1619573 0.0109913 
353410_Horizon_Lake            0.0222225 0.0378200 0.0451006 0.0451006 0.0222225 0.0334503 0.1577769 0.0337065 0.1577769 0.0000000 0.1800864 0.0335071 0.0335071 1.4590254 0.2230039 0.1716414 
GCA016432855_Lake_Trout        0.1537226 0.1895006 0.1800864 0.1800864 0.1537226 0.1661150 0.1163434 0.1675069 0.1163434 0.1800864 0.0000000 0.1406977 0.1406977 0.9728372 0.0755749 0.1292035 
GCA036784925_Maine_S_alpinus   0.0110074 0.0249466 0.0335071 0.0335071 0.0110074 0.0220922 0.1184428 0.0222594 0.1184428 0.0335071 0.1406977 0.0000000 0.0000010 1.3003029 0.1763263 0.1315752 
GCA045679555_Iceland_A_alpinus 0.0110074 0.0249466 0.0335071 0.0335071 0.0110074 0.0220922 0.1184428 0.0222594 0.1184428 0.0335071 0.1406977 0.0000010 0.0000000 1.3003029 0.1763263 0.1315752 
GCF013265735_Rainbow_Trout     1.3597507 1.8895457 1.4292193 1.4292193 1.3597507 1.3597507 1.2399610 1.4292193 1.2399610 1.4590254 0.9728372 1.3003029 1.3003029 0.0000000 1.2470246 1.2911751 
GCF029448725_Brook_Trout       0.1917739 0.2236487 0.2230039 0.2230039 0.1917739 0.2062531 0.1619573 0.2082751 0.1619573 0.2230039 0.0755749 0.1763263 0.1763263 1.2470246 0.0000000 0.1773970 
Methow_River_99895             0.1448070 0.1801945 0.1716414 0.1716414 0.1448070 0.1574501 0.0109913 0.1587971 0.0109913 0.1716414 0.1292035 0.1315752 0.1315752 1.2911751 0.1773970 0.0000000 
