13
251140_Ward_Creek              0.0000000 0.0098573 0.1868263 0.0098573 0.0232506 0.0232506 0.0016326 0.0082074 0.0232279 0.0065603 0.0082074 0.0790846 0.0334236 
260512_Pybus_Point             0.0098573 0.0000000 0.0483580 0.0000010 0.0266183 0.0266183 0.0115101 0.0016326 0.0265922 0.0032679 0.0049059 0.0864383 0.0351257 
261935_Kenai_River             0.1868263 0.0483580 0.0000000 0.0483580 0.3117727 0.3117727 0.1578432 0.0734799 0.2432555 0.0992671 0.0992671 1.2180566 0.4243531 
353213_Cropley_Lake            0.0098573 0.0000010 0.0483580 0.0000000 0.0266183 0.0266183 0.0115101 0.0016326 0.0265922 0.0032679 0.0049059 0.0864383 0.0351257 
353379_Skagit_River            0.0232506 0.0266183 0.3117727 0.0266183 0.0000000 0.0000010 0.0249330 0.0249330 0.0265922 0.0232506 0.0249330 0.0864383 0.0368309 
353401_Peace_River             0.0232506 0.0266183 0.3117727 0.0266183 0.0000010 0.0000000 0.0249330 0.0249330 0.0265922 0.0232506 0.0249330 0.0864383 0.0368309 
353407_Noatok                  0.0016326 0.0115101 0.1578432 0.0115101 0.0249330 0.0249330 0.0000000 0.0098573 0.0249087 0.0082074 0.0098573 0.0809178 0.0351257 
353410_Horizon_Lake            0.0082074 0.0016326 0.0734799 0.0016326 0.0249330 0.0249330 0.0098573 0.0000000 0.0249087 0.0016326 0.0032679 0.0845947 0.0334236 
GCA016432855_Lake_Trout        0.0232279 0.0265922 0.2432555 0.0265922 0.0265922 0.0265922 0.0249087 0.0249087 0.0000000 0.0232279 0.0249087 0.0751928 0.0098573 
GCA036784925_Maine_S_alpinus   0.0065603 0.0032679 0.0992671 0.0032679 0.0232506 0.0232506 0.0082074 0.0016326 0.0232279 0.0000000 0.0016326 0.0827540 0.0317245 
GCA045679555_Iceland_A_alpinus 0.0082074 0.0049059 0.0992671 0.0049059 0.0249330 0.0249330 0.0098573 0.0032679 0.0249087 0.0016326 0.0000000 0.0845947 0.0334236 
GCF013265735_Rainbow_Trout     0.0790846 0.0864383 1.2180566 0.0864383 0.0864383 0.0864383 0.0809178 0.0845947 0.0751928 0.0827540 0.0845947 0.0000000 0.0863474 
GCF029448725_Brook_Trout       0.0334236 0.0351257 0.4243531 0.0351257 0.0368309 0.0368309 0.0351257 0.0334236 0.0098573 0.0317245 0.0334236 0.0863474 0.0000000 
