14
251140_Ward_Creek              0.0000000 0.0000010 0.0000010 0.0134533 0.1367412 0.1367412 0.0329723 0.0329723 0.2588499 0.0218197 0.0108305 0.0108305 0.6142697 0.0442933 
260512_Pybus_Point             0.0000010 0.0000000 0.0000010 0.0121460 0.1218892 0.1218892 0.0260896 0.0260896 0.2265799 0.0172914 0.0085960 0.0085960 0.6142697 0.0349918 
261935_Kenai_River             0.0000010 0.0000010 0.0000000 0.0121460 0.1218892 0.1218892 0.0260896 0.0260896 0.2265799 0.0172914 0.0085960 0.0085960 0.6142697 0.0349918 
353246_Cottonwood_Creek        0.0134533 0.0121460 0.0121460 0.0000000 0.1367411 0.1367411 0.0000010 0.0349918 0.2448364 0.0440009 0.0349918 0.0349918 0.6912611 0.0623504 
353379_Skagit_River            0.1367412 0.1218892 0.1218892 0.1367411 0.0000000 0.0000010 0.3324041 0.3324041 0.0796379 0.3181179 0.3040988 0.3040988 0.4197115 0.3469676 
353401_Peace_River             0.1367412 0.1218892 0.1218892 0.1367411 0.0000010 0.0000000 0.3324041 0.3324041 0.0796379 0.3181179 0.3040988 0.3040988 0.4197115 0.3469676 
353407_Noatok                  0.0329723 0.0260896 0.0260896 0.0000010 0.3324041 0.3324041 0.0000000 0.0349918 0.8080006 0.0440009 0.0349918 0.0349918 0.6912611 0.0623504 
353410_Horizon_Lake            0.0329723 0.0260896 0.0260896 0.0349918 0.3324041 0.3324041 0.0349918 0.0000000 0.7770687 0.0440009 0.0172914 0.0172914 0.6912611 0.0623504 
92319_Little_Lost              0.2588499 0.2265799 0.2265799 0.2448364 0.0796379 0.0796379 0.8080006 0.7770687 0.0000000 0.7770687 0.7473621 0.7473621 1.4240487 0.8402642 
GCA016432855_Lake_Trout        0.0218197 0.0172914 0.0172914 0.0440009 0.3181179 0.3181179 0.0440009 0.0440009 0.7770687 0.0000000 0.0260896 0.0260896 0.6142697 0.0349918 
GCA036784925_Maine_S_alpinus   0.0108305 0.0085960 0.0085960 0.0349918 0.3040988 0.3040988 0.0349918 0.0172914 0.7473621 0.0260896 0.0000000 0.0000010 0.6390658 0.0440009 
GCA045679555_Iceland_A_alpinus 0.0108305 0.0085960 0.0085960 0.0349918 0.3040988 0.3040988 0.0349918 0.0172914 0.7473621 0.0260896 0.0000010 0.0000000 0.6390658 0.0440009 
GCF013265735_Rainbow_Trout     0.6142697 0.6142697 0.6142697 0.6912611 0.4197115 0.4197115 0.6912611 0.6912611 1.4240487 0.6142697 0.6390658 0.6390658 0.0000000 0.6142697 
GCF029448725_Brook_Trout       0.0442933 0.0349918 0.0349918 0.0623504 0.3469676 0.3469676 0.0623504 0.0623504 0.8402642 0.0349918 0.0440009 0.0440009 0.6142697 0.0000000 
