20
251140_Ward_Creek              0.0000000 0.0562263 0.0000010 0.0868868 0.0868868 0.0000010 0.0273423 0.4273506 0.3700859 0.4273506 0.0893497 0.0855349 0.3293337 0.4273506 0.1783017 0.0554277 0.0554277 3.1234515 0.3929328 0.4273506 
260512_Pybus_Point             0.0562263 0.0000000 0.0562263 0.0108043 0.0108043 0.0554754 0.0108042 0.1393233 0.0541237 0.1393233 0.0451638 0.0441755 0.1125892 0.1393233 0.0790631 0.0327680 0.0327680 1.4397787 0.1527940 0.1393233 
261935_Kenai_River             0.0000010 0.0562263 0.0000000 0.0868868 0.0868868 0.0000010 0.0273423 0.4273506 0.3700859 0.4273506 0.0893497 0.0855349 0.3293337 0.4273506 0.1783017 0.0554277 0.0554277 3.1234515 0.3929328 0.4273506 
353213_Cropley_Lake            0.0868868 0.0108043 0.0868868 0.0000000 0.0000010 0.0856904 0.0218484 0.1540922 0.0686170 0.1540922 0.0571289 0.0558552 0.1267985 0.1540922 0.0914373 0.0441840 0.0441840 1.5029050 0.1666399 0.1540922 
353219_Peterson_Creek          0.0868868 0.0108043 0.0868868 0.0000010 0.0000000 0.0856904 0.0218484 0.1540922 0.0686170 0.1540922 0.0571289 0.0558552 0.1267985 0.1540922 0.0914373 0.0441840 0.0441840 1.5029050 0.1666399 0.1540922 
353220_Fish_Creek              0.0000010 0.0554754 0.0000010 0.0856904 0.0856904 0.0000000 0.0269873 0.4187107 0.3700859 0.4187107 0.0880850 0.0843767 0.3228650 0.4187107 0.1757931 0.0546985 0.0546985 3.1033376 0.3869595 0.4187107 
353246_Cottonwood_Creek        0.0273423 0.0108042 0.0273423 0.0218484 0.0218484 0.0269873 0.0000000 0.1249967 0.0686169 0.1249967 0.0334886 0.0327680 0.0987903 0.1249967 0.0669976 0.0216102 0.0216102 1.3800246 0.1393354 0.1249967 
353379_Skagit_River            0.4273506 0.1393233 0.4273506 0.1540922 0.1540922 0.4187107 0.1249967 0.0000000 0.2349393 0.0467068 0.1713940 0.1667381 0.0231023 0.0467068 0.2106856 0.1518574 0.1518574 1.8702848 0.3031706 0.0230922 
353381_Dungeness_River         0.3700859 0.0541237 0.3700859 0.0686170 0.0686170 0.3700859 0.0686169 0.2349393 0.0000000 0.2349393 0.1163322 0.1129520 0.1981097 0.2349393 0.1443332 0.0974052 0.0974052 1.9422686 0.2432120 0.2349393 
353401_Peace_River             0.4273506 0.1393233 0.4273506 0.1540922 0.1540922 0.4187107 0.1249967 0.0467068 0.2349393 0.0000000 0.1713940 0.1667381 0.0467277 0.0000010 0.2106856 0.1518574 0.1518574 1.8646258 0.3031706 0.0230922 
353407_Noatok                  0.0893497 0.0451638 0.0893497 0.0571289 0.0571289 0.0880850 0.0334886 0.1713940 0.1163322 0.1713940 0.0000000 0.0685370 0.1431449 0.1713940 0.0799391 0.0564546 0.0564546 1.4793252 0.1545548 0.1713940 
353410_Horizon_Lake            0.0855349 0.0441755 0.0855349 0.0558552 0.0558552 0.0843767 0.0327680 0.1667381 0.1129520 0.1667381 0.0685370 0.0000000 0.1393588 0.1667381 0.1028033 0.0107995 0.0107995 1.4696702 0.1783056 0.1667381 
92319_Little_Lost              0.3293337 0.1125892 0.3293337 0.1267985 0.1267985 0.3228650 0.0987903 0.0231023 0.1981097 0.0467277 0.1431449 0.1393588 0.0000000 0.0467277 0.1820720 0.1250276 0.1250276 1.8650720 0.2722738 0.0231023 
94280_St_Joe                   0.4273506 0.1393233 0.4273506 0.1540922 0.1540922 0.4187107 0.1249967 0.0467068 0.2349393 0.0000010 0.1713940 0.1667381 0.0467277 0.0000000 0.2106856 0.1518574 0.1518574 1.8646258 0.3031706 0.0230922 
GCA016432855_Lake_Trout        0.1783017 0.0790631 0.1783017 0.0914373 0.0914373 0.1757931 0.0669976 0.2106856 0.1443332 0.2106856 0.0799391 0.1028033 0.1820720 0.2106856 0.0000000 0.0903241 0.0903241 1.5034846 0.1644006 0.2106856 
GCA036784925_Maine_S_alpinus   0.0554277 0.0327680 0.0554277 0.0441840 0.0441840 0.0546985 0.0216102 0.1518574 0.0974052 0.1518574 0.0564546 0.0107995 0.1250276 0.1518574 0.0903241 0.0000000 0.0000010 1.4120434 0.1643753 0.1518574 
GCA045679555_Iceland_A_alpinus 0.0554277 0.0327680 0.0554277 0.0441840 0.0441840 0.0546985 0.0216102 0.1518574 0.0974052 0.1518574 0.0564546 0.0107995 0.1250276 0.1518574 0.0903241 0.0000010 0.0000000 1.4120434 0.1643753 0.1518574 
GCF013265735_Rainbow_Trout     3.1234515 1.4397787 3.1234515 1.5029050 1.5029050 3.1033376 1.3800246 1.8702848 1.9422686 1.8646258 1.4793252 1.4696702 1.8650720 1.8646258 1.5034846 1.4120434 1.4120434 0.0000000 1.6151454 1.8646258 
GCF029448725_Brook_Trout       0.3929328 0.1527940 0.3929328 0.1666399 0.1666399 0.3869595 0.1393354 0.3031706 0.2432120 0.3031706 0.1545548 0.1783056 0.2722738 0.3031706 0.1644006 0.1643753 0.1643753 1.6151454 0.0000000 0.3031706 
Methow_River_99895             0.4273506 0.1393233 0.4273506 0.1540922 0.1540922 0.4187107 0.1249967 0.0230922 0.2349393 0.0230922 0.1713940 0.1667381 0.0231023 0.0230922 0.2106856 0.1518574 0.1518574 1.8646258 0.3031706 0.0000000 
