9
251140_Ward_Creek          0.0000000 0.0000010 0.1761548 0.1761548 0.0052402 9.0000000 0.0654366 0.2140394 0.0625926 
260512_Pybus_Point         0.0000010 0.0000000 0.1761548 0.1761548 0.0052402 9.0000000 0.0654366 0.2140394 0.0625926 
353379_Skagit_River        0.1761548 0.1761548 0.0000000 0.0000010 0.1848379 0.0739515 0.0829175 0.0468902 0.0867392 
353401_Peace_River         0.1761548 0.1761548 0.0000010 0.0000000 0.1848379 0.0739515 0.0829175 0.0468902 0.0867392 
353407_Noatok              0.0052402 0.0052402 0.1848379 0.1848379 0.0000000 9.0000000 0.0711563 0.2232703 0.0682910 
92319_Little_Lost          9.0000000 9.0000000 0.0739515 0.0739515 9.0000000 0.0000000 0.5635621 0.2884188 0.5635621 
GCA016432855_Lake_Trout    0.0654366 0.0654366 0.0829175 0.0829175 0.0711563 0.5635621 0.0000000 0.1274881 0.0078740 
GCF013265735_Rainbow_Trout 0.2140394 0.2140394 0.0468902 0.0468902 0.2232703 0.2884188 0.1274881 0.0000000 0.1234119 
GCF029448725_Brook_Trout   0.0625926 0.0625926 0.0867392 0.0867392 0.0682910 0.5635621 0.0078740 0.1234119 0.0000000 
