19
251140_Ward_Creek              0.0000000 0.1513587 0.0121967 0.0122331 0.1513587 0.0184056 0.1445438 0.3819752 5.3289651 0.3613472 0.1668840 0.1439941 0.3613472 0.3613472 0.1440343 0.1675448 0.1675448 1.8355184 0.2469568 
260512_Pybus_Point             0.1513587 0.0000000 0.1662292 0.1668840 0.0000010 0.1744267 0.0316636 0.3281429 8.9999980 0.3077782 0.0252519 0.0315644 0.3077782 0.3077782 0.3466328 0.0513047 0.0513047 1.9024206 0.4789289 
261935_Kenai_River             0.0121967 0.1662292 0.0000000 0.0122331 0.1662292 0.0308634 0.1593893 0.3923821 4.8339338 0.3716297 0.1820173 0.1587704 0.3716297 0.3716297 0.1604020 0.1827535 0.1827535 1.8386567 0.2648395 
353213_Cropley_Lake            0.0122331 0.1668840 0.0122331 0.0000000 0.1668840 0.0309582 0.1600138 0.3948613 6.4699420 0.3739184 0.1827535 0.1593893 0.3739184 0.3739184 0.1610961 0.1834967 0.1834967 1.8790732 0.2661691 
353219_Peterson_Creek          0.1513587 0.0000010 0.1662292 0.1668840 0.0000000 0.1744267 0.0316636 0.3281429 8.9999980 0.3077782 0.0252519 0.0315644 0.3077782 0.3077782 0.3466328 0.0513047 0.0513047 1.9024206 0.4789289 
353220_Fish_Creek              0.0184056 0.1744267 0.0308634 0.0309582 0.1744267 0.0000000 0.1513587 0.4160524 5.4853175 0.3948613 0.1904311 0.1371929 0.3948613 0.3948613 0.1694126 0.1912139 0.1912139 1.8836136 0.2752587 
353246_Cottonwood_Creek        0.1445438 0.0316636 0.1593893 0.1600138 0.0316636 0.1513587 0.0000000 0.3404777 8.9999990 0.3197912 0.0447503 0.0381153 0.3197912 0.3197912 0.3592161 0.0580904 0.0580904 1.9542041 0.4937469 
353379_Skagit_River            0.3819752 0.3281429 0.3923821 0.3948613 0.3281429 0.4160524 0.3404777 0.0000000 8.9999986 0.0139366 0.3300969 0.3179238 0.0139366 0.0139366 0.5584145 0.3320819 0.3320819 1.5059690 0.7591115 
353381_Dungeness_River         5.3289651 8.9999980 4.8339338 6.4699420 8.9999980 5.4853175 8.9999990 8.9999986 0.0000000 8.9999988 8.9999985 8.9999989 8.9999988 8.9999988 8.9999988 8.9999981 8.9999981 2.0314569 4.3028801 
353401_Peace_River             0.3613472 0.3077782 0.3716297 0.3739184 0.3077782 0.3948613 0.3197912 0.0139366 8.9999988 0.0000000 0.3095615 0.2977071 0.0000010 0.0000010 0.5445062 0.3113719 0.3113719 1.4851303 0.7445019 
353407_Noatok                  0.1668840 0.0252519 0.1820173 0.1827535 0.0252519 0.1904311 0.0447503 0.3300969 8.9999985 0.3095615 0.0000000 0.0446069 0.3095615 0.3095615 0.3487402 0.0514718 0.0514718 1.9532292 0.4823820 
353410_Horizon_Lake            0.1439941 0.0315644 0.1587704 0.1593893 0.0315644 0.1371929 0.0381153 0.3179238 8.9999989 0.2977071 0.0446069 0.0000000 0.2977071 0.2977071 0.3363214 0.0447503 0.0447503 1.9002030 0.4677411 
92319_Little_Lost              0.3613472 0.3077782 0.3716297 0.3739184 0.3077782 0.3948613 0.3197912 0.0139366 8.9999988 0.0000010 0.3095615 0.2977071 0.0000000 0.0000010 0.5445062 0.3113719 0.3113719 1.4851303 0.7445019 
94280_St_Joe                   0.3613472 0.3077782 0.3716297 0.3739184 0.3077782 0.3948613 0.3197912 0.0139366 8.9999988 0.0000010 0.3095615 0.2977071 0.0000010 0.0000000 0.5445062 0.3113719 0.3113719 1.4851303 0.7445019 
GCA016432855_Lake_Trout        0.1440343 0.3466328 0.1604020 0.1610961 0.3466328 0.1694126 0.3592161 0.5584145 8.9999988 0.5445062 0.3487402 0.3363214 0.5445062 0.5445062 0.0000000 0.3508822 0.3508822 2.2420089 0.2185208 
GCA036784925_Maine_S_alpinus   0.1675448 0.0513047 0.1827535 0.1834967 0.0513047 0.1912139 0.0580904 0.3320819 8.9999981 0.3113719 0.0514718 0.0447503 0.3113719 0.3113719 0.3508822 0.0000000 0.0000010 2.0092696 0.4859078 
GCA045679555_Iceland_A_alpinus 0.1675448 0.0513047 0.1827535 0.1834967 0.0513047 0.1912139 0.0580904 0.3320819 8.9999981 0.3113719 0.0514718 0.0447503 0.3113719 0.3113719 0.3508822 0.0000010 0.0000000 2.0092696 0.4859078 
GCF013265735_Rainbow_Trout     1.8355184 1.9024206 1.8386567 1.8790732 1.9024206 1.8836136 1.9542041 1.5059690 2.0314569 1.4851303 1.9532292 1.9002030 1.4851303 1.4851303 2.2420089 2.0092696 2.0092696 0.0000000 2.2746431 
GCF029448725_Brook_Trout       0.2469568 0.4789289 0.2648395 0.2661691 0.4789289 0.2752587 0.4937469 0.7591115 4.3028801 0.7445019 0.4823820 0.4677411 0.7445019 0.7445019 0.2185208 0.4859078 0.4859078 2.2746431 0.0000000 
