11
251140_Ward_Creek            0.0000000 0.0000010 0.0140189 0.0140189 0.0283048 0.0000010 0.0283048 0.4408400 0.0140189 0.7449388 0.4925846 
260512_Pybus_Point           0.0000010 0.0000000 0.0140189 0.0140189 0.0283048 0.0000010 0.0283048 0.4408400 0.0140189 0.7449388 0.4925846 
261935_Kenai_River           0.0140189 0.0140189 0.0000000 0.0283048 0.0428681 0.0177523 0.0428681 0.4662662 0.0283048 0.5716050 0.5198604 
353379_Skagit_River          0.0140189 0.0140189 0.0283048 0.0000000 0.0140189 0.0177523 0.0140189 0.4662662 0.0283048 0.7834088 0.5198604 
353401_Peace_River           0.0283048 0.0283048 0.0428681 0.0140189 0.0000000 0.0359350 0.0000010 0.4925846 0.0428681 0.8239592 0.5481653 
92319_Little_Lost            0.0000010 0.0000010 0.0177523 0.0177523 0.0359350 0.0000000 0.0359350 0.6181316 0.0177523 1.1085764 0.7027282 
94280_St_Joe                 0.0283048 0.0283048 0.0428681 0.0140189 0.0000010 0.0359350 0.0000000 0.4925846 0.0428681 0.8239592 0.5481653 
GCA016432855_Lake_Trout      0.4408400 0.4408400 0.4662662 0.4662662 0.4925846 0.6181316 0.4925846 0.0000000 0.4662662 1.3438196 0.0577208 
GCA036784925_Maine_S_alpinus 0.0140189 0.0140189 0.0283048 0.0283048 0.0428681 0.0177523 0.0428681 0.4662662 0.0000000 0.7834088 0.5198604 
GCF013265735_Rainbow_Trout   0.7449388 0.7449388 0.5716050 0.7834088 0.8239592 1.1085764 0.8239592 1.3438196 0.7834088 0.0000000 1.5323054 
GCF029448725_Brook_Trout     0.4925846 0.4925846 0.5198604 0.5198604 0.5481653 0.7027282 0.5481653 0.0577208 0.5198604 1.5323054 0.0000000 
