7
251140_Ward_Creek          0.0000000 0.0000010 0.1026791 0.0000010 0.1026791 0.2618994 0.0687436 
260512_Pybus_Point         0.0000010 0.0000000 0.1026791 0.0000010 0.1026791 0.2618994 0.0687436 
353379_Skagit_River        0.1026791 0.1026791 0.0000000 0.0000010 0.0000010 0.4265713 0.1832590 
353381_Dungeness_River     0.0000010 0.0000010 0.0000010 0.0000000 0.0000010 1.3667732 0.2484392 
353401_Peace_River         0.1026791 0.1026791 0.0000010 0.0000010 0.0000000 0.4265713 0.1832590 
GCF013265735_Rainbow_Trout 0.2618994 0.2618994 0.4265713 1.3667732 0.4265713 0.0000000 0.3830300 
GCF029448725_Brook_Trout   0.0687436 0.0687436 0.1832590 0.2484392 0.1832590 0.3830300 0.0000000 
