14
251140_Ward_Creek            0.0000000 0.0000010 0.1986884 0.4396177 0.5417085 0.0000010 0.6873702 0.1986884 0.6334369 0.6873702 8.9999987 0.6334369 8.9999988 8.9999984 
260512_Pybus_Point           0.0000010 0.0000000 0.1986884 0.4396177 0.5417085 0.0000010 0.6873702 0.1986884 0.6334369 0.6873702 8.9999987 0.6334369 8.9999988 8.9999984 
261935_Kenai_River           0.1986884 0.1986884 0.0000000 0.1581220 1.7480611 0.2790611 3.7270336 0.0000010 0.1581220 3.7270336 8.9999986 0.1581220 8.9999986 8.9999988 
353246_Cottonwood_Creek      0.4396177 0.4396177 0.1581220 0.0000000 8.9999990 1.0447790 8.9999987 0.1581220 0.1016287 8.9999987 8.9999980 0.1016287 8.9999986 8.9999981 
353379_Skagit_River          0.5417085 0.5417085 1.7480611 8.9999990 0.0000000 8.9999981 0.0672186 1.7480611 8.9999990 0.0672186 8.9999980 8.9999990 8.9999981 8.9999990 
353381_Dungeness_River       0.0000010 0.0000010 0.2790611 1.0447790 8.9999981 0.0000000 8.9999988 0.2790611 2.5459613 8.9999988 8.9999982 2.5459613 8.9999982 8.9999990 
353401_Peace_River           0.6873702 0.6873702 3.7270336 8.9999987 0.0672186 8.9999988 0.0000000 3.7270336 8.9999987 0.0000010 8.9999981 8.9999987 8.9999986 8.9999985 
353407_Noatok                0.1986884 0.1986884 0.0000010 0.1581220 1.7480611 0.2790611 3.7270336 0.0000000 0.1581220 3.7270336 8.9999986 0.1581220 8.9999986 8.9999988 
353410_Horizon_Lake          0.6334369 0.6334369 0.1581220 0.1016287 8.9999990 2.5459613 8.9999987 0.1581220 0.0000000 8.9999987 8.9999980 0.0000010 8.9999985 8.9999981 
92319_Little_Lost            0.6873702 0.6873702 3.7270336 8.9999987 0.0672186 8.9999988 0.0000010 3.7270336 8.9999987 0.0000000 8.9999981 8.9999987 8.9999986 8.9999985 
GCA016432855_Lake_Trout      8.9999987 8.9999987 8.9999986 8.9999980 8.9999980 8.9999982 8.9999981 8.9999986 8.9999980 8.9999981 0.0000000 8.9999980 8.9999990 0.3274906 
GCA036784925_Maine_S_alpinus 0.6334369 0.6334369 0.1581220 0.1016287 8.9999990 2.5459613 8.9999987 0.1581220 0.0000010 8.9999987 8.9999980 0.0000000 8.9999985 8.9999981 
GCF013265735_Rainbow_Trout   8.9999988 8.9999988 8.9999986 8.9999986 8.9999981 8.9999982 8.9999986 8.9999986 8.9999985 8.9999986 8.9999990 8.9999985 0.0000000 8.9999990 
GCF029448725_Brook_Trout     8.9999984 8.9999984 8.9999988 8.9999981 8.9999990 8.9999990 8.9999985 8.9999988 8.9999981 8.9999985 0.3274906 8.9999981 8.9999990 0.0000000 
