13
251140_Ward_Creek              0.0000000 0.0000010 0.0033706 0.0412014 0.1564923 0.0412014 0.0033706 0.1685461 0.1043684 0.0067795 0.0067808 0.1949576 0.1051675 
260512_Pybus_Point             0.0000010 0.0000000 0.0033706 0.0412014 0.1564923 0.0412014 0.0033706 0.1685461 0.1043684 0.0067795 0.0067808 0.1949576 0.1051675 
353246_Cottonwood_Creek        0.0033706 0.0033706 0.0000000 0.0372175 0.1635853 0.0372175 0.0000010 0.1494050 0.1043684 0.0033707 0.0033713 0.1887155 0.1051675 
353379_Skagit_River            0.0412014 0.0412014 0.0372175 0.0000000 0.0927452 0.0000010 0.0372175 0.0000010 0.0543829 0.0411987 0.0412102 0.1255555 0.0547195 
353381_Dungeness_River         0.1564923 0.1564923 0.1635853 0.0927452 0.0000000 0.0927452 0.1635853 3.1475963 0.1907058 0.1706744 0.1635853 0.0810631 0.1930068 
353401_Peace_River             0.0412014 0.0412014 0.0372175 0.0000010 0.0927452 0.0000000 0.0372175 0.0000010 0.0543829 0.0411987 0.0412102 0.1255555 0.0547195 
353407_Noatok                  0.0033706 0.0033706 0.0000010 0.0372175 0.1635853 0.0372175 0.0000000 0.1494050 0.1043684 0.0033707 0.0033713 0.1887155 0.1051675 
92319_Little_Lost              0.1685461 0.1685461 0.1494050 0.0000010 3.1475963 0.0000010 0.1494050 0.0000000 0.1822171 0.1494050 0.1686869 0.5361376 0.2119271 
GCA016432855_Lake_Trout        0.1043684 0.1043684 0.1043684 0.0543829 0.1907058 0.0543829 0.1043684 0.1822171 0.0000000 0.1094950 0.1095456 0.2228329 0.0069742 
GCA036784925_Maine_S_alpinus   0.0067795 0.0067795 0.0033707 0.0411987 0.1706744 0.0411987 0.0033707 0.1494050 0.1094950 0.0000000 0.0067809 0.1948942 0.1103466 
GCA045679555_Iceland_A_alpinus 0.0067808 0.0067808 0.0033713 0.0412102 0.1635853 0.0412102 0.0033713 0.1686869 0.1095456 0.0067809 0.0000000 0.1887155 0.1103982 
GCF013265735_Rainbow_Trout     0.1949576 0.1949576 0.1887155 0.1255555 0.0810631 0.1255555 0.1887155 0.5361376 0.2228329 0.1948942 0.1887155 0.0000000 0.2252439 
GCF029448725_Brook_Trout       0.1051675 0.1051675 0.1051675 0.0547195 0.1930068 0.0547195 0.1051675 0.2119271 0.0069742 0.1103466 0.1103982 0.2252439 0.0000000 
