19
251140_Ward_Creek              0.0000000 0.0450909 0.3321804 0.2852374 0.0450909 0.2073988 0.0000010 0.4312698 0.0968891 0.5651221 0.5097525 0.2533959 5.2560253 0.5651221 1.0273103 0.4312698 0.4312698 1.5677180 0.8141764 
260512_Pybus_Point             0.0450909 0.0000000 0.2680684 0.3560686 0.0000010 0.2680684 0.0450909 0.5097525 0.0468489 0.6604796 0.5896751 0.1970709 4.4621514 0.6604796 0.9409795 0.5097525 0.5097525 1.5657459 0.7441065 
261935_Kenai_River             0.3321804 0.2680684 0.0000000 0.1503503 0.2680684 0.0929011 0.3321804 0.1503503 0.3560686 0.2192107 0.2073988 0.3992405 6.3041339 0.2192107 0.5268563 0.1503503 0.1503503 1.4761687 0.4683609 
353213_Cropley_Lake            0.2852374 0.3560686 0.1503503 0.0000000 0.3560686 0.0468489 0.2852374 0.0929011 0.2680684 0.1503503 0.1435473 0.6686202 5.8009200 0.1503503 0.3954854 0.0929011 0.0929011 1.3901929 0.3732167 
353219_Peterson_Creek          0.0450909 0.0000010 0.2680684 0.3560686 0.0000000 0.2680684 0.0450909 0.5097525 0.0468489 0.6604796 0.5896751 0.1970709 4.4621514 0.6604796 0.9409795 0.5097525 0.5097525 1.5657459 0.7441065 
353220_Fish_Creek              0.2073988 0.2680684 0.0929011 0.0468489 0.2680684 0.0000000 0.2073988 0.1503503 0.3560686 0.2192107 0.2073988 0.5382608 8.9999981 0.2192107 0.5268563 0.1503503 0.1503503 1.4761687 0.4683609 
353246_Cottonwood_Creek        0.0000010 0.0450909 0.3321804 0.2852374 0.0450909 0.2073988 0.0000000 0.4312698 0.0968891 0.5651221 0.5097525 0.2533959 5.2560253 0.5651221 1.0273103 0.4312698 0.4312698 1.5677180 0.8141764 
353379_Skagit_River            0.4312698 0.5097525 0.1503503 0.0929011 0.5097525 0.1503503 0.4312698 0.0000000 0.3992405 0.0468489 0.1435473 0.6686202 8.9999985 0.0468489 0.5576652 0.0929011 0.0929011 1.4068246 0.4982354 
353381_Dungeness_River         0.0968891 0.0468489 0.3560686 0.2680684 0.0468489 0.3560686 0.0968891 0.3992405 0.0000000 0.5097525 0.4683609 0.2680684 3.6799474 0.5097525 0.7168043 0.3992405 0.3992405 1.4761687 0.6073946 
353401_Peace_River             0.5651221 0.6604796 0.2192107 0.1503503 0.6604796 0.2192107 0.5651221 0.0468489 0.5097525 0.0000000 0.2073988 0.8419788 8.9999985 0.0000010 0.7168043 0.1503503 0.1503503 1.4866404 0.6073946 
353407_Noatok                  0.5097525 0.5896751 0.2073988 0.1435473 0.5896751 0.2073988 0.5097525 0.1435473 0.4683609 0.2073988 0.0000000 0.4312698 3.8036008 0.2073988 0.6378435 0.1435473 0.1435473 1.4142520 0.5602854 
353410_Horizon_Lake            0.2533959 0.1970709 0.3992405 0.6686202 0.1970709 0.5382608 0.2533959 0.6686202 0.2680684 0.8419788 0.4312698 0.0000000 3.6022045 0.8419788 1.2008407 0.5097525 0.5097525 1.5727903 0.9847691 
92319_Little_Lost              5.2560253 4.4621514 6.3041339 5.8009200 4.4621514 8.9999981 5.2560253 8.9999985 3.6799474 8.9999985 3.8036008 3.6022045 0.0000000 8.9999985 3.7143536 5.8009200 5.8009200 2.2136832 2.5957526 
94280_St_Joe                   0.5651221 0.6604796 0.2192107 0.1503503 0.6604796 0.2192107 0.5651221 0.0468489 0.5097525 0.0000010 0.2073988 0.8419788 8.9999985 0.0000000 0.7168043 0.1503503 0.1503503 1.4866404 0.6073946 
GCA016432855_Lake_Trout        1.0273103 0.9409795 0.5268563 0.3954854 0.9409795 0.5268563 1.0273103 0.5576652 0.7168043 0.7168043 0.6378435 1.2008407 3.7143536 0.7168043 0.0000000 0.5576652 0.5576652 1.4816095 0.6378435 
GCA036784925_Maine_S_alpinus   0.4312698 0.5097525 0.1503503 0.0929011 0.5097525 0.1503503 0.4312698 0.0929011 0.3992405 0.1503503 0.1435473 0.5097525 5.8009200 0.1503503 0.5576652 0.0000000 0.0000010 1.4068246 0.4982354 
GCA045679555_Iceland_A_alpinus 0.4312698 0.5097525 0.1503503 0.0929011 0.5097525 0.1503503 0.4312698 0.0929011 0.3992405 0.1503503 0.1435473 0.5097525 5.8009200 0.1503503 0.5576652 0.0000010 0.0000000 1.4068246 0.4982354 
GCF013265735_Rainbow_Trout     1.5677180 1.5657459 1.4761687 1.3901929 1.5657459 1.4761687 1.5677180 1.4068246 1.4761687 1.4866404 1.4142520 1.5727903 2.2136832 1.4866404 1.4816095 1.4068246 1.4068246 0.0000000 1.4142520 
GCF029448725_Brook_Trout       0.8141764 0.7441065 0.4683609 0.3732167 0.7441065 0.4683609 0.8141764 0.4982354 0.6073946 0.6073946 0.5602854 0.9847691 2.5957526 0.6073946 0.6378435 0.4982354 0.4982354 1.4142520 0.0000000 
