17
251140_Ward_Creek          0.0000000 0.0000010 0.0019488 0.0117647 0.0019507 0.0019488 0.0157636 0.0512706 0.0119451 0.0058619 0.0019488 0.0137780 0.0117969 0.0198851 0.1019067 0.0323340 0.0117969 
260512_Pybus_Point         0.0000010 0.0000000 0.0019488 0.0117647 0.0019507 0.0019488 0.0157636 0.0512706 0.0119451 0.0058619 0.0019488 0.0137780 0.0117969 0.0198851 0.1019067 0.0323340 0.0117969 
261935_Kenai_River         0.0019488 0.0019488 0.0000000 0.0097931 0.0039082 0.0000010 0.0137780 0.0646863 0.0099432 0.0039037 0.0000010 0.0117967 0.0098199 0.0178765 0.0996589 0.0302783 0.0098199 
353213_Cropley_Lake        0.0117647 0.0117647 0.0097931 0.0000000 0.0137568 0.0097931 0.0237556 0.1346538 0.0200010 0.0137405 0.0097931 0.0217516 0.0197525 0.0279689 0.1109562 0.0406090 0.0197525 
353219_Peterson_Creek      0.0019507 0.0019507 0.0039082 0.0137568 0.0000000 0.0039082 0.0177746 0.0650961 0.0139683 0.0078337 0.0039082 0.0157824 0.0137945 0.0219245 0.1042980 0.0344364 0.0137945 
353246_Cottonwood_Creek    0.0019488 0.0019488 0.0000010 0.0097931 0.0039082 0.0000000 0.0137780 0.0646863 0.0099432 0.0039037 0.0000010 0.0117967 0.0098199 0.0178765 0.0996589 0.0302783 0.0098199 
353379_Skagit_River        0.0157636 0.0157636 0.0137780 0.0237556 0.0177746 0.0137780 0.0000000 0.1370179 0.0039516 0.0177534 0.0137780 0.0019480 0.0039029 0.0239143 0.1063958 0.0364561 0.0039029 
353381_Dungeness_River     0.0512706 0.0512706 0.0646863 0.1346538 0.0650961 0.0646863 0.1370179 0.0000000 0.1336902 0.0919907 0.1210388 0.1222105 0.1223612 0.1572380 0.9631703 0.2113642 0.1223612 
353401_Peace_River         0.0119451 0.0119451 0.0099432 0.0200010 0.0139683 0.0099432 0.0039516 0.1336902 0.0000000 0.0139516 0.0099432 0.0019731 0.0000010 0.0201368 0.1032612 0.0327488 0.0000010 
353407_Noatok              0.0058619 0.0058619 0.0039037 0.0137405 0.0078337 0.0039037 0.0177534 0.0919907 0.0139516 0.0000000 0.0039037 0.0157636 0.0137782 0.0218981 0.1041596 0.0343942 0.0137782 
353410_Horizon_Lake        0.0019488 0.0019488 0.0000010 0.0097931 0.0039082 0.0000010 0.0137780 0.1210388 0.0099432 0.0039037 0.0000000 0.0117967 0.0098199 0.0178765 0.0996589 0.0302783 0.0098199 
92319_Little_Lost          0.0137780 0.0137780 0.0117967 0.0217516 0.0157824 0.0117967 0.0019480 0.1222105 0.0019731 0.0157636 0.0117967 0.0000000 0.0019484 0.0218969 0.1022232 0.0337910 0.0019484 
94280_St_Joe               0.0117969 0.0117969 0.0098199 0.0197525 0.0137945 0.0098199 0.0039029 0.1223612 0.0000010 0.0137782 0.0098199 0.0019484 0.0000000 0.0198844 0.1018931 0.0323324 0.0000010 
GCA016432855_Lake_Trout    0.0198851 0.0198851 0.0178765 0.0279689 0.0219245 0.0178765 0.0239143 0.1572380 0.0201368 0.0218981 0.0178765 0.0218969 0.0198844 0.0000000 0.0958277 0.0323585 0.0198844 
GCF013265735_Rainbow_Trout 0.1019067 0.1019067 0.0996589 0.1109562 0.1042980 0.0996589 0.1063958 0.9631703 0.1032612 0.1041596 0.0996589 0.1022232 0.1018931 0.0958277 0.0000000 0.1129856 0.1018931 
GCF029448725_Brook_Trout   0.0323340 0.0323340 0.0302783 0.0406090 0.0344364 0.0302783 0.0364561 0.2113642 0.0327488 0.0343942 0.0302783 0.0337910 0.0323324 0.0323585 0.1129856 0.0000000 0.0323324 
Methow_River_99895         0.0117969 0.0117969 0.0098199 0.0197525 0.0137945 0.0098199 0.0039029 0.1223612 0.0000010 0.0137782 0.0098199 0.0019484 0.0000010 0.0198844 0.1018931 0.0323324 0.0000000 
