9
251140_Ward_Creek          0.0000000 0.0610893 0.0610893 0.0000010 0.1270839 0.1270839 0.1985697 1.0610865 0.4121031 
260512_Pybus_Point         0.0610893 0.0000000 0.0000010 0.0610893 0.0610893 0.0610893 0.1270839 0.9182011 0.3122986 
261935_Kenai_River         0.0610893 0.0000010 0.0000000 0.0610893 0.0610893 0.0610893 0.1270839 0.9182011 0.3122986 
353219_Peterson_Creek      0.0000010 0.0610893 0.0610893 0.0000000 0.1270839 0.1270839 0.1985697 1.0610865 0.4121031 
353379_Skagit_River        0.1270839 0.0610893 0.0610893 0.1270839 0.0000000 0.0000010 0.1985697 1.0610865 0.4121031 
353401_Peace_River         0.1270839 0.0610893 0.0610893 0.1270839 0.0000010 0.0000000 0.1985697 1.0610865 0.4121031 
GCA016432855_Lake_Trout    0.1985697 0.1270839 0.1270839 0.1985697 0.1985697 0.1985697 0.0000000 1.2008460 0.5228936 
GCF013265735_Rainbow_Trout 1.0610865 0.9182011 0.9182011 1.0610865 1.0610865 1.0610865 1.2008460 0.0000000 1.8840942 
GCF029448725_Brook_Trout   0.4121031 0.3122986 0.3122986 0.4121031 0.4121031 0.4121031 0.5228936 1.8840942 0.0000000 
