8
251140_Ward_Creek          0.0000000 0.0000010 0.0095376 0.0095376 0.0095427 0.0000010 0.1576617 0.0488238 
260512_Pybus_Point         0.0000010 0.0000000 0.0095376 0.0095376 0.0095427 0.0000010 0.1576617 0.0488238 
261935_Kenai_River         0.0095376 0.0095376 0.0000000 0.0000010 0.0192202 0.0556553 0.1695846 0.0590193 
353246_Cottonwood_Creek    0.0095376 0.0095376 0.0000010 0.0000000 0.0192202 0.0556553 0.1695846 0.0590193 
353381_Dungeness_River     0.0095427 0.0095427 0.0192202 0.0192202 0.0000000 0.0000010 0.1697054 0.0590536 
92319_Little_Lost          0.0000010 0.0000010 0.0556553 0.0556553 0.0000010 0.0000000 2.2224628 0.3260036 
GCF013265735_Rainbow_Trout 0.1576617 0.1576617 0.1695846 0.1695846 0.1697054 2.2224628 0.0000000 0.2179763 
GCF029448725_Brook_Trout   0.0488238 0.0488238 0.0590193 0.0590193 0.0590536 0.3260036 0.2179763 0.0000000 
