16
251140_Ward_Creek              0.0000000 0.0000010 0.0189068 0.0381951 0.0189068 0.0186998 0.2564743 0.1935453 0.0186998 0.0779664 0.1935453 0.0381951 0.0186998 0.0186998 0.8768849 0.0779664 
260512_Pybus_Point             0.0000010 0.0000000 0.0189068 0.0381951 0.0189068 0.0186998 0.2564743 0.1935453 0.0186998 0.0779664 0.1935453 0.0381951 0.0186998 0.0186998 0.8768849 0.0779664 
261935_Kenai_River             0.0189068 0.0189068 0.0000000 0.0585451 0.0386296 0.0381951 0.3279351 0.2564743 0.0381951 0.0996495 0.2564743 0.0585451 0.0381951 0.0381951 1.0173151 0.0996495 
353213_Cropley_Lake            0.0381951 0.0381951 0.0585451 0.0000000 0.0186998 0.0189068 0.3950028 0.3168824 0.0189068 0.1208684 0.3168824 0.0788798 0.0578769 0.0578769 1.1201973 0.1208684 
353220_Fish_Creek              0.0189068 0.0189068 0.0386296 0.0186998 0.0000000 0.0381951 0.3279351 0.2564743 0.0381951 0.0996495 0.2564743 0.0585451 0.0381951 0.0381951 1.0173151 0.0996495 
353246_Cottonwood_Creek        0.0186998 0.0186998 0.0381951 0.0189068 0.0381951 0.0000000 0.3168824 0.2485289 0.0000010 0.0984773 0.2485289 0.0578769 0.0377703 0.0377703 0.9668003 0.0984773 
353379_Skagit_River            0.2564743 0.2564743 0.3279351 0.3950028 0.3279351 0.3168824 0.0000000 0.0125170 0.3168824 0.0919260 0.0125170 0.2485289 0.3168824 0.3168824 0.2303387 0.3066143 
353401_Peace_River             0.1935453 0.1935453 0.2564743 0.3168824 0.2564743 0.2485289 0.0125170 0.0000000 0.2485289 0.0436947 0.0000010 0.1879821 0.2485289 0.2485289 0.2123981 0.2410919 
353407_Noatok                  0.0186998 0.0186998 0.0381951 0.0189068 0.0381951 0.0000010 0.3168824 0.2485289 0.0000000 0.0984773 0.2485289 0.0578769 0.0377703 0.0377703 0.9668003 0.0984773 
92319_Little_Lost              0.0779664 0.0779664 0.0996495 0.1208684 0.0996495 0.0984773 0.0919260 0.0436947 0.0984773 0.0000000 0.0436947 0.0770739 0.0984773 0.0984773 1.0100429 0.1180153 
94280_St_Joe                   0.1935453 0.1935453 0.2564743 0.3168824 0.2564743 0.2485289 0.0125170 0.0000010 0.2485289 0.0436947 0.0000000 0.1879821 0.2485289 0.2485289 0.2123981 0.2410919 
GCA016432855_Lake_Trout        0.0381951 0.0381951 0.0585451 0.0788798 0.0585451 0.0578769 0.2485289 0.1879821 0.0578769 0.0770739 0.1879821 0.0000000 0.0578769 0.0578769 0.8389336 0.0770739 
GCA036784925_Maine_S_alpinus   0.0186998 0.0186998 0.0381951 0.0578769 0.0381951 0.0377703 0.3168824 0.2485289 0.0377703 0.0984773 0.2485289 0.0578769 0.0000000 0.0000010 0.9668003 0.0984773 
GCA045679555_Iceland_A_alpinus 0.0186998 0.0186998 0.0381951 0.0578769 0.0381951 0.0377703 0.3168824 0.2485289 0.0377703 0.0984773 0.2485289 0.0578769 0.0000010 0.0000000 0.9668003 0.0984773 
GCF013265735_Rainbow_Trout     0.8768849 0.8768849 1.0173151 1.1201973 1.0173151 0.9668003 0.2303387 0.2123981 0.9668003 1.0100429 0.2123981 0.8389336 0.9668003 0.9668003 0.0000000 0.9225716 
GCF029448725_Brook_Trout       0.0779664 0.0779664 0.0996495 0.1208684 0.0996495 0.0984773 0.3066143 0.2410919 0.0984773 0.1180153 0.2410919 0.0770739 0.0984773 0.0984773 0.9225716 0.0000000 
