15
251140_Ward_Creek              0.0000000 0.0000010 0.0523182 0.9395305 0.0923017 0.3032889 0.1108608 0.0523380 0.8034499 0.3032889 0.0000010 0.0000010 2.6477727 0.3032889 0.3737508 
260512_Pybus_Point             0.0000010 0.0000000 0.0523182 0.9395305 0.0923017 0.3032889 0.1108608 0.0523380 0.8034499 0.3032889 0.0000010 0.0000010 2.6477727 0.3032889 0.3737508 
353246_Cottonwood_Creek        0.0523182 0.0523182 0.0000000 0.9983354 0.0972527 0.3869943 0.0538983 0.1108608 0.8602784 0.3869943 0.0523182 0.0530850 2.5832742 0.3869943 0.4626025 
353379_Skagit_River            0.9395305 0.9395305 0.9983354 0.0000000 0.8034499 0.1926244 1.3224377 1.2431436 0.0923017 0.1926244 0.9983354 1.0295230 3.7306266 1.7136718 0.0923017 
353381_Dungeness_River         0.0923017 0.0923017 0.0972527 0.8034499 0.0000000 0.8034499 0.2179888 0.2055454 0.6526672 0.8034499 0.0972527 0.0999325 4.2779086 0.8034499 0.9395305 
353401_Peace_River             0.3032889 0.3032889 0.3869943 0.1926244 0.8034499 0.0000000 0.4904955 0.3932140 0.0923017 0.0000010 0.3138359 0.3193892 2.9200501 0.7741682 0.0508492 
353407_Noatok                  0.1108608 0.1108608 0.0538983 1.3224377 0.2179888 0.4904955 0.0000000 0.1774093 1.2069501 0.4904955 0.1108608 0.1125875 2.5832742 0.4904955 0.5749145 
353410_Horizon_Lake            0.0523380 0.0523380 0.1108608 1.2431436 0.2055454 0.3932140 0.1774093 0.0000000 1.1188532 0.3932140 0.0538983 0.0547139 3.1208271 0.3932140 0.4721473 
92319_Little_Lost              0.8034499 0.8034499 0.8602784 0.0923017 0.6526672 0.0923017 1.2069501 1.1188532 0.0000000 0.0923017 0.8602784 0.8911309 4.0877254 1.6979079 0.1926244 
94280_St_Joe                   0.3032889 0.3032889 0.3869943 0.1926244 0.8034499 0.0000010 0.4904955 0.3932140 0.0923017 0.0000000 0.3138359 0.3193892 2.9200501 0.7741682 0.0508492 
GCA036784925_Maine_S_alpinus   0.0000010 0.0000010 0.0523182 0.9983354 0.0972527 0.3138359 0.1108608 0.0538983 0.8602784 0.3138359 0.0000000 0.0000010 2.7271923 0.3138359 0.3869943 
GCA045679555_Iceland_A_alpinus 0.0000010 0.0000010 0.0530850 1.0295230 0.0999325 0.3193892 0.1125875 0.0547139 0.8911309 0.3193892 0.0000010 0.0000000 2.7674452 0.3193892 0.3939705 
GCF013265735_Rainbow_Trout     2.6477727 2.6477727 2.5832742 3.7306266 4.2779086 2.9200501 2.5832742 3.1208271 4.0877254 2.9200501 2.7271923 2.7674452 0.0000000 3.1208271 2.7867197 
GCF029448725_Brook_Trout       0.3032889 0.3032889 0.3869943 1.7136718 0.8034499 0.7741682 0.4904955 0.3932140 1.6979079 0.7741682 0.3138359 0.3193892 3.1208271 0.0000000 0.8604655 
Methow_River_99895             0.3737508 0.3737508 0.4626025 0.0923017 0.9395305 0.0508492 0.5749145 0.4721473 0.1926244 0.0508492 0.3869943 0.3939705 2.7867197 0.8604655 0.0000000 
