18
251140_Ward_Creek              0.0000000 0.0684486 0.0449247 0.0396165 0.0684486 0.0396165 0.1032845 8.9999980 0.1032845 0.0195436 0.1032845 0.1032845 0.1257748 0.0927189 0.0602333 0.7248521 0.1941936 0.0602333 
260512_Pybus_Point             0.0684486 0.0000000 0.0221203 0.0221203 0.0000010 0.0221203 0.0927306 8.9999989 0.0927306 0.0449247 0.0927306 0.0927306 0.1178331 0.0221127 0.0000010 0.7112144 0.1948356 0.0449195 
261935_Kenai_River             0.0449247 0.0221203 0.0000000 0.0449247 0.0221203 0.0449247 0.0684405 8.9999989 0.0684405 0.0221228 0.0684405 0.0684405 0.0927239 0.0449088 0.0221203 0.7704255 0.1636736 0.0221203 
353213_Cropley_Lake            0.0396165 0.0221203 0.0449247 0.0000000 0.0221203 0.0000010 0.1032845 8.9999984 0.1032845 0.0195436 0.1032845 0.1032845 0.1257748 0.0449088 0.0195376 0.6288877 0.1941936 0.0602333 
353219_Peterson_Creek          0.0684486 0.0000010 0.0221203 0.0221203 0.0000000 0.0221203 0.0927306 8.9999989 0.0927306 0.0449247 0.0927306 0.0927306 0.1178331 0.0221127 0.0000010 0.7112144 0.1948356 0.0449195 
353246_Cottonwood_Creek        0.0396165 0.0221203 0.0449247 0.0000010 0.0221203 0.0000000 0.1032845 8.9999984 0.1032845 0.0195436 0.1032845 0.1032845 0.1257748 0.0449088 0.0195376 0.6288877 0.1941936 0.0602333 
353379_Skagit_River            0.1032845 0.0927306 0.0684405 0.1032845 0.0927306 0.1032845 0.0000000 8.9999980 0.0000010 0.0814472 0.0814172 0.0814172 0.1489576 0.1178121 0.0814386 0.6754990 0.2224381 0.0395942 
353381_Dungeness_River         8.9999980 8.9999989 8.9999989 8.9999984 8.9999989 8.9999984 8.9999980 0.0000000 8.9999980 8.9999984 8.9999987 8.9999987 8.9999988 8.9999989 8.9999989 8.9999989 8.9999988 8.9999984 
353401_Peace_River             0.1032845 0.0927306 0.0684405 0.1032845 0.0927306 0.1032845 0.0000010 8.9999980 0.0000000 0.0814472 0.0814172 0.0814172 0.1489576 0.1178121 0.0814386 0.6754990 0.2224381 0.0395942 
353407_Noatok                  0.0195436 0.0449247 0.0221228 0.0195436 0.0449247 0.0195436 0.0814472 8.9999984 0.0814472 0.0000000 0.0814472 0.0814472 0.1032778 0.0684320 0.0396082 0.6753774 0.1669574 0.0396082 
92319_Little_Lost              0.1032845 0.0927306 0.0684405 0.1032845 0.0927306 0.1032845 0.0814172 8.9999987 0.0814172 0.0814472 0.0000000 0.0000010 0.1489576 0.1178121 0.0814386 0.7777108 0.2224381 0.0395942 
94280_St_Joe                   0.1032845 0.0927306 0.0684405 0.1032845 0.0927306 0.1032845 0.0814172 8.9999987 0.0814172 0.0814472 0.0000010 0.0000000 0.1489576 0.1178121 0.0814386 0.7777108 0.2224381 0.0395942 
GCA016432855_Lake_Trout        0.1257748 0.1178331 0.0927239 0.1257748 0.1178331 0.1257748 0.1489576 8.9999988 0.1489576 0.1032778 0.1489576 0.1489576 0.0000000 0.1437836 0.1032668 0.6290458 0.0907388 0.1032668 
GCA036784925_Maine_S_alpinus   0.0927189 0.0221127 0.0449088 0.0449088 0.0221127 0.0449088 0.1178121 8.9999989 0.1178121 0.0684320 0.1178121 0.1178121 0.1437836 0.0000000 0.0221127 0.7699319 0.2272921 0.0684240 
GCA045679555_Iceland_A_alpinus 0.0602333 0.0000010 0.0221203 0.0195376 0.0000010 0.0195376 0.0814386 8.9999989 0.0814386 0.0396082 0.0814386 0.0814386 0.1032668 0.0221127 0.0000000 0.5851453 0.1669366 0.0396042 
GCF013265735_Rainbow_Trout     0.7248521 0.7112144 0.7704255 0.6288877 0.7112144 0.6288877 0.6754990 8.9999989 0.6754990 0.6753774 0.7777108 0.7777108 0.6290458 0.7699319 0.5851453 0.0000000 0.8706892 0.6752613 
GCF029448725_Brook_Trout       0.1941936 0.1948356 0.1636736 0.1941936 0.1948356 0.1941936 0.2224381 8.9999988 0.2224381 0.1669574 0.2224381 0.2224381 0.0907388 0.2272921 0.1669366 0.8706892 0.0000000 0.1669366 
Methow_River_99895             0.0602333 0.0449195 0.0221203 0.0602333 0.0449195 0.0602333 0.0395942 8.9999984 0.0395942 0.0396082 0.0395942 0.0395942 0.1032668 0.0684240 0.0396042 0.6752613 0.1669366 0.0000000 
