14
251140_Ward_Creek          0.0000000 0.0000010 0.0075608 0.0051102 0.0000010 0.0051102 0.0000010 0.0051102 0.0000010 0.0051102 0.0974800 0.0000010 0.0583970 0.0051102 
260512_Pybus_Point         0.0000010 0.0000000 0.0075608 0.0051102 0.0000010 0.0051102 0.0000010 0.0051102 0.0000010 0.0051102 0.0974800 0.0000010 0.0583970 0.0051102 
261935_Kenai_River         0.0075608 0.0075608 0.0000000 0.0152007 0.0081054 0.0152007 0.0000010 0.0152007 0.0081054 0.0152007 0.4386069 0.0075608 0.0880832 0.0152007 
353219_Peterson_Creek      0.0051102 0.0051102 0.0152007 0.0000000 0.0053530 0.0102565 0.0072245 0.0102565 0.0053530 0.0102565 0.1106339 0.0051102 0.0639456 0.0102565 
353246_Cottonwood_Creek    0.0000010 0.0000010 0.0081054 0.0053530 0.0000000 0.0053530 0.0000010 0.0053530 0.0000010 0.0053530 0.1093162 0.0000010 0.0612873 0.0053530 
353379_Skagit_River        0.0051102 0.0051102 0.0152007 0.0102565 0.0053530 0.0000000 0.0072245 0.0000010 0.0053530 0.0102565 0.0844423 0.0051102 0.0639456 0.0102565 
353381_Dungeness_River     0.0000010 0.0000010 0.0000010 0.0072245 0.0000010 0.0072245 0.0000000 0.0072245 0.0000010 0.0072245 0.0974800 0.0000010 0.0758301 0.0000010 
353401_Peace_River         0.0051102 0.0051102 0.0152007 0.0102565 0.0053530 0.0000010 0.0072245 0.0000000 0.0053530 0.0102565 0.0844423 0.0051102 0.0639456 0.0102565 
353407_Noatok              0.0000010 0.0000010 0.0081054 0.0053530 0.0000010 0.0053530 0.0000010 0.0053530 0.0000000 0.0053530 0.1093162 0.0000010 0.0612873 0.0052670 
353410_Horizon_Lake        0.0051102 0.0051102 0.0152007 0.0102565 0.0053530 0.0102565 0.0072245 0.0102565 0.0053530 0.0000000 0.1106339 0.0051102 0.0528593 0.0102565 
92319_Little_Lost          0.0974800 0.0974800 0.4386069 0.1106339 0.1093162 0.0844423 0.0974800 0.0844423 0.1093162 0.1106339 0.0000000 0.0974800 0.1951734 0.0974800 
GCA016432855_Lake_Trout    0.0000010 0.0000010 0.0075608 0.0051102 0.0000010 0.0051102 0.0000010 0.0051102 0.0000010 0.0051102 0.0974800 0.0000000 0.0583970 0.0050322 
GCF013265735_Rainbow_Trout 0.0583970 0.0583970 0.0880832 0.0639456 0.0612873 0.0639456 0.0758301 0.0639456 0.0612873 0.0528593 0.1951734 0.0583970 0.0000000 0.0639456 
GCF029448725_Brook_Trout   0.0051102 0.0051102 0.0152007 0.0102565 0.0053530 0.0102565 0.0000010 0.0102565 0.0052670 0.0102565 0.0974800 0.0050322 0.0639456 0.0000000 
