16
251140_Ward_Creek            0.0000000 0.0000010 0.0103799 0.0018093 0.0000010 0.0044948 0.0090939 0.0054758 0.0054758 0.0090939 0.0109230 0.0101031 0.0090939 0.0109230 0.0867185 0.0093591 
260512_Pybus_Point           0.0000010 0.0000000 0.0060798 0.0030351 0.0000010 0.0044948 0.0060789 0.0061357 0.0061357 0.0060789 0.0091332 0.0101031 0.0091332 0.0091332 0.1391359 0.0095888 
261935_Kenai_River           0.0103799 0.0060798 0.0000000 0.0129932 0.0103799 0.0000010 0.0000010 0.0052089 0.0052089 0.0000010 0.0025808 0.0000010 0.0103642 0.0025808 0.1159511 0.0108007 
353213_Cropley_Lake          0.0018093 0.0030351 0.0129932 0.0000000 0.0018093 0.0044948 0.0109230 0.0073081 0.0073081 0.0109230 0.0127555 0.0101031 0.0109230 0.0127555 0.0887824 0.0112419 
353219_Peterson_Creek        0.0000010 0.0000010 0.0103799 0.0018093 0.0000000 0.0044948 0.0090939 0.0054758 0.0054758 0.0090939 0.0109230 0.0101031 0.0090939 0.0109230 0.0867185 0.0093591 
353220_Fish_Creek            0.0044948 0.0044948 0.0000010 0.0044948 0.0044948 0.0000000 0.0044948 0.0044948 0.0044948 0.0044948 0.0044948 0.0050376 0.0090106 0.0044948 0.1967038 0.0096909 
353246_Cottonwood_Creek      0.0090939 0.0060789 0.0000010 0.0109230 0.0090939 0.0044948 0.0000000 0.0036433 0.0036433 0.0000010 0.0018093 0.0000010 0.0072606 0.0018093 0.0845613 0.0074719 
353379_Skagit_River          0.0054758 0.0061357 0.0052089 0.0073081 0.0054758 0.0044948 0.0036433 0.0000000 0.0000010 0.0036433 0.0054701 0.0000010 0.0036433 0.0054701 0.0809371 0.0037497 
353401_Peace_River           0.0054758 0.0061357 0.0052089 0.0073081 0.0054758 0.0044948 0.0036433 0.0000010 0.0000000 0.0036433 0.0054701 0.0000010 0.0036433 0.0054701 0.0809371 0.0037497 
353407_Noatok                0.0090939 0.0060789 0.0000010 0.0109230 0.0090939 0.0044948 0.0000010 0.0036433 0.0036433 0.0000000 0.0018093 0.0000010 0.0072606 0.0018093 0.0845613 0.0074719 
353410_Horizon_Lake          0.0109230 0.0091332 0.0025808 0.0127555 0.0109230 0.0044948 0.0018093 0.0054701 0.0054701 0.0018093 0.0000000 0.0000010 0.0090843 0.0000010 0.0866180 0.0093490 
92319_Little_Lost            0.0101031 0.0101031 0.0000010 0.0101031 0.0101031 0.0050376 0.0000010 0.0000010 0.0000010 0.0000010 0.0000010 0.0000000 0.0050376 0.0000010 0.1975990 0.0050524 
GCA016432855_Lake_Trout      0.0090939 0.0091332 0.0103642 0.0109230 0.0090939 0.0090106 0.0072606 0.0036433 0.0036433 0.0072606 0.0090843 0.0050376 0.0000000 0.0090843 0.0845613 0.0037287 
GCA036784925_Maine_S_alpinus 0.0109230 0.0091332 0.0025808 0.0127555 0.0109230 0.0044948 0.0018093 0.0054701 0.0054701 0.0018093 0.0000010 0.0000010 0.0090843 0.0000000 0.0866180 0.0093490 
GCF013265735_Rainbow_Trout   0.0867185 0.1391359 0.1159511 0.0887824 0.0867185 0.1967038 0.0845613 0.0809371 0.0809371 0.0845613 0.0866180 0.1975990 0.0845613 0.0866180 0.0000000 0.0830947 
GCF029448725_Brook_Trout     0.0093591 0.0095888 0.0108007 0.0112419 0.0093591 0.0096909 0.0074719 0.0037497 0.0037497 0.0074719 0.0093490 0.0050524 0.0037287 0.0093490 0.0830947 0.0000000 
