18
251140_Ward_Creek            0.0000000 0.4054850 0.3256151 0.1102406 0.0532532 0.0532532 0.4054850 0.5385440 0.0927103 0.7364028 0.4418270 0.4418270 0.6382205 0.6382205 0.8284010 0.4418270 2.6388254 1.0965847 
260512_Pybus_Point           0.4054850 0.0000000 0.1629540 0.2360492 0.3047335 0.3047335 0.0000010 0.4508270 0.5771022 0.5997871 0.6382205 0.2360492 0.5257861 0.5257861 0.5257861 0.2360492 2.4242614 0.8002856 
261935_Kenai_River           0.3256151 0.1629540 0.0000000 0.3047335 0.2360492 0.2360492 0.1629540 0.2360492 0.4434156 0.3766590 0.3510138 0.0532532 0.3047335 0.3047335 0.3047335 0.0532532 2.5028136 0.5997871 
353213_Cropley_Lake          0.1102406 0.2360492 0.3047335 0.0000000 0.0511500 0.0511500 0.2360492 0.4888702 0.0862472 0.6575351 0.4054850 0.4054850 0.5737643 0.5737643 0.7374863 0.4054850 2.5259751 0.9906303 
353219_Peterson_Creek        0.0532532 0.3047335 0.2360492 0.0511500 0.0000000 0.0000010 0.3047335 0.4054850 0.0000010 0.5737643 0.3256151 0.3256151 0.4888702 0.4888702 0.6575351 0.3256151 2.5551902 0.9380318 
353220_Fish_Creek            0.0532532 0.3047335 0.2360492 0.0511500 0.0000010 0.0000000 0.3047335 0.4054850 0.0000010 0.5737643 0.3256151 0.3256151 0.4888702 0.4888702 0.6575351 0.3256151 2.5551902 0.9380318 
353246_Cottonwood_Creek      0.4054850 0.0000010 0.1629540 0.2360492 0.3047335 0.3047335 0.0000000 0.4508270 0.5771022 0.5997871 0.6382205 0.2360492 0.5257861 0.5257861 0.5257861 0.2360492 2.4242614 0.8002856 
353379_Skagit_River          0.5385440 0.4508270 0.2360492 0.4888702 0.4054850 0.4054850 0.4508270 0.0000000 0.8564814 0.1054479 0.6092587 0.1629540 0.0511500 0.0511500 0.2870851 0.1629540 2.4490343 0.5546854 
353381_Dungeness_River       0.0927103 0.5771022 0.4434156 0.0862472 0.0000010 0.0000010 0.5771022 0.8564814 0.0000000 1.0962165 0.6911873 0.6911873 0.9925699 0.9925699 1.1739827 0.6911873 2.7218142 1.3458653 
353401_Peace_River           0.7364028 0.5997871 0.3766590 0.6575351 0.5737643 0.5737643 0.5997871 0.1054479 1.0962165 0.0000000 0.8572592 0.2870851 0.0511500 0.0511500 0.4201884 0.2870851 2.3977447 0.6810058 
353407_Noatok                0.4418270 0.6382205 0.3510138 0.4054850 0.3256151 0.3256151 0.6382205 0.6092587 0.6911873 0.8572592 0.0000000 0.4905536 0.7346386 0.7346386 0.7346386 0.4905536 2.7514689 1.1322251 
353410_Horizon_Lake          0.4418270 0.2360492 0.0532532 0.4054850 0.3256151 0.3256151 0.2360492 0.1629540 0.6911873 0.2870851 0.4905536 0.0000000 0.2235921 0.2235921 0.2235921 0.0000010 2.4225493 0.4878682 
92319_Little_Lost            0.6382205 0.5257861 0.3047335 0.5737643 0.4888702 0.4888702 0.5257861 0.0511500 0.9925699 0.0511500 0.7346386 0.2235921 0.0000000 0.0000010 0.3528953 0.2235921 2.4225493 0.6194097 
94280_St_Joe                 0.6382205 0.5257861 0.3047335 0.5737643 0.4888702 0.4888702 0.5257861 0.0511500 0.9925699 0.0511500 0.7346386 0.2235921 0.0000010 0.0000000 0.3528953 0.2235921 2.4225493 0.6194097 
GCA016432855_Lake_Trout      0.8284010 0.5257861 0.3047335 0.7374863 0.6575351 0.6575351 0.5257861 0.2870851 1.1739827 0.4201884 0.7346386 0.2235921 0.3528953 0.3528953 0.0000000 0.2235921 2.4225493 0.3528953 
GCA036784925_Maine_S_alpinus 0.4418270 0.2360492 0.0532532 0.4054850 0.3256151 0.3256151 0.2360492 0.1629540 0.6911873 0.2870851 0.4905536 0.0000010 0.2235921 0.2235921 0.2235921 0.0000000 2.4225493 0.4878682 
GCF013265735_Rainbow_Trout   2.6388254 2.4242614 2.5028136 2.5259751 2.5551902 2.5551902 2.4242614 2.4490343 2.7218142 2.3977447 2.7514689 2.4225493 2.4225493 2.4225493 2.4225493 2.4225493 0.0000000 2.3319361 
GCF029448725_Brook_Trout     1.0965847 0.8002856 0.5997871 0.9906303 0.9380318 0.9380318 0.8002856 0.5546854 1.3458653 0.6810058 1.1322251 0.4878682 0.6194097 0.6194097 0.3528953 0.4878682 2.3319361 0.0000000 
