20
251140_Ward_Creek              0.0000000 0.0098532 0.0202705 0.0148166 0.0098532 0.0148166 0.0098532 0.0558926 0.0269239 0.0558926 0.0349176 0.0248174 0.1659203 0.0506825 0.0503968 0.0251066 0.0251066 1.1729140 0.1175807 0.0506825 
260512_Pybus_Point             0.0098532 0.0000000 0.0202705 0.0148166 0.0098532 0.0049144 0.0098532 0.0558926 0.0269239 0.0558926 0.0349176 0.0248174 0.1539881 0.0506825 0.0503968 0.0251066 0.0251066 1.1853804 0.1175807 0.0506825 
261935_Kenai_River             0.0202705 0.0202705 0.0000000 0.0050285 0.0100838 0.0151642 0.0100838 0.0465921 0.0277930 0.0465921 0.0254027 0.0151642 0.1421836 0.0413073 0.0410723 0.0153443 0.0153443 1.2370849 0.1090245 0.0413073 
353213_Cropley_Lake            0.0148166 0.0148166 0.0050285 0.0000000 0.0049144 0.0098532 0.0049144 0.0403402 0.0201247 0.0403402 0.0198046 0.0098532 0.1305065 0.0352080 0.0350138 0.0099672 0.0099672 1.1602122 0.1007531 0.0352080 
353219_Peterson_Creek          0.0098532 0.0098532 0.0100838 0.0049144 0.0000000 0.0049144 0.0000010 0.0454984 0.0133711 0.0454984 0.0248174 0.0148166 0.1421836 0.0403402 0.0401162 0.0149884 0.0149884 1.1729140 0.1063340 0.0403402 
353220_Fish_Creek              0.0148166 0.0049144 0.0151642 0.0098532 0.0049144 0.0000000 0.0049144 0.0506825 0.0201247 0.0506825 0.0298550 0.0198046 0.1421836 0.0454984 0.0452438 0.0200348 0.0200348 1.1853804 0.1119433 0.0454984 
353246_Cottonwood_Creek        0.0098532 0.0098532 0.0100838 0.0049144 0.0000010 0.0049144 0.0000000 0.0454984 0.0133711 0.0454984 0.0248174 0.0148166 0.1421836 0.0403402 0.0401162 0.0149884 0.0149884 1.1729140 0.1063340 0.0403402 
353379_Skagit_River            0.0558926 0.0558926 0.0465921 0.0403402 0.0454984 0.0506825 0.0454984 0.0000000 0.0623403 0.0098532 0.0403402 0.0301015 0.0835189 0.0049144 0.0560528 0.0304562 0.0304562 1.2182909 0.0894027 0.0049144 
353381_Dungeness_River         0.0269239 0.0269239 0.0277930 0.0201247 0.0133711 0.0201247 0.0133711 0.0623403 0.0000000 0.0623403 0.0406622 0.0269239 0.2973064 0.0552198 0.0547951 0.0273512 0.0273512 2.2480371 0.1485680 0.0552198 
353401_Peace_River             0.0558926 0.0558926 0.0465921 0.0403402 0.0454984 0.0506825 0.0454984 0.0098532 0.0623403 0.0000000 0.0403402 0.0301015 0.0726883 0.0049144 0.0560528 0.0304562 0.0304562 1.2182909 0.0894027 0.0049144 
353407_Noatok                  0.0349176 0.0349176 0.0254027 0.0198046 0.0248174 0.0298550 0.0248174 0.0403402 0.0406622 0.0403402 0.0000000 0.0098532 0.1305065 0.0352080 0.0350138 0.0099672 0.0099672 1.1602122 0.1007531 0.0352080 
353410_Horizon_Lake            0.0248174 0.0248174 0.0151642 0.0098532 0.0148166 0.0198046 0.0148166 0.0301015 0.0269239 0.0301015 0.0098532 0.0000000 0.1075319 0.0250209 0.0248849 0.0000010 0.0000010 1.1341158 0.0896759 0.0250209 
92319_Little_Lost              0.1659203 0.1539881 0.1421836 0.1305065 0.1421836 0.1421836 0.1421836 0.0835189 0.2973064 0.0726883 0.1305065 0.1075319 0.0000000 0.0726883 0.1539881 0.0866692 0.0866692 3.2309270 0.2315884 0.0726883 
94280_St_Joe                   0.0506825 0.0506825 0.0413073 0.0352080 0.0403402 0.0454984 0.0403402 0.0049144 0.0552198 0.0049144 0.0352080 0.0250209 0.0726883 0.0000000 0.0508267 0.0253149 0.0253149 1.2059108 0.0839250 0.0000010 
GCA016432855_Lake_Trout        0.0503968 0.0503968 0.0410723 0.0350138 0.0401162 0.0452438 0.0401162 0.0560528 0.0547951 0.0560528 0.0350138 0.0248849 0.1539881 0.0508267 0.0000000 0.0251757 0.0251757 1.2182909 0.1179556 0.0508267 
GCA036784925_Maine_S_alpinus   0.0251066 0.0251066 0.0153443 0.0099672 0.0149884 0.0200348 0.0149884 0.0304562 0.0273512 0.0304562 0.0099672 0.0000010 0.0866692 0.0253149 0.0251757 0.0000000 0.0000010 1.1189946 0.0907876 0.0253149 
GCA045679555_Iceland_A_alpinus 0.0251066 0.0251066 0.0153443 0.0099672 0.0149884 0.0200348 0.0149884 0.0304562 0.0273512 0.0304562 0.0099672 0.0000010 0.0866692 0.0253149 0.0251757 0.0000010 0.0000000 1.1189946 0.0907876 0.0253149 
GCF013265735_Rainbow_Trout     1.1729140 1.1853804 1.2370849 1.1602122 1.1729140 1.1853804 1.1729140 1.2182909 2.2480371 1.2182909 1.1602122 1.1341158 3.2309270 1.2059108 1.2182909 1.1189946 1.1189946 0.0000000 1.3344727 1.2059108 
GCF029448725_Brook_Trout       0.1175807 0.1175807 0.1090245 0.1007531 0.1063340 0.1119433 0.1063340 0.0894027 0.1485680 0.0894027 0.1007531 0.0896759 0.2315884 0.0839250 0.1179556 0.0907876 0.0907876 1.3344727 0.0000000 0.0839250 
Methow_River_99895             0.0506825 0.0506825 0.0413073 0.0352080 0.0403402 0.0454984 0.0403402 0.0049144 0.0552198 0.0049144 0.0352080 0.0250209 0.0726883 0.0000010 0.0508267 0.0253149 0.0253149 1.2059108 0.0839250 0.0000000 
