10
251140_Ward_Creek          0.0000000 0.0000010 0.0151793 0.0000010 0.0151793 0.0151793 0.0151793 0.0153390 0.2751968 0.0167076 
260512_Pybus_Point         0.0000010 0.0000000 0.0151793 0.0000010 0.0151793 0.0151793 0.0151793 0.0153390 0.2751968 0.0167076 
353213_Cropley_Lake        0.0151793 0.0151793 0.0000000 0.0000010 0.0305628 0.0305628 0.0000010 0.0308872 0.2961060 0.0336608 
353246_Cottonwood_Creek    0.0000010 0.0000010 0.0000010 0.0000000 0.0697253 0.0697253 0.0000010 0.0732354 2.0783228 0.0697253 
353379_Skagit_River        0.0151793 0.0151793 0.0305628 0.0697253 0.0000000 0.0000010 0.0305628 0.0308872 0.2961060 0.0000010 
353401_Peace_River         0.0151793 0.0151793 0.0305628 0.0697253 0.0000010 0.0000000 0.0305628 0.0308872 0.2961060 0.0000010 
353407_Noatok              0.0151793 0.0151793 0.0000010 0.0000010 0.0305628 0.0305628 0.0000000 0.0308872 0.2961060 0.0336608 
GCA016432855_Lake_Trout    0.0153390 0.0153390 0.0308872 0.0732354 0.0308872 0.0308872 0.0308872 0.0000000 0.3000560 0.0340542 
GCF013265735_Rainbow_Trout 0.2751968 0.2751968 0.2961060 2.0783228 0.2961060 0.2961060 0.2961060 0.3000560 0.0000000 0.3330094 
Methow_River_99895         0.0167076 0.0167076 0.0336608 0.0697253 0.0000010 0.0000010 0.0336608 0.0340542 0.3330094 0.0000000 
