9
251140_Ward_Creek          0.0000000 0.0000010 0.0514772 0.1101784 0.0514772 0.1101784 0.0000010 0.8279925 0.2289889 
260512_Pybus_Point         0.0000010 0.0000000 0.0514772 0.1101784 0.0514772 0.1101784 0.0000010 0.8279925 0.2289889 
353246_Cottonwood_Creek    0.0514772 0.0514772 0.0000000 0.0533641 0.1060947 0.0533641 0.0514772 0.9297692 0.3208787 
353379_Skagit_River        0.1101784 0.1101784 0.0533641 0.0000000 0.1707986 0.0000010 0.0827866 1.1103398 0.4535489 
353381_Dungeness_River     0.0514772 0.0514772 0.1060947 0.1707986 0.0000000 0.1707986 0.0514772 0.9297692 0.3208787 
353401_Peace_River         0.1101784 0.1101784 0.0533641 0.0000010 0.1707986 0.0000000 0.0827866 1.1103398 0.4535489 
GCA016432855_Lake_Trout    0.0000010 0.0000010 0.0514772 0.0827866 0.0514772 0.0827866 0.0000000 0.8279925 0.2289889 
GCF013265735_Rainbow_Trout 0.8279925 0.8279925 0.9297692 1.1103398 0.9297692 1.1103398 0.8279925 0.0000000 1.8842229 
GCF029448725_Brook_Trout   0.2289889 0.2289889 0.3208787 0.4535489 0.3208787 0.4535489 0.2289889 1.8842229 0.0000000 
