16
251140_Ward_Creek              0.0000000 0.0012898 0.0000010 0.0077721 0.0025823 0.0091805 0.0000010 0.0091805 0.0159157 0.0055608 0.0207749 0.0187103 0.0018478 0.0018478 0.0628990 0.0156359 
260512_Pybus_Point             0.0012898 0.0000000 0.0012898 0.0064684 0.0012889 0.0078586 0.0015692 0.0078586 0.0132278 0.0037003 0.0207749 0.0168068 0.0000010 0.0000010 0.0608119 0.0143141 
261935_Kenai_River             0.0000010 0.0012898 0.0000000 0.0077721 0.0025823 0.0091805 0.0000010 0.0091805 0.0159157 0.0055608 0.0207749 0.0187103 0.0018478 0.0018478 0.0628990 0.0156359 
353213_Cropley_Lake            0.0077721 0.0064684 0.0077721 0.0000000 0.0077671 0.0013044 0.0094635 0.0013044 0.0132278 0.0074144 0.0112678 0.0130479 0.0036969 0.0036969 0.0608119 0.0103029 
353220_Fish_Creek              0.0025823 0.0012889 0.0025823 0.0077671 0.0000000 0.0091744 0.0031422 0.0091744 0.0158945 0.0055556 0.0207749 0.0186927 0.0018460 0.0018460 0.0628362 0.0156256 
353379_Skagit_River            0.0091805 0.0078586 0.0091805 0.0013044 0.0091744 0.0000000 0.0112087 0.0000010 0.0134774 0.0093285 0.0092766 0.0151808 0.0056444 0.0055814 0.0653154 0.0117343 
353381_Dungeness_River         0.0000010 0.0015692 0.0000010 0.0094635 0.0031422 0.0112087 0.0000000 0.0112087 0.0217403 0.0074721 0.0280993 0.0226721 0.0024805 0.0024805 0.0747131 0.0190638 
353401_Peace_River             0.0091805 0.0078586 0.0091805 0.0013044 0.0091744 0.0000010 0.0112087 0.0000000 0.0134774 0.0093285 0.0092766 0.0151808 0.0056444 0.0055814 0.0653154 0.0117343 
353407_Noatok                  0.0159157 0.0132278 0.0159157 0.0132278 0.0158945 0.0134774 0.0217403 0.0134774 0.0000000 0.0078637 0.0503698 0.0240663 0.0132278 0.0131582 0.0881416 0.0185195 
353410_Horizon_Lake            0.0055608 0.0037003 0.0055608 0.0074144 0.0055556 0.0093285 0.0074721 0.0093285 0.0078637 0.0000000 0.0263609 0.0168227 0.0037003 0.0036597 0.0622271 0.0128917 
92319_Little_Lost              0.0207749 0.0207749 0.0207749 0.0112678 0.0207749 0.0092766 0.0280993 0.0092766 0.0503698 0.0263609 0.0000000 0.0408943 0.0268926 0.0263609 0.1120589 0.0243693 
GCA016432855_Lake_Trout        0.0187103 0.0168068 0.0187103 0.0130479 0.0186927 0.0151808 0.0226721 0.0151808 0.0240663 0.0168227 0.0408943 0.0000000 0.0168068 0.0168068 0.0670313 0.0111526 
GCA036784925_Maine_S_alpinus   0.0018478 0.0000010 0.0018478 0.0036969 0.0018460 0.0056444 0.0024805 0.0056444 0.0132278 0.0037003 0.0268926 0.0168068 0.0000000 0.0000010 0.0608119 0.0130235 
GCA045679555_Iceland_A_alpinus 0.0018478 0.0000010 0.0018478 0.0036969 0.0018460 0.0055814 0.0024805 0.0055814 0.0131582 0.0036597 0.0263609 0.0168068 0.0000010 0.0000000 0.0621657 0.0128798 
GCF013265735_Rainbow_Trout     0.0628990 0.0608119 0.0628990 0.0608119 0.0628362 0.0653154 0.0747131 0.0653154 0.0881416 0.0622271 0.1120589 0.0670313 0.0608119 0.0621657 0.0000000 0.0683320 
GCF029448725_Brook_Trout       0.0156359 0.0143141 0.0156359 0.0103029 0.0156256 0.0117343 0.0190638 0.0117343 0.0185195 0.0128917 0.0243693 0.0111526 0.0130235 0.0128798 0.0683320 0.0000000 
