17
251140_Ward_Creek              0.0000000 0.0000010 0.0102889 0.0102468 0.0102468 0.1360332 0.3608410 0.5636659 0.3608410 0.5731364 0.6062319 0.6325828 0.8321964 0.1459550 0.1333071 1.8729039 0.4458869 
260512_Pybus_Point             0.0000010 0.0000000 0.0102889 0.0102468 0.0102468 0.1360332 0.3608410 0.5636659 0.3608410 0.5731364 0.6062319 0.6325828 0.8321964 0.1459550 0.1333071 1.8729039 0.4458869 
261935_Kenai_River             0.0102889 0.0102889 0.0000000 0.0206840 0.0206840 0.1490125 0.3788994 0.5273168 0.3788994 0.5993929 0.6344531 0.6802383 0.8668503 0.1588905 0.1459550 1.9325127 0.4662798 
353213_Cropley_Lake            0.0102468 0.0102468 0.0206840 0.0000000 0.0000010 0.1482344 0.3457584 0.5351916 0.3457584 0.5537080 0.5857998 0.5988839 0.8104113 0.1339770 0.1215277 1.8630826 0.4295974 
353219_Peterson_Creek          0.0102468 0.0102468 0.0206840 0.0000010 0.0000000 0.1482344 0.3457584 0.5351916 0.3457584 0.5537080 0.5857998 0.5988839 0.8104113 0.1339770 0.1215277 1.8630826 0.4295974 
353246_Cottonwood_Creek        0.1360332 0.1360332 0.1490125 0.1482344 0.1482344 0.0000000 0.1816958 1.1603715 0.1816958 0.3331699 0.4236282 0.5556283 1.0263154 0.3182752 0.3015195 1.3645791 0.2780667 
353379_Skagit_River            0.3608410 0.3608410 0.3788994 0.3457584 0.3457584 0.1816958 0.0000000 1.5292511 0.0000010 0.3355402 0.3507685 0.1279550 0.7888217 0.2555889 0.2404600 1.1801489 0.1973418 
353381_Dungeness_River         0.5636659 0.5636659 0.5273168 0.5351916 0.5351916 1.1603715 1.5292511 0.0000000 1.5292511 8.9999983 8.9999983 4.3787982 3.2285672 0.7073996 0.6631772 3.3473104 1.8232443 
353401_Peace_River             0.3608410 0.3608410 0.3788994 0.3457584 0.3457584 0.1816958 0.0000010 1.5292511 0.0000000 0.3355402 0.3507685 0.1279550 0.7888217 0.2555889 0.2404600 1.1801489 0.1973418 
353407_Noatok                  0.5731364 0.5731364 0.5993929 0.5537080 0.5537080 0.3331699 0.3355402 8.9999983 0.3355402 0.0000000 0.0753095 1.2630891 0.4744490 0.5260922 0.5017216 1.1207344 0.4613134 
353410_Horizon_Lake            0.6062319 0.6062319 0.6344531 0.5857998 0.5857998 0.4236282 0.3507685 8.9999983 0.3507685 0.0753095 0.0000000 1.1520351 0.4496049 0.3835743 0.3642000 1.1404730 0.4786922 
92319_Little_Lost              0.6325828 0.6325828 0.6802383 0.5988839 0.5988839 0.5556283 0.1279550 4.3787982 0.1279550 1.2630891 1.1520351 0.0000000 1.7192859 0.3331731 0.3021965 2.5669469 0.5521656 
GCA016432855_Lake_Trout        0.8321964 0.8321964 0.8668503 0.8104113 0.8104113 1.0263154 0.7888217 3.2285672 0.7888217 0.4744490 0.4496049 1.7192859 0.0000000 0.6655422 0.6382242 1.9796270 0.7661956 
GCA036784925_Maine_S_alpinus   0.1459550 0.1459550 0.1588905 0.1339770 0.1339770 0.3182752 0.2555889 0.7073996 0.2555889 0.5260922 0.3835743 0.3331731 0.6655422 0.0000000 0.0102889 1.6935920 0.3661778 
GCA045679555_Iceland_A_alpinus 0.1333071 0.1333071 0.1459550 0.1215277 0.1215277 0.3015195 0.2404600 0.6631772 0.2404600 0.5017216 0.3642000 0.3021965 0.6382242 0.0102889 0.0000000 1.6348305 0.3482394 
GCF013265735_Rainbow_Trout     1.8729039 1.8729039 1.9325127 1.8630826 1.8630826 1.3645791 1.1801489 3.3473104 1.1801489 1.1207344 1.1404730 2.5669469 1.9796270 1.6935920 1.6348305 0.0000000 1.4722262 
GCF029448725_Brook_Trout       0.4458869 0.4458869 0.4662798 0.4295974 0.4295974 0.2780667 0.1973418 1.8232443 0.1973418 0.4613134 0.4786922 0.5521656 0.7661956 0.3661778 0.3482394 1.4722262 0.0000000 
