11
251140_Ward_Creek              0.0000000 0.0000010 0.0064963 0.0064963 0.0064963 0.0064963 0.0397904 0.0130365 0.0064963 0.0893767 0.7904773 
260512_Pybus_Point             0.0000010 0.0000000 0.0064963 0.0064963 0.0064963 0.0064963 0.0397904 0.0130365 0.0064963 0.0893767 0.7904773 
353246_Cottonwood_Creek        0.0064963 0.0064963 0.0000000 0.0000010 0.0000010 0.0000010 0.0329230 0.0196926 0.0130841 0.0818881 0.6588451 
353379_Skagit_River            0.0064963 0.0064963 0.0000010 0.0000000 0.0000010 0.0000010 0.0329230 0.0196926 0.0130841 0.0818881 0.6588451 
353401_Peace_River             0.0064963 0.0064963 0.0000010 0.0000010 0.0000000 0.0000010 0.0329230 0.0196926 0.0130841 0.0818881 0.6588451 
353407_Noatok                  0.0064963 0.0064963 0.0000010 0.0000010 0.0000010 0.0000000 0.0329230 0.0196926 0.0130841 0.0818881 0.6588451 
GCA016432855_Lake_Trout        0.0397904 0.0397904 0.0329230 0.0329230 0.0329230 0.0329230 0.0000000 0.0536226 0.0467569 0.0886857 0.6311093 
GCA036784925_Maine_S_alpinus   0.0130365 0.0130365 0.0196926 0.0196926 0.0196926 0.0196926 0.0536226 0.0000000 0.0196926 0.1042871 1.0811747 
GCA045679555_Iceland_A_alpinus 0.0064963 0.0064963 0.0130841 0.0130841 0.0130841 0.0130841 0.0467569 0.0196926 0.0000000 0.0969791 0.9526270 
GCF013265735_Rainbow_Trout     0.0893767 0.0893767 0.0818881 0.0818881 0.0818881 0.0818881 0.0886857 0.1042871 0.0969791 0.0000000 1.1391854 
GCF029448725_Brook_Trout       0.7904773 0.7904773 0.6588451 0.6588451 0.6588451 0.6588451 0.6311093 1.0811747 0.9526270 1.1391854 0.0000000 
