9
251140_Ward_Creek            0.0000000 0.0000010 0.0592169 0.0290097 0.0290097 0.0588652 0.0288449 1.5005663 0.2652351 
260512_Pybus_Point           0.0000010 0.0000000 0.0592169 0.0290097 0.0290097 0.0588652 0.0288449 1.5005663 0.2652351 
353379_Skagit_River          0.0592169 0.0592169 0.0000000 0.0291970 0.0291970 0.0592568 0.0902154 1.5236264 0.2674829 
353401_Peace_River           0.0290097 0.0290097 0.0291970 0.0000000 0.0000010 0.0290324 0.0588817 1.4162931 0.2283550 
92319_Little_Lost            0.0290097 0.0290097 0.0291970 0.0000010 0.0000000 0.0290324 0.0588817 1.4162931 0.2283550 
GCA016432855_Lake_Trout      0.0588652 0.0588652 0.0592568 0.0290324 0.0290324 0.0000000 0.0896465 1.4855868 0.2651595 
GCA036784925_Maine_S_alpinus 0.0288449 0.0288449 0.0902154 0.0588817 0.0588817 0.0896465 0.0000000 1.6551650 0.3045282 
GCF013265735_Rainbow_Trout   1.5005663 1.5005663 1.5236264 1.4162931 1.4162931 1.4855868 1.6551650 0.0000000 1.9169759 
GCF029448725_Brook_Trout     0.2652351 0.2652351 0.2674829 0.2283550 0.2283550 0.2651595 0.3045282 1.9169759 0.0000000 
