15
251140_Ward_Creek              0.0000000 0.0000010 0.0121206 0.0182359 0.2743394 0.0000010 0.0369916 0.0182359 0.0121206 0.0369916 0.0498786 0.0182359 0.0182359 0.5936746 0.2130502 
260512_Pybus_Point             0.0000010 0.0000000 0.0121206 0.0182359 0.2743394 0.0000010 0.0369916 0.0182359 0.0121206 0.0369916 0.0498786 0.0182359 0.0182359 0.5936746 0.2130502 
353219_Peterson_Creek          0.0121206 0.0121206 0.0000000 0.0182359 0.2172869 0.0125784 0.0369916 0.0182359 0.0000010 0.0369916 0.0498786 0.0182359 0.0060421 0.6611385 0.1503835 
353246_Cottonwood_Creek        0.0182359 0.0182359 0.0182359 0.0000000 0.2094796 0.0189271 0.0307308 0.0000010 0.0182359 0.0307308 0.0391278 0.0109287 0.0243900 0.6345580 0.1264177 
353379_Skagit_River            0.2743394 0.2743394 0.2172869 0.2094796 0.0000000 0.2856317 0.1864210 0.2094796 0.2172869 0.1864210 0.2344467 0.2094796 0.2251562 1.5770788 0.1811699 
353381_Dungeness_River         0.0000010 0.0000010 0.0125784 0.0189271 0.2856317 0.0000000 0.0384124 0.0189271 0.0125784 0.0384124 0.0518167 0.0189271 0.0189271 0.6619011 0.2219612 
353401_Peace_River             0.0369916 0.0369916 0.0369916 0.0307308 0.1864210 0.0384124 0.0000000 0.0307308 0.0369916 0.0000010 0.0498786 0.0307308 0.0432918 0.5834167 0.1503835 
353407_Noatok                  0.0182359 0.0182359 0.0182359 0.0000010 0.2094796 0.0189271 0.0307308 0.0000000 0.0182359 0.0307308 0.0391278 0.0109287 0.0243900 0.6345580 0.1264177 
353410_Horizon_Lake            0.0121206 0.0121206 0.0000010 0.0182359 0.2172869 0.0125784 0.0369916 0.0182359 0.0000000 0.0369916 0.0498786 0.0182359 0.0060421 0.6611385 0.1503835 
92319_Little_Lost              0.0369916 0.0369916 0.0369916 0.0307308 0.1864210 0.0384124 0.0000010 0.0307308 0.0369916 0.0000000 0.0498786 0.0307308 0.0432918 0.5834167 0.1503835 
GCA016432855_Lake_Trout        0.0498786 0.0498786 0.0498786 0.0391278 0.2344467 0.0518167 0.0498786 0.0391278 0.0498786 0.0498786 0.0000000 0.0391278 0.0562918 0.7297553 0.1197013 
GCA036784925_Maine_S_alpinus   0.0182359 0.0182359 0.0182359 0.0109287 0.2094796 0.0189271 0.0307308 0.0109287 0.0182359 0.0307308 0.0391278 0.0000000 0.0243900 0.6345580 0.1264177 
GCA045679555_Iceland_A_alpinus 0.0182359 0.0182359 0.0060421 0.0243900 0.2251562 0.0189271 0.0432918 0.0243900 0.0060421 0.0432918 0.0562918 0.0243900 0.0000000 0.6884339 0.1581437 
GCF013265735_Rainbow_Trout     0.5936746 0.5936746 0.6611385 0.6345580 1.5770788 0.6619011 0.5834167 0.6345580 0.6611385 0.5834167 0.7297553 0.6345580 0.6884339 0.0000000 1.0572536 
GCF029448725_Brook_Trout       0.2130502 0.2130502 0.1503835 0.1264177 0.1811699 0.2219612 0.1503835 0.1264177 0.1503835 0.1503835 0.1197013 0.1264177 0.1581437 1.0572536 0.0000000 
