16
251140_Ward_Creek              0.0000000 0.0000010 0.0867393 0.2345260 0.0000010 0.2330063 0.0351167 0.1095456 0.8978288 0.2810064 0.1099641 0.2330063 0.1895508 1.5299542 0.2788284 0.2810064 
260512_Pybus_Point             0.0000010 0.0000000 0.0867393 0.2345260 0.0000010 0.2330063 0.0351167 0.1095456 0.8978288 0.2810064 0.1099641 0.2330063 0.1895508 1.5299542 0.2788284 0.2810064 
261935_Kenai_River             0.0867393 0.0867393 0.0000000 0.2717289 0.8361046 0.2695277 0.1302511 0.1302511 1.8587660 0.3246875 0.1308641 0.2695277 0.2204602 1.6660076 0.3214991 0.3246875 
353379_Skagit_River            0.2345260 0.2345260 0.2717289 0.0000000 0.8978288 0.0718526 0.2788284 0.2788284 0.0000010 0.0352072 0.2810064 0.4235114 0.3710308 1.6783190 0.4794934 0.0352072 
353381_Dungeness_River         0.0000010 0.0000010 0.8361046 0.8978288 0.0000000 1.0647612 0.1832741 0.6121462 0.8978288 1.2868590 0.6715957 1.1805952 0.9464831 2.4406880 1.4578079 1.2868590 
353401_Peace_River             0.2330063 0.2330063 0.2695277 0.0718526 1.0647612 0.0000000 0.2767126 0.2767126 0.1832741 0.1103872 0.2788284 0.4184546 0.3672756 1.6681246 0.4727203 0.1103872 
353407_Noatok                  0.0351167 0.0351167 0.1302511 0.2788284 0.1832741 0.2767126 0.0000000 0.0716267 1.0647612 0.3273570 0.1495489 0.1905829 0.1488659 1.5370705 0.3243985 0.3273570 
353410_Horizon_Lake            0.1095456 0.1095456 0.1302511 0.2788284 0.6121462 0.2767126 0.0716267 0.0000000 1.0647612 0.3273570 0.1495489 0.1099641 0.0716267 1.5370705 0.3243985 0.3273570 
92319_Little_Lost              0.8978288 0.8978288 1.8587660 0.0000010 0.8978288 0.1832741 1.0647612 1.0647612 0.0000000 0.1881583 1.2868590 1.4987682 1.2622519 2.5153478 1.7874998 0.1881583 
94280_St_Joe                   0.2810064 0.2810064 0.3246875 0.0352072 1.2868590 0.1103872 0.3273570 0.3273570 0.1881583 0.0000000 0.3304248 0.4794934 0.4235114 1.7517705 0.5396625 0.0000010 
GCA016432855_Lake_Trout        0.1099641 0.1099641 0.1308641 0.2810064 0.6715957 0.2788284 0.1495489 0.1495489 1.2868590 0.3304248 0.0000000 0.2788284 0.2330063 1.6660076 0.2330063 0.3304248 
GCA036784925_Maine_S_alpinus   0.2330063 0.2330063 0.2695277 0.4235114 1.1805952 0.4184546 0.1905829 0.1099641 1.4987682 0.4794934 0.2788284 0.0000000 0.0352072 1.6123028 0.4727203 0.4794934 
GCA045679555_Iceland_A_alpinus 0.1895508 0.1895508 0.2204602 0.3710308 0.9464831 0.3672756 0.1488659 0.0716267 1.2622519 0.4235114 0.2330063 0.0352072 0.0000000 1.5494943 0.4184546 0.4235114 
GCF013265735_Rainbow_Trout     1.5299542 1.5299542 1.6660076 1.6783190 2.4406880 1.6681246 1.5370705 1.5370705 2.5153478 1.7517705 1.6660076 1.6123028 1.5494943 0.0000000 1.7442624 1.7517705 
GCF029448725_Brook_Trout       0.2788284 0.2788284 0.3214991 0.4794934 1.4578079 0.4727203 0.3243985 0.3243985 1.7874998 0.5396625 0.2330063 0.4727203 0.4184546 1.7442624 0.0000000 0.5396625 
Methow_River_99895             0.2810064 0.2810064 0.3246875 0.0352072 1.2868590 0.1103872 0.3273570 0.3273570 0.1881583 0.0000010 0.3304248 0.4794934 0.4235114 1.7517705 0.5396625 0.0000000 
