13
251140_Ward_Creek            0.0000000 0.0000010 0.0454582 0.0829597 0.0454582 0.0080320 0.0532394 0.0073253 0.0532394 0.0073253 0.1025320 0.0771920 9.0000000 
260512_Pybus_Point           0.0000010 0.0000000 0.0454582 0.0829597 0.0454582 0.0080320 0.0532394 0.0073253 0.0532394 0.0073253 0.1025320 0.0771920 9.0000000 
261935_Kenai_River           0.0454582 0.0454582 0.0000000 0.0318471 0.0000010 0.0585878 0.0073253 0.0532394 0.0073253 0.0532394 0.0530775 0.0297176 4.0289501 
353246_Cottonwood_Creek      0.0829597 0.0829597 0.0318471 0.0000000 0.0318471 0.0585878 0.0237902 0.0743468 0.0399691 0.0743468 0.0826837 0.0649495 4.1656943 
353379_Skagit_River          0.0454582 0.0454582 0.0000010 0.0318471 0.0000000 0.0585878 0.0073253 0.0532394 0.0073253 0.0532394 0.0530775 0.0297176 4.0289501 
353381_Dungeness_River       0.0080320 0.0080320 0.0585878 0.0585878 0.0585878 0.0000000 0.0672458 0.0161287 0.0672458 0.0161287 0.1132670 0.0939994 9.0000000 
353407_Noatok                0.0532394 0.0532394 0.0073253 0.0237902 0.0073253 0.0672458 0.0000000 0.0454582 0.0147056 0.0454582 0.0608948 0.0372865 4.0289501 
353410_Horizon_Lake          0.0073253 0.0073253 0.0532394 0.0743468 0.0532394 0.0161287 0.0454582 0.0000000 0.0610815 0.0000010 0.1108737 0.0852496 9.0000000 
GCA016432855_Lake_Trout      0.0532394 0.0532394 0.0073253 0.0399691 0.0073253 0.0672458 0.0147056 0.0610815 0.0000000 0.0610815 0.0608948 0.0372865 4.1656943 
GCA036784925_Maine_S_alpinus 0.0073253 0.0073253 0.0532394 0.0743468 0.0532394 0.0161287 0.0454582 0.0000010 0.0610815 0.0000000 0.1108737 0.0852496 9.0000000 
GCF013265735_Rainbow_Trout   0.1025320 0.1025320 0.0530775 0.0826837 0.0530775 0.1132670 0.0608948 0.1108737 0.0608948 0.1108737 0.0000000 0.0849845 3.8847942 
GCF029448725_Brook_Trout     0.0771920 0.0771920 0.0297176 0.0649495 0.0297176 0.0939994 0.0372865 0.0852496 0.0372865 0.0852496 0.0849845 0.0000000 3.8847942 
Methow_River_99895           9.0000000 9.0000000 4.0289501 4.1656943 4.0289501 9.0000000 4.0289501 9.0000000 4.1656943 9.0000000 3.8847942 3.8847942 0.0000000 
