15
251140_Ward_Creek            0.0000000 0.0573609 0.0282213 0.0282213 0.0573609 0.1185833 0.1507654 0.0573609 0.0892399 0.1507654 0.1507654 0.0573609 0.0892399 1.0896427 0.3462515 
260512_Pybus_Point           0.0573609 0.0000000 0.0282213 0.0282213 0.0573609 0.1185833 0.1507654 0.0573609 0.0287658 0.1507654 0.1507654 0.0573609 0.0287658 1.0896427 0.3462515 
261935_Kenai_River           0.0282213 0.0282213 0.0000000 0.0000010 0.0282213 0.0874652 0.1185833 0.0282213 0.0584952 0.1185833 0.1185833 0.0282213 0.0584952 1.0087596 0.3055647 
353213_Cropley_Lake          0.0282213 0.0282213 0.0000010 0.0000000 0.0282213 0.0874652 0.1185833 0.0282213 0.0584952 0.1185833 0.1185833 0.0282213 0.0584952 1.0087596 0.3055647 
353246_Cottonwood_Creek      0.0573609 0.0573609 0.0282213 0.0282213 0.0000000 0.1185833 0.1507654 0.0000010 0.0892399 0.1507654 0.1507654 0.0573609 0.0892399 1.0896427 0.3462515 
353379_Skagit_River          0.1185833 0.1185833 0.0874652 0.0874652 0.1185833 0.0000000 0.0282213 0.1185833 0.1539944 0.0282213 0.0282213 0.1185833 0.1539944 1.2542503 0.4324027 
353401_Peace_River           0.1507654 0.1507654 0.1185833 0.1185833 0.1507654 0.0282213 0.0000000 0.1507654 0.1881170 0.0000010 0.0573609 0.1507654 0.1881170 1.3362274 0.4779511 
353407_Noatok                0.0573609 0.0573609 0.0282213 0.0282213 0.0000010 0.1185833 0.1507654 0.0000000 0.0892399 0.1507654 0.1507654 0.0573609 0.0892399 1.0896427 0.3462515 
353410_Horizon_Lake          0.0892399 0.0287658 0.0584952 0.0584952 0.0892399 0.1539944 0.1881170 0.0892399 0.0000000 0.1881170 0.1881170 0.0892399 0.0000010 1.2425611 0.3991720 
92319_Little_Lost            0.1507654 0.1507654 0.1185833 0.1185833 0.1507654 0.0282213 0.0000010 0.1507654 0.1881170 0.0000000 0.0573609 0.1507654 0.1881170 1.3362274 0.4779511 
94280_St_Joe                 0.1507654 0.1507654 0.1185833 0.1185833 0.1507654 0.0282213 0.0573609 0.1507654 0.1881170 0.0573609 0.0000000 0.1507654 0.1881170 1.3362274 0.4779511 
GCA016432855_Lake_Trout      0.0573609 0.0573609 0.0282213 0.0282213 0.0573609 0.1185833 0.1507654 0.0573609 0.0892399 0.1507654 0.1507654 0.0000000 0.0892399 0.9298819 0.2663973 
GCA036784925_Maine_S_alpinus 0.0892399 0.0287658 0.0584952 0.0584952 0.0892399 0.1539944 0.1881170 0.0892399 0.0000010 0.1881170 0.1881170 0.0892399 0.0000000 1.2425611 0.3991720 
GCF013265735_Rainbow_Trout   1.0896427 1.0896427 1.0087596 1.0087596 1.0896427 1.2542503 1.3362274 1.0896427 1.2425611 1.3362274 1.3362274 0.9298819 1.2425611 0.0000000 1.7880896 
GCF029448725_Brook_Trout     0.3462515 0.3462515 0.3055647 0.3055647 0.3462515 0.4324027 0.4779511 0.3462515 0.3991720 0.4779511 0.4779511 0.2663973 0.3991720 1.7880896 0.0000000 
