18
251140_Ward_Creek              0.0000000 0.0634888 0.0634888 0.0150280 0.0150243 0.0000010 0.3887935 0.1085949 0.4119314 0.1214941 1.3425688 0.3887935 0.4119314 1.0076715 1.7870457 0.9180396 2.9158857 1.0272039 
260512_Pybus_Point             0.0634888 0.0000000 0.0000010 0.0800390 0.0800185 0.0634888 0.2855871 0.4376459 0.3059209 0.0486083 0.9423375 0.2855871 0.3059209 0.7678885 1.2588558 0.6662873 2.6219056 0.8338243 
261935_Kenai_River             0.0634888 0.0000010 0.0000000 0.0800390 0.0800185 0.0634888 0.2855871 0.4376459 0.3059209 0.0486083 0.9423375 0.2855871 0.3059209 0.7678885 1.2588558 0.6662873 2.6219056 0.8338243 
353213_Cropley_Lake            0.0150280 0.0800390 0.0800390 0.0000000 0.0302820 0.0150280 0.4120457 0.1674584 0.4354925 0.1401118 1.3835179 0.4120457 0.4354925 1.0423424 1.7975525 0.9617104 2.8821242 1.0525439 
353219_Peterson_Creek          0.0150243 0.0800185 0.0800185 0.0302820 0.0000000 0.0150243 0.4119314 0.1673135 0.4353723 0.1400732 1.3831916 0.4119314 0.4353723 1.0420748 1.7974700 0.9613780 2.8823955 1.0523480 
353220_Fish_Creek              0.0000010 0.0634888 0.0634888 0.0150280 0.0150243 0.0000000 0.3887935 0.1085949 0.4119314 0.1214941 1.3425688 0.3887935 0.4119314 1.0076715 1.7870457 0.9180396 2.9158857 1.0272039 
353379_Skagit_River            0.3887935 0.2855871 0.2855871 0.4120457 0.4119314 0.3887935 0.0000000 2.7187694 0.0149466 0.3069649 1.6122902 0.0000010 0.0149466 0.8296611 1.4652195 1.2821240 2.4983042 0.8835795 
353381_Dungeness_River         0.1085949 0.4376459 0.4376459 0.1674584 0.1673135 0.1085949 2.7187694 0.0000000 2.5618925 0.7358929 8.9999989 2.7187694 2.5618925 7.2814824 8.9999981 8.9999987 4.2180199 2.8384027 
353401_Peace_River             0.4119314 0.3059209 0.3059209 0.4354925 0.4353723 0.4119314 0.0149466 2.5618925 0.0000000 0.3289812 1.6274339 0.0149466 0.0000010 0.8595823 1.4838355 1.3113576 2.4805865 0.9073491 
353407_Noatok                  0.1214941 0.0486083 0.0486083 0.1401118 0.1400732 0.1214941 0.3069649 0.7358929 0.3289812 0.0000000 1.1869312 0.3069649 0.3289812 0.8818788 1.4888625 0.8561725 2.5634966 0.9289085 
353410_Horizon_Lake            1.3425688 0.9423375 0.9423375 1.3835179 1.3831916 1.3425688 1.6122902 8.9999989 1.6274339 1.1869312 0.0000000 1.6122902 1.6274339 2.7615957 0.1196172 1.7510927 2.0540634 2.1511852 
92319_Little_Lost              0.3887935 0.2855871 0.2855871 0.4120457 0.4119314 0.3887935 0.0000010 2.7187694 0.0149466 0.3069649 1.6122902 0.0000000 0.0149466 0.8296611 1.4652195 1.2821240 2.4983042 0.8835795 
94280_St_Joe                   0.4119314 0.3059209 0.3059209 0.4354925 0.4353723 0.4119314 0.0149466 2.5618925 0.0000010 0.3289812 1.6274339 0.0149466 0.0000000 0.8595823 1.4838355 1.3113576 2.4805865 0.9073491 
GCA016432855_Lake_Trout        1.0076715 0.7678885 0.7678885 1.0423424 1.0420748 1.0076715 0.8296611 7.2814824 0.8595823 0.8818788 2.7615957 0.8296611 0.8595823 0.0000000 2.4345608 2.5916576 2.5425021 0.5000079 
GCA036784925_Maine_S_alpinus   1.7870457 1.2588558 1.2588558 1.7975525 1.7974700 1.7870457 1.4652195 8.9999981 1.4838355 1.4888625 0.1196172 1.4652195 1.4838355 2.4345608 0.0000000 2.0859814 1.9509257 2.0040711 
GCA045679555_Iceland_A_alpinus 0.9180396 0.6662873 0.6662873 0.9617104 0.9613780 0.9180396 1.2821240 8.9999987 1.3113576 0.8561725 1.7510927 1.2821240 1.3113576 2.5916576 2.0859814 0.0000000 3.1572169 1.9971987 
GCF013265735_Rainbow_Trout     2.9158857 2.6219056 2.6219056 2.8821242 2.8823955 2.9158857 2.4983042 4.2180199 2.4805865 2.5634966 2.0540634 2.4983042 2.4805865 2.5425021 1.9509257 3.1572169 0.0000000 2.7898263 
GCF029448725_Brook_Trout       1.0272039 0.8338243 0.8338243 1.0525439 1.0523480 1.0272039 0.8835795 2.8384027 0.9073491 0.9289085 2.1511852 0.8835795 0.9073491 0.5000079 2.0040711 1.9971987 2.7898263 0.0000000 
