9
251140_Ward_Creek          0.0000000 0.0000010 0.0811602 0.1721808 0.1721808 0.3960506 0.3960506 1.2882386 0.2757936 
260512_Pybus_Point         0.0000010 0.0000000 0.0811602 0.1721808 0.1721808 0.3960506 0.3960506 1.2882386 0.2757936 
353246_Cottonwood_Creek    0.0811602 0.0811602 0.0000000 0.2757936 0.2757936 0.2757936 0.5393420 1.9237120 0.3960506 
353379_Skagit_River        0.1721808 0.1721808 0.2757936 0.0000000 0.0000010 0.1721808 0.1721808 0.7166336 0.0811602 
353401_Peace_River         0.1721808 0.1721808 0.2757936 0.0000010 0.0000000 0.1721808 0.1721808 0.7166336 0.0811602 
353407_Noatok              0.3960506 0.3960506 0.2757936 0.1721808 0.1721808 0.0000000 0.3960506 1.2882386 0.2757936 
GCA016432855_Lake_Trout    0.3960506 0.3960506 0.5393420 0.1721808 0.1721808 0.3960506 0.0000000 1.2882386 0.2757936 
GCF013265735_Rainbow_Trout 1.2882386 1.2882386 1.9237120 0.7166336 0.7166336 1.2882386 1.2882386 0.0000000 0.9492498 
GCF029448725_Brook_Trout   0.2757936 0.2757936 0.3960506 0.0811602 0.0811602 0.2757936 0.2757936 0.9492498 0.0000000 
