14
251140_Ward_Creek            0.0000000 0.0000010 0.0116268 0.0024273 0.0171616 0.0071695 0.0171616 0.0171616 0.0171616 0.0078078 0.0196486 0.0024268 0.1322748 0.0171652 
260512_Pybus_Point           0.0000010 0.0000000 0.0116268 0.0024273 0.0171616 0.0071695 0.0171616 0.0171616 0.0171616 0.0078078 0.0196486 0.0024268 0.1322748 0.0171652 
261935_Kenai_River           0.0116268 0.0116268 0.0000000 0.0116268 0.0324235 0.0236968 0.0324235 0.0294171 0.0294171 0.0319916 0.0354482 0.0145583 0.1674680 0.0324319 
353220_Fish_Creek            0.0024273 0.0024273 0.0116268 0.0000000 0.0196458 0.0107801 0.0196458 0.0146887 0.0146887 0.0117425 0.0221415 0.0048615 0.1351754 0.0196500 
353379_Skagit_River          0.0171616 0.0171616 0.0324235 0.0196458 0.0000000 0.0291075 0.0000010 0.0048627 0.0048627 0.0277048 0.0024283 0.0196416 0.1469454 0.0296818 
353381_Dungeness_River       0.0071695 0.0071695 0.0236968 0.0107801 0.0291075 0.0000000 0.0291075 0.0328274 0.0328274 0.0243643 0.0328346 0.0107768 0.2041611 0.0254142 
353401_Peace_River           0.0171616 0.0171616 0.0324235 0.0196458 0.0000010 0.0291075 0.0000000 0.0048627 0.0048627 0.0277048 0.0024283 0.0196416 0.1469454 0.0296818 
353407_Noatok                0.0171616 0.0171616 0.0294171 0.0146887 0.0048627 0.0328274 0.0048627 0.0000000 0.0000010 0.0357998 0.0073070 0.0196416 0.1528351 0.0347375 
353410_Horizon_Lake          0.0171616 0.0171616 0.0294171 0.0146887 0.0048627 0.0328274 0.0048627 0.0000010 0.0000000 0.0357998 0.0073070 0.0196416 0.1528351 0.0347375 
92319_Little_Lost            0.0078078 0.0078078 0.0319916 0.0117425 0.0277048 0.0243643 0.0277048 0.0357998 0.0357998 0.0000000 0.0317552 0.0078078 0.2144769 0.0277144 
GCA016432855_Lake_Trout      0.0196486 0.0196486 0.0354482 0.0221415 0.0024283 0.0328346 0.0024283 0.0073070 0.0073070 0.0317552 0.0000000 0.0221368 0.1439654 0.0271576 
GCA036784925_Maine_S_alpinus 0.0024268 0.0024268 0.0145583 0.0048615 0.0196416 0.0107768 0.0196416 0.0196416 0.0196416 0.0078078 0.0221368 0.0000000 0.1351410 0.0196458 
GCF013265735_Rainbow_Trout   0.1322748 0.1322748 0.1674680 0.1351754 0.1469454 0.2041611 0.1469454 0.1528351 0.1528351 0.2144769 0.1439654 0.1351410 0.0000000 0.1352098 
GCF029448725_Brook_Trout     0.0171652 0.0171652 0.0324319 0.0196500 0.0296818 0.0254142 0.0296818 0.0347375 0.0347375 0.0277144 0.0271576 0.0196458 0.1352098 0.0000000 
