20
251140_Ward_Creek              0.0000000 0.0008282 0.0199829 0.0084227 0.0014904 0.0028632 0.0038092 0.0230093 0.8864847 0.0212200 0.0232667 0.0319870 0.0224638 0.0212200 0.0166230 0.0148080 0.0161584 0.1676309 0.0388418 0.0340645 
260512_Pybus_Point             0.0008282 0.0000000 0.0209888 0.0086830 0.0008395 0.0033973 0.0010596 0.0224638 1.0629974 0.0224638 0.0227641 0.0352400 0.0224638 0.0224638 0.0151122 0.0148548 0.0164493 0.1820265 0.0443316 0.0403245 
261935_Kenai_River             0.0199829 0.0209888 0.0000000 0.0317759 0.0182770 0.0214772 0.0232667 0.0456133 0.9776844 0.0435773 0.0058646 0.0071518 0.0443457 0.0435773 0.0377424 0.0393615 0.0413296 0.1968576 0.0626390 0.0366609 
353213_Cropley_Lake            0.0084227 0.0086830 0.0317759 0.0000000 0.0065139 0.0059554 0.0148080 0.0164480 0.7484697 0.0149690 0.0355763 0.0206971 0.0150392 0.0149690 0.0278626 0.0074055 0.0084339 0.1538669 0.0340874 0.0199828 
353219_Peterson_Creek          0.0014904 0.0008395 0.0182770 0.0065139 0.0000000 0.0018553 0.0048992 0.0212200 0.8864847 0.0194774 0.0214772 0.0300375 0.0203904 0.0194774 0.0150268 0.0132918 0.0145927 0.1653277 0.0387286 0.0309998 
353220_Fish_Creek              0.0028632 0.0033973 0.0214772 0.0059554 0.0018553 0.0000000 0.0071518 0.0245824 0.8994335 0.0227508 0.0248372 0.0298087 0.0242912 0.0227508 0.0180316 0.0130937 0.0143798 0.1701705 0.0352197 0.0369123 
353246_Cottonwood_Creek        0.0038092 0.0010596 0.0232667 0.0148080 0.0048992 0.0071518 0.0000000 0.0168592 0.8926893 0.0185237 0.0170977 0.0357483 0.0206895 0.0185237 0.0163893 0.0150268 0.0163893 0.1673986 0.0331600 0.0316618 
353379_Skagit_River            0.0230093 0.0224638 0.0456133 0.0164480 0.0212200 0.0245824 0.0168592 0.0000000 0.7473680 0.0008498 0.0378864 0.0328359 0.0000010 0.0008498 0.0259457 0.0141276 0.0153832 0.1512799 0.0283888 0.0025702 
353381_Dungeness_River         0.8864847 1.0629974 0.9776844 0.7484697 0.8864847 0.8994335 0.8926893 0.7473680 0.0000000 0.7473680 0.9636649 0.8094729 0.8652296 0.7473680 0.8838428 0.7418502 0.7418502 0.8249919 0.7484697 1.3445754 
353401_Peace_River             0.0212200 0.0224638 0.0435773 0.0149690 0.0194774 0.0227508 0.0185237 0.0008498 0.7473680 0.0000000 0.0398571 0.0310479 0.0000010 0.0000010 0.0278626 0.0127131 0.0139300 0.1491755 0.0302211 0.0012368 
353407_Noatok                  0.0232667 0.0227641 0.0058646 0.0355763 0.0214772 0.0248372 0.0170977 0.0378864 0.9636649 0.0398571 0.0000000 0.0145927 0.0466218 0.0398571 0.0375947 0.0357483 0.0375947 0.1966741 0.0582755 0.0313358 
353410_Horizon_Lake            0.0319870 0.0352400 0.0071518 0.0206971 0.0300375 0.0298087 0.0357483 0.0328359 0.8094729 0.0310479 0.0145927 0.0000000 0.0301943 0.0310479 0.0476429 0.0237986 0.0252875 0.1781145 0.0489087 0.0199828 
92319_Little_Lost              0.0224638 0.0224638 0.0443457 0.0150392 0.0203904 0.0242912 0.0206895 0.0000010 0.8652296 0.0000010 0.0466218 0.0301943 0.0000000 0.0000010 0.0281239 0.0152791 0.0167659 0.1646866 0.0327729 0.0015535 
94280_St_Joe                   0.0212200 0.0224638 0.0435773 0.0149690 0.0194774 0.0227508 0.0185237 0.0008498 0.7473680 0.0000010 0.0398571 0.0310479 0.0000010 0.0000000 0.0278626 0.0127131 0.0139300 0.1491755 0.0302211 0.0012368 
GCA016432855_Lake_Trout        0.0166230 0.0151122 0.0377424 0.0278626 0.0150268 0.0180316 0.0163893 0.0259457 0.8838428 0.0278626 0.0375947 0.0476429 0.0281239 0.0278626 0.0000000 0.0281059 0.0298087 0.1627933 0.0161584 0.0400698 
GCA036784925_Maine_S_alpinus   0.0148080 0.0148548 0.0393615 0.0074055 0.0132918 0.0130937 0.0150268 0.0141276 0.7418502 0.0127131 0.0357483 0.0237986 0.0152791 0.0127131 0.0281059 0.0000000 0.0008381 0.1512799 0.0268166 0.0183367 
GCA045679555_Iceland_A_alpinus 0.0161584 0.0164493 0.0413296 0.0084339 0.0145927 0.0143798 0.0163893 0.0153832 0.7418502 0.0139300 0.0375947 0.0252875 0.0167659 0.0139300 0.0298087 0.0008381 0.0000000 0.1536296 0.0283888 0.0203305 
GCF013265735_Rainbow_Trout     0.1676309 0.1820265 0.1968576 0.1538669 0.1653277 0.1701705 0.1673986 0.1512799 0.8249919 0.1491755 0.1966741 0.1781145 0.1646866 0.1491755 0.1627933 0.1512799 0.1536296 0.0000000 0.1562133 0.2151797 
GCF029448725_Brook_Trout       0.0388418 0.0443316 0.0626390 0.0340874 0.0387286 0.0352197 0.0331600 0.0283888 0.7484697 0.0302211 0.0582755 0.0489087 0.0327729 0.0302211 0.0161584 0.0268166 0.0283888 0.1562133 0.0000000 0.0369128 
Methow_River_99895             0.0340645 0.0403245 0.0366609 0.0199828 0.0309998 0.0369123 0.0316618 0.0025702 1.3445754 0.0012368 0.0313358 0.0199828 0.0015535 0.0012368 0.0400698 0.0183367 0.0203305 0.2151797 0.0369128 0.0000000 
