16
251140_Ward_Creek              0.0000000 0.0066978 0.0000010 0.0033388 0.0033388 0.0240949 0.0240949 0.0000010 0.0100771 0.0168294 0.0000010 0.1043795 0.0240949 0.0240949 0.4263037 0.1105209 
260512_Pybus_Point             0.0066978 0.0000000 0.0066978 0.0100630 0.0033434 0.0492803 0.0492803 0.0243373 0.0033434 0.0168529 0.0243373 0.1045369 0.0492803 0.0492803 0.4715178 0.1106975 
261935_Kenai_River             0.0000010 0.0066978 0.0000000 0.0033388 0.0033388 0.0240949 0.0240949 0.0000010 0.0100771 0.0168294 0.0000010 0.1043795 0.0240949 0.0240949 0.4263037 0.1105209 
353213_Cropley_Lake            0.0033388 0.0100630 0.0033388 0.0000000 0.0066885 0.0487813 0.0000010 0.0240949 0.0134597 0.0202293 0.0240949 0.1081803 0.0487813 0.0487813 0.4649366 0.1145587 
353220_Fish_Creek              0.0033388 0.0033434 0.0033388 0.0066885 0.0000000 0.0240949 0.0240949 0.0000010 0.0067071 0.0134410 0.0000010 0.1005929 0.0240949 0.0240949 0.4263037 0.1064993 
353379_Skagit_River            0.0240949 0.0492803 0.0240949 0.0487813 0.0240949 0.0000000 0.0487813 0.0240949 0.0756445 0.0487813 0.0240949 1.3329378 0.0487813 0.0487813 0.4649366 1.3847328 
353381_Dungeness_River         0.0240949 0.0492803 0.0240949 0.0000010 0.0240949 0.0487813 0.0000000 0.0240949 0.0756445 0.0487813 0.0240949 1.3329378 0.0487813 0.0487813 0.4649366 1.3847328 
353401_Peace_River             0.0000010 0.0243373 0.0000010 0.0240949 0.0000010 0.0240949 0.0240949 0.0000000 0.0497900 0.0240949 0.0000010 1.2246374 0.0240949 0.0240949 0.4263037 1.2672512 
353407_Noatok                  0.0100771 0.0033434 0.0100771 0.0134597 0.0067071 0.0756445 0.0756445 0.0497900 0.0000000 0.0202860 0.0497900 0.1085080 0.0756445 0.0756445 0.5200350 0.1149265 
353410_Horizon_Lake            0.0168294 0.0168529 0.0168294 0.0202293 0.0134410 0.0487813 0.0487813 0.0240949 0.0202860 0.0000000 0.0240949 0.1080173 0.0000010 0.0000010 0.4649366 0.1143757 
92319_Little_Lost              0.0000010 0.0243373 0.0000010 0.0240949 0.0000010 0.0240949 0.0240949 0.0000010 0.0497900 0.0240949 0.0000000 1.2246374 0.0240949 0.0240949 0.4263037 1.2672512 
GCA016432855_Lake_Trout        0.1043795 0.1045369 0.1043795 0.1081803 0.1005929 1.3329378 1.3329378 1.2246374 0.1085080 0.1080173 1.2246374 0.0000000 1.3329378 1.3329378 9.0000000 0.0105969 
GCA036784925_Maine_S_alpinus   0.0240949 0.0492803 0.0240949 0.0487813 0.0240949 0.0487813 0.0487813 0.0240949 0.0756445 0.0000010 0.0240949 1.3329378 0.0000000 0.0000010 0.4649366 1.3847328 
GCA045679555_Iceland_A_alpinus 0.0240949 0.0492803 0.0240949 0.0487813 0.0240949 0.0487813 0.0487813 0.0240949 0.0756445 0.0000010 0.0240949 1.3329378 0.0000010 0.0000000 0.4649366 1.3847328 
GCF013265735_Rainbow_Trout     0.4263037 0.4715178 0.4263037 0.4649366 0.4263037 0.4649366 0.4649366 0.4263037 0.5200350 0.4649366 0.4263037 9.0000000 0.4649366 0.4649366 0.0000000 9.0000000 
GCF029448725_Brook_Trout       0.1105209 0.1106975 0.1105209 0.1145587 0.1064993 1.3847328 1.3847328 1.2672512 0.1149265 0.1143757 1.2672512 0.0105969 1.3847328 1.3847328 9.0000000 0.0000000 
