12
251140_Ward_Creek            0.0000000 0.0000010 0.0000010 0.0088253 0.0000010 0.0088136 0.0088136 0.0088136 0.0088136 0.0088136 0.3994285 0.0831868 
260512_Pybus_Point           0.0000010 0.0000000 0.0000010 0.0088253 0.0000010 0.0088136 0.0088136 0.0088136 0.0088136 0.0088136 0.3994285 0.0831868 
261935_Kenai_River           0.0000010 0.0000010 0.0000000 0.0162222 0.0000010 0.0161825 0.0161825 0.0161825 0.0161825 0.0161825 0.8511106 0.1597304 
353220_Fish_Creek            0.0088253 0.0088253 0.0162222 0.0000000 0.0162222 0.0177482 0.0177482 0.0177482 0.0177482 0.0177482 0.4193977 0.0931205 
353246_Cottonwood_Creek      0.0000010 0.0000010 0.0000010 0.0162222 0.0000000 0.0161825 0.0161825 0.0161825 0.0161825 0.0161825 0.8511106 0.1597304 
353379_Skagit_River          0.0088136 0.0088136 0.0161825 0.0177482 0.0161825 0.0000000 0.0000010 0.0177244 0.0177244 0.0177244 0.4180143 0.0929787 
353401_Peace_River           0.0088136 0.0088136 0.0161825 0.0177482 0.0161825 0.0000010 0.0000000 0.0177244 0.0177244 0.0177244 0.4180143 0.0929787 
353410_Horizon_Lake          0.0088136 0.0088136 0.0161825 0.0177482 0.0161825 0.0177244 0.0177244 0.0000000 0.0177244 0.0000010 0.4180143 0.0929787 
GCA016432855_Lake_Trout      0.0088136 0.0088136 0.0161825 0.0177482 0.0161825 0.0177244 0.0177244 0.0177244 0.0000000 0.0177244 0.4180143 0.0929787 
GCA036784925_Maine_S_alpinus 0.0088136 0.0088136 0.0161825 0.0177482 0.0161825 0.0177244 0.0177244 0.0000010 0.0177244 0.0000000 0.4180143 0.0929787 
GCF013265735_Rainbow_Trout   0.3994285 0.3994285 0.8511106 0.4193977 0.8511106 0.4180143 0.4180143 0.4180143 0.4180143 0.4180143 0.0000000 0.5642970 
GCF029448725_Brook_Trout     0.0831868 0.0831868 0.1597304 0.0931205 0.1597304 0.0929787 0.0929787 0.0929787 0.0929787 0.0929787 0.5642970 0.0000000 
