16
251140_Ward_Creek              0.0000000 0.0521240 0.0521326 0.0000010 0.0521240 0.0432568 0.0170591 0.0000010 0.0170591 0.0432568 0.0345473 0.0815196 0.0521240 0.0345473 0.2591420 0.5422377 
260512_Pybus_Point             0.0521240 0.0000000 0.0168253 0.0521240 0.0000010 0.0253689 0.0609161 0.0800636 0.0609161 0.0253689 0.0343991 0.1196025 0.0518966 0.0343991 0.2809172 0.6491749 
261935_Kenai_River             0.0521326 0.0168253 0.0000000 0.0521326 0.0168253 0.0083516 0.0609265 0.0800864 0.0609265 0.0083516 0.0344042 0.1196298 0.0519050 0.0344042 0.2810294 0.6500135 
353213_Cropley_Lake            0.0000010 0.0521240 0.0521326 0.0000000 0.0521240 0.0432568 0.0170591 0.0000010 0.0170591 0.0432568 0.0345473 0.0815196 0.0521240 0.0345473 0.2591420 0.5422377 
353219_Peterson_Creek          0.0521240 0.0000010 0.0168253 0.0521240 0.0000000 0.0253689 0.0609161 0.0800636 0.0609161 0.0253689 0.0343991 0.1196025 0.0518966 0.0343991 0.2809172 0.6491749 
353246_Cottonwood_Creek        0.0432568 0.0253689 0.0083516 0.0432568 0.0253689 0.0000000 0.0519965 0.0662977 0.0519965 0.0000010 0.0432359 0.1099215 0.0608829 0.0432359 0.2930786 0.6277156 
353379_Skagit_River            0.0170591 0.0609161 0.0609265 0.0170591 0.0609161 0.0519965 0.0000000 0.0259511 0.0000010 0.0519965 0.0432568 0.0907447 0.0609161 0.0432568 0.2698490 0.5351111 
353381_Dungeness_River         0.0000010 0.0800636 0.0800864 0.0000010 0.0800636 0.0662977 0.0259511 0.0000000 0.0259511 0.0662977 0.0529003 0.1130968 0.0800636 0.0529003 0.4353077 0.5864766 
353401_Peace_River             0.0170591 0.0609161 0.0609265 0.0170591 0.0609161 0.0519965 0.0000010 0.0259511 0.0000000 0.0519965 0.0432568 0.0907447 0.0609161 0.0432568 0.2698490 0.5351111 
353407_Noatok                  0.0432568 0.0253689 0.0083516 0.0432568 0.0253689 0.0000010 0.0519965 0.0662977 0.0519965 0.0000000 0.0432359 0.1099215 0.0608829 0.0432359 0.2930786 0.6277156 
353410_Horizon_Lake            0.0345473 0.0343991 0.0344042 0.0345473 0.0343991 0.0432359 0.0432568 0.0529003 0.0432568 0.0432359 0.0000000 0.1005697 0.0168636 0.0000010 0.2588503 0.6075111 
GCA016432855_Lake_Trout        0.0815196 0.1196025 0.1196298 0.0815196 0.1196025 0.1099215 0.0907447 0.1130968 0.0907447 0.1099215 0.1005697 0.0000000 0.1196025 0.1005697 0.3525187 0.4482255 
GCA036784925_Maine_S_alpinus   0.0521240 0.0518966 0.0519050 0.0521240 0.0518966 0.0608829 0.0609161 0.0800636 0.0609161 0.0608829 0.0168636 0.1196025 0.0000000 0.0168636 0.2809172 0.6269399 
GCA045679555_Iceland_A_alpinus 0.0345473 0.0343991 0.0344042 0.0345473 0.0343991 0.0432359 0.0432568 0.0529003 0.0432568 0.0432359 0.0000010 0.1005697 0.0168636 0.0000000 0.2588503 0.6075111 
GCF013265735_Rainbow_Trout     0.2591420 0.2809172 0.2810294 0.2591420 0.2809172 0.2930786 0.2698490 0.4353077 0.2698490 0.2930786 0.2588503 0.3525187 0.2809172 0.2588503 0.0000000 1.3502902 
GCF029448725_Brook_Trout       0.5422377 0.6491749 0.6500135 0.5422377 0.6491749 0.6277156 0.5351111 0.5864766 0.5351111 0.6277156 0.6075111 0.4482255 0.6269399 0.6075111 1.3502902 0.0000000 
