14
251140_Ward_Creek              0.0000000 0.0000010 0.0742710 0.0745930 0.0000010 0.1140682 0.0363010 0.0373069 0.1140682 0.0361307 0.0361307 0.0361307 0.8622542 0.1718212 
260512_Pybus_Point             0.0000010 0.0000000 0.0742710 0.0745930 0.0000010 0.1140682 0.0363010 0.0373069 0.1140682 0.0361307 0.0361307 0.0361307 0.8622542 0.1718212 
353246_Cottonwood_Creek        0.0742710 0.0742710 0.0000000 0.1580254 0.0742710 0.2016296 0.0364469 0.1185742 0.2016296 0.1145020 0.1145020 0.1145020 1.0813212 0.2749050 
353379_Skagit_River            0.0745930 0.0745930 0.1580254 0.0000000 0.0745930 0.0364512 0.1157073 0.1191366 0.0364512 0.1150242 0.1150242 0.1150242 1.0900911 0.2765214 
353381_Dungeness_River         0.0000010 0.0000010 0.0742710 0.0745930 0.0000000 0.1140682 0.0363010 0.0373069 0.1140682 0.0361307 0.0361307 0.0361307 0.8622542 0.1718212 
353401_Peace_River             0.1140682 0.1140682 0.2016296 0.0364512 0.1140682 0.0000000 0.1574456 0.1622250 0.0000010 0.1564159 0.1564159 0.1564159 1.1851223 0.3299642 
353407_Noatok                  0.0363010 0.0363010 0.0364469 0.1157073 0.0363010 0.1574456 0.0000000 0.0771423 0.1574456 0.0745930 0.0745930 0.0745930 0.9898075 0.2232604 
353410_Horizon_Lake            0.0373069 0.0373069 0.1185742 0.1191366 0.0373069 0.1622250 0.0771423 0.0000000 0.1622250 0.0767217 0.0767217 0.0767217 1.0575894 0.2309867 
92319_Little_Lost              0.1140682 0.1140682 0.2016296 0.0364512 0.1140682 0.0000010 0.1574456 0.1622250 0.0000000 0.1564159 0.1564159 0.1564159 1.1851223 0.3299642 
GCA016432855_Lake_Trout        0.0361307 0.0361307 0.1145020 0.1150242 0.0361307 0.1564159 0.0745930 0.0767217 0.1564159 0.0000000 0.0742022 0.0742022 0.9605670 0.2214011 
GCA036784925_Maine_S_alpinus   0.0361307 0.0361307 0.1145020 0.1150242 0.0361307 0.1564159 0.0745930 0.0767217 0.1564159 0.0742022 0.0000000 0.0000010 0.9605670 0.2214011 
GCA045679555_Iceland_A_alpinus 0.0361307 0.0361307 0.1145020 0.1150242 0.0361307 0.1564159 0.0745930 0.0767217 0.1564159 0.0742022 0.0000010 0.0000000 0.9605670 0.2214011 
GCF013265735_Rainbow_Trout     0.8622542 0.8622542 1.0813212 1.0900911 0.8622542 1.1851223 0.9898075 1.0575894 1.1851223 0.9605670 0.9605670 0.9605670 0.0000000 1.4567971 
GCF029448725_Brook_Trout       0.1718212 0.1718212 0.2749050 0.2765214 0.1718212 0.3299642 0.2232604 0.2309867 0.3299642 0.2214011 0.2214011 0.2214011 1.4567971 0.0000000 
