17
251140_Ward_Creek              0.0000000 1.3125037 0.0000010 1.0444098 1.0444098 0.0000010 1.3125037 2.6958395 3.2537020 2.6958395 2.2139379 1.0444098 1.5290537 1.0444098 1.4075159 3.8898852 1.6359294 
260512_Pybus_Point             1.3125037 0.0000000 1.2562555 0.9478866 0.9478866 1.4695839 0.0000010 2.3208671 2.5212328 2.3208671 2.5212328 1.4109565 1.5734261 1.4109565 1.5007842 3.4130145 1.6488471 
261935_Kenai_River             0.0000010 1.2562555 0.0000000 0.9478866 0.9478866 1.2514412 1.2562555 2.3208671 2.5212328 2.3208671 2.1874602 1.4109565 1.5734261 1.4109565 1.5007842 3.4130145 1.6488471 
353213_Cropley_Lake            1.0444098 0.9478866 0.9478866 0.0000000 0.0000010 1.4109565 0.9478866 2.5203900 2.8365791 2.5203900 2.3208671 1.2524987 1.5668111 1.2524987 1.4697273 3.6273010 1.6547125 
353219_Peterson_Creek          1.0444098 0.9478866 0.9478866 0.0000010 0.0000000 1.4109565 0.9478866 2.5203900 2.8365791 2.5203900 2.3208671 1.2524987 1.5668111 1.2524987 1.4697273 3.6273010 1.6547125 
353220_Fish_Creek              0.0000010 1.4695839 1.2514412 1.4109565 1.4109565 0.0000000 1.4695839 2.6374899 3.1623673 2.6374899 2.0977365 0.9523262 1.5013373 0.9523262 1.3697389 3.8583612 1.6185070 
353246_Cottonwood_Creek        1.3125037 0.0000010 1.2562555 0.9478866 0.9478866 1.4695839 0.0000000 2.3208671 2.5212328 2.3208671 2.5212328 1.4109565 1.5734261 1.4109565 1.5007842 3.4130145 1.6488471 
353379_Skagit_River            2.6958395 2.3208671 2.3208671 2.5203900 2.5203900 2.6374899 2.3208671 0.0000000 0.9468295 0.0000010 1.5512050 3.1599492 8.9999985 3.1599492 3.1599492 4.3811615 2.5184665 
353381_Dungeness_River         3.2537020 2.5212328 2.5212328 2.8365791 2.8365791 3.1623673 2.5212328 0.9468295 0.0000000 0.9468295 1.5625539 4.3063302 4.3066699 4.3063302 2.6374899 3.8929787 2.3197398 
353401_Peace_River             2.6958395 2.3208671 2.3208671 2.5203900 2.5203900 2.6374899 2.3208671 0.0000010 0.9468295 0.0000000 1.5512050 3.1599492 8.9999985 3.1599492 3.1599492 4.3811615 2.5184665 
353407_Noatok                  2.2139379 2.5212328 2.1874602 2.3208671 2.3208671 2.0977365 2.5212328 1.5512050 1.5625539 1.5512050 0.0000000 2.1807266 2.3197398 2.1807266 2.1807266 2.9966089 2.1010496 
353410_Horizon_Lake            1.0444098 1.4109565 1.4109565 1.2524987 1.2524987 0.9523262 1.4109565 3.1599492 4.3063302 3.1599492 2.1807266 0.0000000 1.4705157 0.0000010 1.2586965 4.1966071 1.6207844 
GCA016432855_Lake_Trout        1.5290537 1.5734261 1.5734261 1.5668111 1.5668111 1.5013373 1.5734261 8.9999985 4.3066699 8.9999985 2.3197398 1.4705157 0.0000000 1.4705157 1.4705157 5.3025466 1.5672207 
GCA036784925_Maine_S_alpinus   1.0444098 1.4109565 1.4109565 1.2524987 1.2524987 0.9523262 1.4109565 3.1599492 4.3063302 3.1599492 2.1807266 0.0000010 1.4705157 0.0000000 1.2586965 4.1966071 1.6207844 
GCA045679555_Iceland_A_alpinus 1.4075159 1.5007842 1.5007842 1.4697273 1.4697273 1.3697389 1.5007842 3.1599492 2.6374899 3.1599492 2.1807266 1.2586965 1.4705157 1.2586965 0.0000000 4.1966071 1.6207844 
GCF013265735_Rainbow_Trout     3.8898852 3.4130145 3.4130145 3.6273010 3.6273010 3.8583612 3.4130145 4.3811615 3.8929787 4.3811615 2.9966089 4.1966071 5.3025466 4.1966071 4.1966071 0.0000000 5.3025466 
GCF029448725_Brook_Trout       1.6359294 1.6488471 1.6488471 1.6547125 1.6547125 1.6185070 1.6488471 2.5184665 2.3197398 2.5184665 2.1010496 1.6207844 1.5672207 1.6207844 1.6207844 5.3025466 0.0000000 
