16
251140_Ward_Creek              0.0000000 0.0092557 0.0000010 0.0092557 0.0092987 0.0883264 0.0416427 0.0680306 0.0186951 0.0580618 0.0680306 0.0993702 0.0657167 0.0657167 0.3254555 0.3741892 
260512_Pybus_Point             0.0092557 0.0000000 0.0092557 0.0000010 0.0186951 0.0781163 0.0275701 0.0580223 0.0093040 0.0481456 0.0580223 0.0889768 0.0544595 0.0544595 0.3122969 0.3596011 
261935_Kenai_River             0.0000010 0.0092557 0.0000000 0.0092557 0.0092987 0.0883264 0.0416427 0.0680306 0.0186951 0.0580618 0.0680306 0.0993702 0.0657167 0.0657167 0.3254555 0.3741892 
353219_Peterson_Creek          0.0092557 0.0000010 0.0092557 0.0000000 0.0186951 0.0781163 0.0275701 0.0580223 0.0093040 0.0481456 0.0580223 0.0889768 0.0544595 0.0544595 0.3122969 0.3596011 
353246_Cottonwood_Creek        0.0092987 0.0186951 0.0092987 0.0186951 0.0000000 0.0777172 0.0563618 0.0577286 0.0092586 0.0479037 0.0577286 0.0885169 0.0541491 0.0541491 0.3104820 0.3573420 
353379_Skagit_River            0.0883264 0.0781163 0.0883264 0.0781163 0.0777172 0.0000000 0.1507422 0.0185435 0.0676643 0.0672686 0.0185435 0.0878870 0.0760664 0.0760664 0.3339788 0.3543298 
353381_Dungeness_River         0.0416427 0.0275701 0.0416427 0.0275701 0.0563618 0.1507422 0.0000000 0.1187785 0.0419721 0.1032368 0.1187785 0.1690119 0.1255099 0.1255099 0.5394139 0.6894722 
353401_Peace_River             0.0680306 0.0580223 0.0680306 0.0580223 0.0577286 0.0185435 0.1187785 0.0000000 0.0478715 0.0475945 0.0000010 0.0676979 0.0537543 0.0537543 0.3081479 0.3265200 
353407_Noatok                  0.0186951 0.0093040 0.0186951 0.0093040 0.0092586 0.0676643 0.0419721 0.0478715 0.0000000 0.0381363 0.0478715 0.0782858 0.0430821 0.0430821 0.2975792 0.3430745 
353410_Horizon_Lake            0.0580618 0.0481456 0.0580618 0.0481456 0.0479037 0.0672686 0.1032368 0.0475945 0.0381363 0.0000000 0.0475945 0.0778222 0.0000010 0.0000010 0.2955709 0.3405692 
92319_Little_Lost              0.0680306 0.0580223 0.0680306 0.0580223 0.0577286 0.0185435 0.1187785 0.0000010 0.0478715 0.0475945 0.0000000 0.0676979 0.0537543 0.0537543 0.3081479 0.3265200 
GCA016432855_Lake_Trout        0.0993702 0.0889768 0.0993702 0.0889768 0.0885169 0.0878870 0.1690119 0.0676979 0.0782858 0.0778222 0.0676979 0.0000000 0.0881384 0.0881384 0.2975792 0.3152769 
GCA036784925_Maine_S_alpinus   0.0657167 0.0544595 0.0657167 0.0544595 0.0541491 0.0760664 0.1255099 0.0537543 0.0430821 0.0000010 0.0537543 0.0881384 0.0000000 0.0000010 0.3257898 0.3970193 
GCA045679555_Iceland_A_alpinus 0.0657167 0.0544595 0.0657167 0.0544595 0.0541491 0.0760664 0.1255099 0.0537543 0.0430821 0.0000010 0.0537543 0.0881384 0.0000010 0.0000000 0.3257898 0.3970193 
GCF013265735_Rainbow_Trout     0.3254555 0.3122969 0.3254555 0.3122969 0.3104820 0.3339788 0.5394139 0.3081479 0.2975792 0.2955709 0.3081479 0.2975792 0.3257898 0.3257898 0.0000000 0.6669887 
GCF029448725_Brook_Trout       0.3741892 0.3596011 0.3741892 0.3596011 0.3573420 0.3543298 0.6894722 0.3265200 0.3430745 0.3405692 0.3265200 0.3152769 0.3970193 0.3970193 0.6669887 0.0000000 
