16
251140_Ward_Creek              0.0000000 0.0000010 0.0029997 0.0029997 0.0092855 0.0254343 9.0000000 0.0286525 0.0061787 0.0060103 0.0286525 0.0155699 0.0093013 0.0093013 0.0655724 0.0158153 
260512_Pybus_Point             0.0000010 0.0000000 0.0029997 0.0029997 0.0092855 0.0254343 9.0000000 0.0286525 0.0061787 0.0060103 0.0286525 0.0155699 0.0093013 0.0093013 0.0655724 0.0158153 
353213_Cropley_Lake            0.0029997 0.0029997 0.0000000 0.0060069 0.0123967 0.0286517 9.0000000 0.0318787 0.0092800 0.0090267 0.0318787 0.0187083 0.0124179 0.0124179 0.0689472 0.0190035 
353219_Peterson_Creek          0.0029997 0.0029997 0.0060069 0.0000000 0.0123967 0.0286517 9.0000000 0.0318787 0.0092800 0.0090267 0.0318787 0.0187083 0.0124179 0.0124179 0.0689472 0.0190035 
353246_Cottonwood_Creek        0.0092855 0.0092855 0.0123967 0.0123967 0.0000000 0.0286366 9.0000000 0.0318619 0.0030818 0.0155252 0.0318619 0.0186986 0.0061860 0.0061860 0.0702777 0.0189935 
353379_Skagit_River            0.0254343 0.0254343 0.0286517 0.0286517 0.0286366 0.0000000 9.0000000 0.0031317 0.0254054 0.0318974 0.0031317 0.0222273 0.0286871 0.0286871 0.0736799 0.0221750 
353381_Dungeness_River         9.0000000 9.0000000 9.0000000 9.0000000 9.0000000 9.0000000 0.0000000 9.0000000 9.0000000 9.0000000 9.0000000 9.0000000 9.0000000 9.0000000 9.0000000 9.0000000 
353401_Peace_River             0.0286525 0.0286525 0.0318787 0.0318787 0.0318619 0.0031317 9.0000000 0.0000000 0.0286199 0.0351352 0.0000010 0.0254372 0.0319182 0.0319182 0.0736799 0.0253772 
353407_Noatok                  0.0061787 0.0061787 0.0092800 0.0092800 0.0030818 0.0254054 9.0000000 0.0286199 0.0000000 0.0123967 0.0286199 0.0155526 0.0092910 0.0092910 0.0667919 0.0157975 
353410_Horizon_Lake            0.0060103 0.0060103 0.0090267 0.0090267 0.0155252 0.0318974 9.0000000 0.0351352 0.0123967 0.0000000 0.0351352 0.0218681 0.0155518 0.0155518 0.0723785 0.0222137 
92319_Little_Lost              0.0286525 0.0286525 0.0318787 0.0318787 0.0318619 0.0031317 9.0000000 0.0000010 0.0286199 0.0351352 0.0000000 0.0254372 0.0319182 0.0319182 0.0736799 0.0253772 
GCA016432855_Lake_Trout        0.0155699 0.0155699 0.0187083 0.0187083 0.0186986 0.0222273 9.0000000 0.0254372 0.0155526 0.0218681 0.0254372 0.0000000 0.0187308 0.0187308 0.0634457 0.0126366 
GCA036784925_Maine_S_alpinus   0.0093013 0.0093013 0.0124179 0.0124179 0.0061860 0.0286871 9.0000000 0.0319182 0.0092910 0.0155518 0.0319182 0.0187308 0.0000000 0.0000010 0.0704098 0.0190268 
GCA045679555_Iceland_A_alpinus 0.0093013 0.0093013 0.0124179 0.0124179 0.0061860 0.0286871 9.0000000 0.0319182 0.0092910 0.0155518 0.0319182 0.0187308 0.0000010 0.0000000 0.0704098 0.0190268 
GCF013265735_Rainbow_Trout     0.0655724 0.0655724 0.0689472 0.0689472 0.0702777 0.0736799 9.0000000 0.0736799 0.0667919 0.0723785 0.0736799 0.0634457 0.0704098 0.0704098 0.0000000 0.0632864 
GCF029448725_Brook_Trout       0.0158153 0.0158153 0.0190035 0.0190035 0.0189935 0.0221750 9.0000000 0.0253772 0.0157975 0.0222137 0.0253772 0.0126366 0.0190268 0.0190268 0.0632864 0.0000000 
