17
251140_Ward_Creek              0.0000000 0.0019512 0.0117901 0.0000010 0.0019512 0.0078506 0.0177756 0.0145518 0.0177756 0.0117983 0.0039090 0.0991541 0.0197565 0.0039118 0.0019526 0.1770442 0.0197704 
260512_Pybus_Point             0.0019512 0.0000000 0.0098153 0.0019512 0.0039063 0.0078506 0.0157847 0.0124599 0.0157847 0.0098222 0.0058693 0.0949902 0.0177630 0.0058734 0.0039090 0.1744938 0.0177756 
261935_Kenai_River             0.0117901 0.0098153 0.0000000 0.0117901 0.0137687 0.0104907 0.0098153 0.0208854 0.0098153 0.0039090 0.0078390 0.0822535 0.0117818 0.0157736 0.0137784 0.1614345 0.0117901 
353213_Cropley_Lake            0.0000010 0.0019512 0.0117901 0.0000000 0.0019512 0.0078506 0.0177756 0.0145518 0.0177756 0.0117983 0.0039090 0.0991541 0.0197565 0.0039118 0.0019526 0.1770442 0.0197704 
353219_Peterson_Creek          0.0019512 0.0039063 0.0137687 0.0019512 0.0000000 0.0104807 0.0197704 0.0124599 0.0197704 0.0137784 0.0058693 0.1033358 0.0217539 0.0058734 0.0039090 0.1796012 0.0217693 
353246_Cottonwood_Creek        0.0078506 0.0078506 0.0104907 0.0078506 0.0104807 0.0000000 0.0184848 0.0256658 0.0184848 0.0078580 0.0078580 0.1493977 0.0211344 0.0131438 0.0104907 0.2225655 0.0211544 
353379_Skagit_River            0.0177756 0.0157847 0.0098153 0.0177756 0.0197704 0.0184848 0.0000000 0.0251534 0.0000010 0.0098222 0.0137881 0.0698794 0.0137687 0.0177756 0.0157736 0.1691274 0.0137784 
353381_Dungeness_River         0.0145518 0.0124599 0.0208854 0.0145518 0.0124599 0.0256658 0.0251534 0.0000000 0.0251534 0.0209010 0.0166482 0.1256812 0.0272581 0.0166606 0.0145518 0.1891485 0.0272786 
353401_Peace_River             0.0177756 0.0157847 0.0098153 0.0177756 0.0197704 0.0184848 0.0000010 0.0251534 0.0000000 0.0098222 0.0137881 0.0698794 0.0137687 0.0177756 0.0157736 0.1691274 0.0137784 
353407_Noatok                  0.0117983 0.0098222 0.0039090 0.0117983 0.0137784 0.0078580 0.0098222 0.0209010 0.0098222 0.0000000 0.0078445 0.0823696 0.0117901 0.0157847 0.0137881 0.1666018 0.0117983 
353410_Horizon_Lake            0.0039090 0.0058693 0.0078390 0.0039090 0.0058693 0.0078580 0.0137881 0.0166482 0.0137881 0.0078445 0.0000000 0.0907139 0.0157625 0.0078445 0.0058734 0.1718041 0.0157736 
92319_Little_Lost              0.0991541 0.0949902 0.0822535 0.0991541 0.1033358 0.1493977 0.0698794 0.1256812 0.0698794 0.0823696 0.0907139 0.0000000 0.0821377 0.0948549 0.0948549 0.4725794 0.0905851 
GCA016432855_Lake_Trout        0.0197565 0.0177630 0.0117818 0.0197565 0.0217539 0.0211344 0.0137687 0.0272581 0.0137687 0.0117901 0.0157625 0.0821377 0.0000000 0.0197565 0.0177505 0.1689850 0.0157514 
GCA036784925_Maine_S_alpinus   0.0039118 0.0058734 0.0157736 0.0039118 0.0058734 0.0131438 0.0177756 0.0166606 0.0177756 0.0157847 0.0078445 0.0948549 0.0197565 0.0000000 0.0019526 0.1770442 0.0197704 
GCA045679555_Iceland_A_alpinus 0.0019526 0.0039090 0.0137784 0.0019526 0.0039090 0.0104907 0.0157736 0.0145518 0.0157736 0.0137881 0.0058734 0.0948549 0.0177505 0.0019526 0.0000000 0.1743462 0.0177630 
GCF013265735_Rainbow_Trout     0.1770442 0.1744938 0.1614345 0.1770442 0.1796012 0.2225655 0.1691274 0.1891485 0.1691274 0.1666018 0.1718041 0.4725794 0.1689850 0.1770442 0.1743462 0.0000000 0.1688429 
GCF029448725_Brook_Trout       0.0197704 0.0177756 0.0117901 0.0197704 0.0217693 0.0211544 0.0137784 0.0272786 0.0137784 0.0117983 0.0157736 0.0905851 0.0157514 0.0197704 0.0177630 0.1688429 0.0000000 
