17
251140_Ward_Creek              0.0000000 0.0148065 0.0000010 0.0148065 0.0073508 0.0707833 0.0222920 0.0707833 0.0147557 0.0073508 0.0792582 0.0707833 0.0786723 0.0148065 1.6106745 0.0786723 0.0707833 
260512_Pybus_Point             0.0148065 0.0000000 0.0148065 0.0000010 0.0073508 0.0707833 0.0073258 0.0707833 0.0147557 0.0073508 0.0792582 0.0707833 0.0786723 0.0148065 1.4094872 0.0786723 0.0707833 
261935_Kenai_River             0.0000010 0.0148065 0.0000000 0.0148065 0.0073508 0.0707833 0.0222920 0.0707833 0.0147557 0.0073508 0.0792582 0.0707833 0.0786723 0.0148065 1.6106745 0.0786723 0.0707833 
353219_Peterson_Creek          0.0148065 0.0000010 0.0148065 0.0000000 0.0073508 0.0707833 0.0073258 0.0707833 0.0147557 0.0073508 0.0792582 0.0707833 0.0786723 0.0148065 1.4094872 0.0786723 0.0707833 
353246_Cottonwood_Creek        0.0073508 0.0073508 0.0073508 0.0073508 0.0000000 0.0624392 0.0147557 0.0624392 0.0073258 0.0000010 0.0707833 0.0624392 0.0702654 0.0073508 1.4094872 0.0702654 0.0624392 
353379_Skagit_River            0.0707833 0.0707833 0.0707833 0.0707833 0.0624392 0.0000000 0.0789645 0.0000010 0.0705234 0.0624392 0.0227201 0.0150370 0.0538323 0.0707833 1.1774621 0.0697551 0.0150370 
353381_Dungeness_River         0.0222920 0.0073258 0.0222920 0.0073258 0.0147557 0.0789645 0.0000000 0.0789645 0.0222150 0.0147557 0.0875387 0.0789645 0.0868889 0.0222920 1.5296555 0.0868889 0.0789645 
353401_Peace_River             0.0707833 0.0707833 0.0707833 0.0707833 0.0624392 0.0000010 0.0789645 0.0000000 0.0705234 0.0624392 0.0227201 0.0150370 0.0538323 0.0707833 1.1774621 0.0697551 0.0150370 
353407_Noatok                  0.0147557 0.0147557 0.0147557 0.0147557 0.0073258 0.0705234 0.0222150 0.0705234 0.0000000 0.0073258 0.0789645 0.0705234 0.0783836 0.0147557 1.5296555 0.0783836 0.0705234 
353410_Horizon_Lake            0.0073508 0.0073508 0.0073508 0.0073508 0.0000010 0.0624392 0.0147557 0.0624392 0.0073258 0.0000000 0.0707833 0.0624392 0.0702654 0.0073508 1.4094872 0.0702654 0.0624392 
92319_Little_Lost              0.0792582 0.0792582 0.0792582 0.0792582 0.0707833 0.0227201 0.0875387 0.0227201 0.0789645 0.0707833 0.0000000 0.0075161 0.0619863 0.0792582 1.3350442 0.0780965 0.0075161 
94280_St_Joe                   0.0707833 0.0707833 0.0707833 0.0707833 0.0624392 0.0150370 0.0789645 0.0150370 0.0705234 0.0624392 0.0075161 0.0000000 0.0538323 0.0707833 1.1774621 0.0697551 0.0000010 
GCA016432855_Lake_Trout        0.0786723 0.0786723 0.0786723 0.0786723 0.0702654 0.0538323 0.0868889 0.0538323 0.0783836 0.0702654 0.0619863 0.0538323 0.0000000 0.0786723 1.0815953 0.0303010 0.0538323 
GCA045679555_Iceland_A_alpinus 0.0148065 0.0148065 0.0148065 0.0148065 0.0073508 0.0707833 0.0222920 0.0707833 0.0147557 0.0073508 0.0792582 0.0707833 0.0786723 0.0000000 1.4094872 0.0786723 0.0707833 
GCF013265735_Rainbow_Trout     1.6106745 1.4094872 1.6106745 1.4094872 1.4094872 1.1774621 1.5296555 1.1774621 1.5296555 1.4094872 1.3350442 1.1774621 1.0815953 1.4094872 0.0000000 1.2799567 1.1774621 
GCF029448725_Brook_Trout       0.0786723 0.0786723 0.0786723 0.0786723 0.0702654 0.0697551 0.0868889 0.0697551 0.0783836 0.0702654 0.0780965 0.0697551 0.0303010 0.0786723 1.2799567 0.0000000 0.0697551 
Methow_River_99895             0.0707833 0.0707833 0.0707833 0.0707833 0.0624392 0.0150370 0.0789645 0.0150370 0.0705234 0.0624392 0.0075161 0.0000010 0.0538323 0.0707833 1.1774621 0.0697551 0.0000000 
