12
251140_Ward_Creek          0.0000000 0.0000010 0.0131585 0.0065575 0.0131585 0.0000010 0.0131585 0.0264925 0.2379177 0.0401475 0.0977243 0.0332279 
260512_Pybus_Point         0.0000010 0.0000000 0.0131585 0.0065575 0.0131585 0.0000010 0.0131585 0.0264925 0.2379177 0.0401475 0.0977243 0.0332279 
261935_Kenai_River         0.0131585 0.0131585 0.0000000 0.0198034 0.0131585 0.0250025 0.0131585 0.0131585 0.2379177 0.0401475 0.0977243 0.0332279 
353246_Cottonwood_Creek    0.0065575 0.0065575 0.0198034 0.0000000 0.0198034 0.0124229 0.0198034 0.0332279 0.2507811 0.0469985 0.1050837 0.0400082 
353379_Skagit_River        0.0131585 0.0131585 0.0131585 0.0198034 0.0000000 0.0124229 0.0000010 0.0131585 0.2126645 0.0265840 0.0831639 0.0198034 
353381_Dungeness_River     0.0000010 0.0000010 0.0250025 0.0124229 0.0124229 0.0000000 0.0124229 0.0377424 1.3325689 0.0641471 0.1345617 0.0506475 
353401_Peace_River         0.0131585 0.0131585 0.0131585 0.0198034 0.0000010 0.0124229 0.0000000 0.0131585 0.2126645 0.0265840 0.0831639 0.0198034 
353407_Noatok              0.0264925 0.0264925 0.0131585 0.0332279 0.0131585 0.0377424 0.0131585 0.0000000 0.2379177 0.0401475 0.0977243 0.0332279 
92319_Little_Lost          0.2379177 0.2379177 0.2379177 0.2507811 0.2126645 1.3325689 0.2126645 0.2379177 0.0000000 0.2523488 0.3575132 0.2379177 
GCA016432855_Lake_Trout    0.0401475 0.0401475 0.0401475 0.0469985 0.0265840 0.0641471 0.0265840 0.0401475 0.2523488 0.0000000 0.0834675 0.0198714 
GCF013265735_Rainbow_Trout 0.0977243 0.0977243 0.0977243 0.1050837 0.0831639 0.1345617 0.0831639 0.0977243 0.3575132 0.0834675 0.0000000 0.0904183 
GCF029448725_Brook_Trout   0.0332279 0.0332279 0.0332279 0.0400082 0.0198034 0.0506475 0.0198034 0.0332279 0.2379177 0.0198714 0.0904183 0.0000000 
