12
251140_Ward_Creek            0.0000000 0.0000010 0.0517446 0.0254261 0.1167400 0.1167400 0.1167400 0.0858078 0.2550618 0.0858078 1.7417908 0.2940315 
260512_Pybus_Point           0.0000010 0.0000000 0.0517446 0.0254261 0.1167400 0.1167400 0.1167400 0.0858078 0.2550618 0.0858078 1.7417908 0.2940315 
261935_Kenai_River           0.0517446 0.0517446 0.0000000 0.0790202 0.1827166 0.1827166 0.1827166 0.1490030 0.3351377 0.1490030 2.9488692 0.3786281 
353246_Cottonwood_Creek      0.0254261 0.0254261 0.0790202 0.0000000 0.1490030 0.1490030 0.0858078 0.1167400 0.2940315 0.1167400 2.1249100 0.3351377 
353379_Skagit_River          0.1167400 0.1167400 0.1827166 0.1490030 0.0000000 0.0000010 0.0561009 0.0275260 0.2180172 0.0275260 1.3009508 0.2180172 
353401_Peace_River           0.1167400 0.1167400 0.1827166 0.1490030 0.0000010 0.0000000 0.0561009 0.0275260 0.2180172 0.0275260 1.3009508 0.2180172 
353407_Noatok                0.1167400 0.1167400 0.1827166 0.0858078 0.0561009 0.0561009 0.0000000 0.0275260 0.2180172 0.0275260 1.3009508 0.2180172 
353410_Horizon_Lake          0.0858078 0.0858078 0.1490030 0.1167400 0.0275260 0.0275260 0.0275260 0.0000000 0.1827166 0.0000010 1.1504478 0.1827166 
GCA016432855_Lake_Trout      0.2550618 0.2550618 0.3351377 0.2940315 0.2180172 0.2180172 0.2180172 0.1827166 0.0000000 0.1827166 2.1249100 0.3351377 
GCA036784925_Maine_S_alpinus 0.0858078 0.0858078 0.1490030 0.1167400 0.0275260 0.0275260 0.0275260 0.0000010 0.1827166 0.0000000 1.1504478 0.1827166 
GCF013265735_Rainbow_Trout   1.7417908 1.7417908 2.9488692 2.1249100 1.3009508 1.3009508 1.3009508 1.1504478 2.1249100 1.1504478 0.0000000 1.1504478 
GCF029448725_Brook_Trout     0.2940315 0.2940315 0.3786281 0.3351377 0.2180172 0.2180172 0.2180172 0.1827166 0.3351377 0.1827166 1.1504478 0.0000000 
