15
251140_Ward_Creek          0.0000000 0.0018132 5.0026552 0.0018132 0.0018132 0.0018132 0.0023668 0.0000010 0.1211020 0.0000010 0.0000010 0.0000010 0.0000010 0.0169456 0.0023668 
260512_Pybus_Point         0.0018132 0.0000000 5.0026552 0.0000010 0.0000010 0.0000010 0.0023668 0.0000010 0.1188855 0.0000010 0.0000010 0.0000010 0.0000010 0.0169456 0.0023668 
261935_Kenai_River         5.0026552 5.0026552 0.0000000 5.0026552 5.0026552 5.0026552 9.0000000 9.0000000 5.6526082 9.0000000 9.0000000 9.0000000 9.0000000 9.0000000 9.0000000 
353213_Cropley_Lake        0.0018132 0.0000010 5.0026552 0.0000000 0.0000010 0.0000010 0.0023668 0.0000010 0.1056466 0.0000010 0.0000010 0.0000010 0.0000010 0.0190639 0.0020725 
353219_Peterson_Creek      0.0018132 0.0000010 5.0026552 0.0000010 0.0000000 0.0000010 0.0023668 0.0000010 0.1188855 0.0000010 0.0000010 0.0000010 0.0000010 0.0169456 0.0023668 
353220_Fish_Creek          0.0018132 0.0000010 5.0026552 0.0000010 0.0000010 0.0000000 0.0023668 0.0000010 0.1056466 0.0000010 0.0000010 0.0000010 0.0000010 0.0190639 0.0020725 
353246_Cottonwood_Creek    0.0023668 0.0023668 9.0000000 0.0023668 0.0023668 0.0023668 0.0000000 0.0023668 0.1658760 0.0023668 0.0023668 0.0023668 0.0023668 0.0193898 0.0047392 
353379_Skagit_River        0.0000010 0.0000010 9.0000000 0.0000010 0.0000010 0.0000010 0.0023668 0.0000000 0.1389119 0.0000010 0.0000010 0.0000010 0.0000010 0.0190639 0.0020725 
353381_Dungeness_River     0.1211020 0.1188855 5.6526082 0.1056466 0.1188855 0.1056466 0.1658760 0.1389119 0.0000000 0.1389119 0.1627709 0.1627709 0.1389119 0.1653506 0.1415291 
353401_Peace_River         0.0000010 0.0000010 9.0000000 0.0000010 0.0000010 0.0000010 0.0023668 0.0000010 0.1389119 0.0000000 0.0000010 0.0000010 0.0000010 0.0190639 0.0020725 
353407_Noatok              0.0000010 0.0000010 9.0000000 0.0000010 0.0000010 0.0000010 0.0023668 0.0000010 0.1627709 0.0000010 0.0000000 0.0000010 0.0000010 0.0169456 0.0023668 
353410_Horizon_Lake        0.0000010 0.0000010 9.0000000 0.0000010 0.0000010 0.0000010 0.0023668 0.0000010 0.1627709 0.0000010 0.0000010 0.0000000 0.0000010 0.0169456 0.0023668 
92319_Little_Lost          0.0000010 0.0000010 9.0000000 0.0000010 0.0000010 0.0000010 0.0023668 0.0000010 0.1389119 0.0000010 0.0000010 0.0000010 0.0000000 0.0190639 0.0020725 
GCF013265735_Rainbow_Trout 0.0169456 0.0169456 9.0000000 0.0190639 0.0169456 0.0190639 0.0193898 0.0190639 0.1653506 0.0190639 0.0169456 0.0169456 0.0190639 0.0000000 0.0212042 
GCF029448725_Brook_Trout   0.0023668 0.0023668 9.0000000 0.0020725 0.0023668 0.0020725 0.0047392 0.0020725 0.1415291 0.0020725 0.0023668 0.0023668 0.0020725 0.0212042 0.0000000 
