18
251140_Ward_Creek              0.0000000 0.0156211 0.1561954 0.0026381 0.0244469 0.0244469 0.0316360 0.0845724 0.0927013 0.0845724 0.1683949 0.0564275 0.0818713 0.0393228 0.0314209 0.0278854 0.1157950 0.0221502 
260512_Pybus_Point             0.0156211 0.0000000 0.2042611 0.0177339 0.0582953 0.0582953 0.0587628 0.0773388 0.0539302 0.0773388 0.2015468 0.0482756 0.1067994 0.0684583 0.0582953 0.0524696 0.1055062 0.0373901 
261935_Kenai_River             0.1561954 0.2042611 0.0000000 0.1466944 0.2277689 0.2277689 0.2329782 0.2076790 0.7994915 0.2076790 0.0423365 0.1610732 0.2818544 0.2385898 0.2333481 0.2277689 0.2481583 0.1915218 
353213_Cropley_Lake            0.0026381 0.0177339 0.1466944 0.0000000 0.0244469 0.0244469 0.0316360 0.0845724 0.0982304 0.0845724 0.1683949 0.0564275 0.0818713 0.0393228 0.0314209 0.0278854 0.1157950 0.0221502 
353219_Peterson_Creek          0.0244469 0.0582953 0.2277689 0.0244469 0.0000000 0.0000010 0.0120102 0.0526367 0.0331414 0.0526367 0.1195824 0.0287089 0.0465555 0.0194187 0.0119365 0.0091668 0.1180683 0.0539261 
353220_Fish_Creek              0.0244469 0.0582953 0.2277689 0.0244469 0.0000010 0.0000000 0.0120102 0.0526367 0.0331414 0.0526367 0.1195824 0.0287089 0.0465555 0.0194187 0.0119365 0.0091668 0.1180683 0.0539261 
353246_Cottonwood_Creek        0.0316360 0.0587628 0.2329782 0.0316360 0.0120102 0.0120102 0.0000000 0.0428869 0.0267735 0.0428869 0.0977129 0.0238515 0.0360281 0.0093392 0.0025529 0.0025529 0.1030081 0.0403751 
353379_Skagit_River            0.0845724 0.0773388 0.2076790 0.0845724 0.0526367 0.0526367 0.0428869 0.0000000 0.0260825 0.0000010 0.0970407 0.0169611 0.0014695 0.0465310 0.0426081 0.0426081 0.0808507 0.0888814 
353381_Dungeness_River         0.0927013 0.0539302 0.7994915 0.0982304 0.0331414 0.0331414 0.0267735 0.0260825 0.0000000 0.0260825 0.1661860 0.0024620 0.0418324 0.0371020 0.0264242 0.0200310 0.1137297 0.1229354 
353401_Peace_River             0.0845724 0.0773388 0.2076790 0.0845724 0.0526367 0.0526367 0.0428869 0.0000010 0.0260825 0.0000000 0.0970407 0.0169611 0.0014695 0.0465310 0.0426081 0.0426081 0.0808507 0.0888814 
353407_Noatok                  0.1683949 0.2015468 0.0423365 0.1683949 0.1195824 0.1195824 0.0977129 0.0970407 0.1661860 0.0970407 0.0000000 0.0631135 0.1234224 0.1136909 0.1039454 0.0980444 0.1750006 0.1808001 
353410_Horizon_Lake            0.0564275 0.0482756 0.1610732 0.0564275 0.0287089 0.0287089 0.0238515 0.0169611 0.0024620 0.0169611 0.0631135 0.0000000 0.0216796 0.0308355 0.0236917 0.0204551 0.0634575 0.0709978 
92319_Little_Lost              0.0818713 0.1067994 0.2818544 0.0818713 0.0465555 0.0465555 0.0360281 0.0014695 0.0418324 0.0014695 0.1234224 0.0216796 0.0000000 0.0399670 0.0357563 0.0357563 0.1024742 0.0869169 
GCA016432855_Lake_Trout        0.0393228 0.0684583 0.2385898 0.0393228 0.0194187 0.0194187 0.0093392 0.0465310 0.0371020 0.0465310 0.1136909 0.0308355 0.0399670 0.0000000 0.0092811 0.0092811 0.1027023 0.0345944 
GCA036784925_Maine_S_alpinus   0.0314209 0.0582953 0.2333481 0.0314209 0.0119365 0.0119365 0.0025529 0.0426081 0.0264242 0.0426081 0.1039454 0.0236917 0.0357563 0.0092811 0.0000000 0.0025376 0.1027023 0.0401125 
GCA045679555_Iceland_A_alpinus 0.0278854 0.0524696 0.2277689 0.0278854 0.0091668 0.0091668 0.0025529 0.0426081 0.0200310 0.0426081 0.0980444 0.0204551 0.0357563 0.0092811 0.0025376 0.0000000 0.1027023 0.0401125 
GCF013265735_Rainbow_Trout     0.1157950 0.1055062 0.2481583 0.1157950 0.1180683 0.1180683 0.1030081 0.0808507 0.1137297 0.0808507 0.1750006 0.0634575 0.1024742 0.1027023 0.1027023 0.1027023 0.0000000 0.1161100 
GCF029448725_Brook_Trout       0.0221502 0.0373901 0.1915218 0.0221502 0.0539261 0.0539261 0.0403751 0.0888814 0.1229354 0.0888814 0.1808001 0.0709978 0.0869169 0.0345944 0.0401125 0.0401125 0.1161100 0.0000000 
