12
251140_Ward_Creek            0.0000000 0.0000010 0.0373590 0.2145255 0.0438245 0.0122979 0.1951374 0.0373590 0.0438245 0.1951374 0.1107904 0.0704215 
260512_Pybus_Point           0.0000010 0.0000000 0.0373590 0.2145255 0.0438245 0.0122979 0.1951374 0.0373590 0.0438245 0.1951374 0.1107904 0.0704215 
353379_Skagit_River          0.0373590 0.0373590 0.0000000 0.2715131 0.0061300 0.0374444 0.2282929 0.0000010 0.0699282 0.2282929 0.1391097 0.0975585 
353381_Dungeness_River       0.2145255 0.2145255 0.2715131 0.0000000 0.2715131 0.2346213 1.2592329 0.2715131 0.3365442 1.2592329 0.5893518 0.4109720 
353401_Peace_River           0.0438245 0.0438245 0.0061300 0.2715131 0.0000000 0.0439253 0.2372829 0.0061300 0.0767167 0.2372829 0.1466106 0.1046700 
353407_Noatok                0.0122979 0.0122979 0.0374444 0.2346213 0.0439253 0.0000000 0.1956653 0.0374444 0.0439253 0.1956653 0.1110574 0.0705875 
353410_Horizon_Lake          0.1951374 0.1951374 0.2282929 1.2592329 0.2372829 0.1956653 0.0000000 0.2282929 0.2372829 0.0000010 0.2936440 0.2745815 
92319_Little_Lost            0.0373590 0.0373590 0.0000010 0.2715131 0.0061300 0.0374444 0.2282929 0.0000000 0.0699282 0.2282929 0.1391097 0.0975585 
GCA016432855_Lake_Trout      0.0438245 0.0438245 0.0699282 0.3365442 0.0767167 0.0439253 0.2372829 0.0699282 0.0000000 0.2372829 0.1182823 0.0249188 
GCA036784925_Maine_S_alpinus 0.1951374 0.1951374 0.2282929 1.2592329 0.2372829 0.1956653 0.0000010 0.2282929 0.2372829 0.0000000 0.2936440 0.2745815 
GCF013265735_Rainbow_Trout   0.1107904 0.1107904 0.1391097 0.5893518 0.1466106 0.1110574 0.2936440 0.1391097 0.1182823 0.2936440 0.0000000 0.1480741 
GCF029448725_Brook_Trout     0.0704215 0.0704215 0.0975585 0.4109720 0.1046700 0.0705875 0.2745815 0.0975585 0.0249188 0.2745815 0.1480741 0.0000000 
