18
251140_Ward_Creek              0.0000000 0.0007564 0.0000010 0.0028733 0.0007616 0.0175950 0.0050150 0.0318229 0.0050569 0.0021448 0.0354310 0.0185013 0.0173578 0.0035839 0.0021446 0.0847665 0.1525670 0.0185013 
260512_Pybus_Point             0.0007564 0.0000000 0.0007564 0.0038224 0.0000010 0.0199424 0.0065686 0.0209244 0.0063470 0.0030426 0.0402720 0.0209244 0.0196528 0.0045748 0.0030423 0.0926547 0.1772546 0.0209244 
261935_Kenai_River             0.0000010 0.0007564 0.0000000 0.0028733 0.0007616 0.0175950 0.0050150 0.0318229 0.0050569 0.0021448 0.0354310 0.0185013 0.0173578 0.0035839 0.0021446 0.0847665 0.1525670 0.0185013 
353219_Peterson_Creek          0.0028733 0.0038224 0.0028733 0.0000000 0.0038484 0.0213724 0.0091507 0.0359153 0.0085256 0.0050549 0.0404887 0.0222954 0.0210814 0.0065140 0.0050544 0.0794277 0.1525670 0.0222954 
353246_Cottonwood_Creek        0.0007616 0.0000010 0.0007616 0.0038484 0.0000000 0.0201114 0.0066328 0.0211020 0.0063982 0.0030632 0.0407125 0.0211020 0.0198170 0.0046058 0.0030629 0.0935994 0.1804279 0.0211020 
353379_Skagit_River            0.0175950 0.0199424 0.0175950 0.0213724 0.0201114 0.0000000 0.0312868 0.0131168 0.0157889 0.0166697 0.0137781 0.0008483 0.0232243 0.0184751 0.0166678 0.0966778 0.1740248 0.0008483 
353381_Dungeness_River         0.0050150 0.0065686 0.0050150 0.0091507 0.0066328 0.0312868 0.0000000 0.0544205 0.0141328 0.0080794 0.0675785 0.0327185 0.0279612 0.0101310 0.0080784 0.1276041 0.3691926 0.0327185 
353401_Peace_River             0.0318229 0.0209244 0.0318229 0.0359153 0.0211020 0.0131168 0.0544205 0.0000000 0.0299136 0.0308251 0.0308898 0.0122238 0.0378755 0.0327304 0.0308214 0.1149094 0.2156821 0.0122238 
353407_Noatok                  0.0050569 0.0063470 0.0050569 0.0085256 0.0063982 0.0157889 0.0141328 0.0299136 0.0000000 0.0042032 0.0330942 0.0166900 0.0155764 0.0059001 0.0042027 0.0809192 0.1520953 0.0166900 
353410_Horizon_Lake            0.0021448 0.0030426 0.0021448 0.0050549 0.0030632 0.0166697 0.0080794 0.0308251 0.0042032 0.0000000 0.0342035 0.0175721 0.0164454 0.0028608 0.0014267 0.0834420 0.1499820 0.0175721 
92319_Little_Lost              0.0354310 0.0402720 0.0354310 0.0404887 0.0407125 0.0137781 0.0675785 0.0308898 0.0330942 0.0342035 0.0000000 0.0148639 0.0429019 0.0365353 0.0341987 0.1354071 0.3352952 0.0148639 
94280_St_Joe                   0.0185013 0.0209244 0.0185013 0.0222954 0.0211020 0.0008483 0.0327185 0.0122238 0.0166900 0.0175721 0.0148639 0.0000000 0.0241528 0.0193825 0.0175701 0.0979160 0.1762749 0.0000010 
GCA016432855_Lake_Trout        0.0173578 0.0196528 0.0173578 0.0210814 0.0198170 0.0232243 0.0279612 0.0378755 0.0155764 0.0164454 0.0429019 0.0241528 0.0000000 0.0182261 0.0164435 0.0915176 0.1631585 0.0241528 
GCA036784925_Maine_S_alpinus   0.0035839 0.0045748 0.0035839 0.0065140 0.0046058 0.0184751 0.0101310 0.0327304 0.0059001 0.0028608 0.0365353 0.0193825 0.0182261 0.0000000 0.0014262 0.0857721 0.1540499 0.0193825 
GCA045679555_Iceland_A_alpinus 0.0021446 0.0030423 0.0021446 0.0050544 0.0030629 0.0166678 0.0080784 0.0308214 0.0042027 0.0014267 0.0341987 0.0175701 0.0164435 0.0014262 0.0000000 0.0834312 0.1499522 0.0175701 
GCF013265735_Rainbow_Trout     0.0847665 0.0926547 0.0847665 0.0794277 0.0935994 0.0966778 0.1276041 0.1149094 0.0809192 0.0834420 0.1354071 0.0979160 0.0915176 0.0857721 0.0834312 0.0000000 0.3353256 0.0979160 
GCF029448725_Brook_Trout       0.1525670 0.1772546 0.1525670 0.1525670 0.1804279 0.1740248 0.3691926 0.2156821 0.1520953 0.1499820 0.3352952 0.1762749 0.1631585 0.1540499 0.1499522 0.3353256 0.0000000 0.1762749 
Methow_River_99895             0.0185013 0.0209244 0.0185013 0.0222954 0.0211020 0.0008483 0.0327185 0.0122238 0.0166900 0.0175721 0.0148639 0.0000010 0.0241528 0.0193825 0.0175701 0.0979160 0.1762749 0.0000000 
