12
251140_Ward_Creek              0.0000000 0.0000010 0.0038684 0.0000010 0.0038684 0.0139675 0.1073696 0.0234365 0.0688914 0.0563850 0.0773161 0.0273960 
260512_Pybus_Point             0.0000010 0.0000000 0.0038684 0.0000010 0.0038684 0.0139675 0.1073696 0.0234365 0.0688914 0.0563850 0.0773161 0.0273960 
353379_Skagit_River            0.0038684 0.0038684 0.0000000 0.0038684 0.0000010 0.0210247 0.1073696 0.0194924 0.0730950 0.0605365 0.0730950 0.0234365 
353381_Dungeness_River         0.0000010 0.0000010 0.0038684 0.0000000 0.0038684 0.0139675 0.1073696 0.0234365 0.0688914 0.0563850 0.0773161 0.0273960 
353401_Peace_River             0.0038684 0.0038684 0.0000010 0.0038684 0.0000000 0.0210247 0.1073696 0.0194924 0.0730950 0.0605365 0.0730950 0.0234365 
353407_Noatok                  0.0139675 0.0139675 0.0210247 0.0139675 0.0210247 0.0000000 0.7520912 0.0424988 0.1289579 0.1208926 0.1281534 0.0497601 
92319_Little_Lost              0.1073696 0.1073696 0.1073696 0.1073696 0.1073696 0.7520912 0.0000000 0.1458865 0.1463293 0.1229650 0.2522101 0.1537714 
GCA016432855_Lake_Trout        0.0234365 0.0234365 0.0194924 0.0234365 0.0194924 0.0424988 0.1458865 0.0000000 0.0688914 0.0815561 0.0900890 0.0116501 
GCA036784925_Maine_S_alpinus   0.0688914 0.0688914 0.0730950 0.0688914 0.0730950 0.1289579 0.1463293 0.0688914 0.0000000 0.0116501 0.1497541 0.0730950 
GCA045679555_Iceland_A_alpinus 0.0563850 0.0563850 0.0605365 0.0563850 0.0605365 0.1208926 0.1229650 0.0815561 0.0116501 0.0000000 0.1405636 0.0858134 
GCF013265735_Rainbow_Trout     0.0773161 0.0773161 0.0730950 0.0773161 0.0730950 0.1281534 0.2522101 0.0900890 0.1497541 0.1405636 0.0000000 0.0943828 
GCF029448725_Brook_Trout       0.0273960 0.0273960 0.0234365 0.0273960 0.0234365 0.0497601 0.1537714 0.0116501 0.0730950 0.0858134 0.0943828 0.0000000 
