17
251140_Ward_Creek              0.0000000 0.0000010 0.0039694 0.0066306 0.0039675 0.0053196 0.0055867 0.0079028 0.0013204 0.0066306 0.0474622 0.0079028 0.0078645 6.9125045 0.0079621 0.0364483 0.0133060 
260512_Pybus_Point             0.0000010 0.0000000 0.0039694 0.0066306 0.0039675 0.0053196 0.0055867 0.0079028 0.0013204 0.0066306 0.0474622 0.0079028 0.0078645 6.9125045 0.0079621 0.0364483 0.0133060 
261935_Kenai_River             0.0039694 0.0039694 0.0000000 0.0079621 0.0052936 0.0066540 0.0099325 0.0093369 0.0026425 0.0079621 0.0479767 0.0093369 0.0092910 7.6982226 0.0092954 0.0378244 0.0146464 
353213_Cropley_Lake            0.0066306 0.0066306 0.0079621 0.0000000 0.0079584 0.0066540 0.0128016 0.0093369 0.0052985 0.0000010 0.0511815 0.0093369 0.0092997 7.4344657 0.0013197 0.0378603 0.0146601 
353219_Peterson_Creek          0.0039675 0.0039675 0.0052936 0.0079584 0.0000000 0.0066509 0.0099276 0.0093325 0.0026412 0.0079584 0.0495369 0.0093325 0.0092867 7.4344657 0.0092910 0.0378065 0.0146396 
353379_Skagit_River            0.0053196 0.0053196 0.0066540 0.0066540 0.0066509 0.0000000 0.0114139 0.0053172 0.0039852 0.0066540 0.0417563 0.0053172 0.0079865 7.8594677 0.0079902 0.0365792 0.0133530 
353381_Dungeness_River         0.0055867 0.0055867 0.0099325 0.0128016 0.0099276 0.0114139 0.0000000 0.0126939 0.0070810 0.0128016 0.0563964 0.0126939 0.0140481 9.0000000 0.0142342 0.0449497 0.0199869 
353401_Peace_River             0.0079028 0.0079028 0.0093369 0.0093369 0.0093325 0.0053172 0.0126939 0.0000000 0.0066571 0.0093369 0.0350414 0.0000010 0.0105463 7.9502882 0.0106780 0.0393809 0.0160604 
353407_Noatok                  0.0013204 0.0013204 0.0026425 0.0052985 0.0026412 0.0039852 0.0070810 0.0066571 0.0000000 0.0052985 0.0463669 0.0066571 0.0066245 7.4344657 0.0066276 0.0350576 0.0119617 
353410_Horizon_Lake            0.0066306 0.0066306 0.0079621 0.0000010 0.0079584 0.0066540 0.0128016 0.0093369 0.0052985 0.0000000 0.0511815 0.0093369 0.0092997 7.4344657 0.0013197 0.0378603 0.0146601 
92319_Little_Lost              0.0474622 0.0474622 0.0479767 0.0511815 0.0495369 0.0417563 0.0563964 0.0350414 0.0463669 0.0511815 0.0000000 0.0350414 0.0490055 9.0000000 0.0527747 0.0837809 0.0575384 
94280_St_Joe                   0.0079028 0.0079028 0.0093369 0.0093369 0.0093325 0.0053172 0.0126939 0.0000010 0.0066571 0.0093369 0.0350414 0.0000000 0.0105463 7.9502882 0.0106780 0.0393809 0.0160604 
GCA016432855_Lake_Trout        0.0078645 0.0078645 0.0092910 0.0092997 0.0092867 0.0079865 0.0140481 0.0105463 0.0066245 0.0092997 0.0490055 0.0105463 0.0000000 7.5224529 0.0106354 0.0336859 0.0106255 
GCA036784925_Maine_S_alpinus   6.9125045 6.9125045 7.6982226 7.4344657 7.4344657 7.8594677 9.0000000 7.9502882 7.4344657 7.4344657 9.0000000 7.9502882 7.5224529 0.0000000 7.4572716 9.0000000 7.5806224 
GCA045679555_Iceland_A_alpinus 0.0079621 0.0079621 0.0092954 0.0013197 0.0092910 0.0079902 0.0142342 0.0106780 0.0066276 0.0013197 0.0527747 0.0106780 0.0106354 7.4572716 0.0000000 0.0392397 0.0160037 
GCF013265735_Rainbow_Trout     0.0364483 0.0364483 0.0378244 0.0378603 0.0378065 0.0365792 0.0449497 0.0393809 0.0350576 0.0378603 0.0837809 0.0393809 0.0336859 9.0000000 0.0392397 0.0000000 0.0364483 
GCF029448725_Brook_Trout       0.0133060 0.0133060 0.0146464 0.0146601 0.0146396 0.0133530 0.0199869 0.0160604 0.0119617 0.0146601 0.0575384 0.0160604 0.0106255 7.5806224 0.0160037 0.0364483 0.0000000 
