19
251140_Ward_Creek              0.0000000 2.4625791 0.3550839 2.2347626 0.1047196 2.4625791 0.1047196 2.7417835 5.6944107 1.9000959 2.1052945 1.9483423 1.9000959 1.8647132 2.9377939 2.9377939 1.8465953 1.1324671 1.9483423 
260512_Pybus_Point             2.4625791 0.0000000 2.2488145 0.0955416 2.8854278 0.0000010 2.8854278 1.3939269 0.2604950 0.5761570 0.2022751 0.4473646 0.5761570 0.6939860 0.2030449 0.2030449 2.2004930 2.0431227 0.4473646 
261935_Kenai_River             0.3550839 2.2488145 0.0000000 2.1052945 0.2226116 2.2488145 0.2226116 2.7595832 5.3420500 2.0450372 2.2480641 2.0937219 2.0450372 2.0063449 2.6436626 2.6436626 1.8249890 1.4789377 2.0937219 
353213_Cropley_Lake            2.2347626 0.0955416 2.1052945 0.0000000 2.4625791 0.0955416 2.4625791 1.4325371 0.6458170 0.6951321 0.3218726 0.5749880 0.6951321 0.7982202 0.3262821 0.3262821 2.1712469 1.9953126 0.5749880 
353219_Peterson_Creek          0.1047196 2.8854278 0.2226116 2.4625791 0.0000000 2.8854278 0.0000010 2.9629704 8.9999987 1.9473799 2.2488145 2.0135855 1.9473799 1.9008366 3.4831505 3.4831505 1.8332298 1.0727334 2.0135855 
353220_Fish_Creek              2.4625791 0.0000010 2.2488145 0.0955416 2.8854278 0.0000000 2.8854278 1.3939269 0.2604950 0.5761570 0.2022751 0.4473646 0.5761570 0.6939860 0.2030449 0.2030449 2.2004930 2.0431227 0.4473646 
353246_Cottonwood_Creek        0.1047196 2.8854278 0.2226116 2.4625791 0.0000010 2.8854278 0.0000000 2.9629704 8.9999987 1.9473799 2.2488145 2.0135855 1.9473799 1.9008366 3.4831505 3.4831505 1.8332298 1.0727334 2.0135855 
353379_Skagit_River            2.7417835 1.3939269 2.7595832 1.4325371 2.9629704 1.3939269 2.9629704 0.0000000 1.0991242 1.0407626 1.6138198 0.6324716 1.0407626 1.3858388 1.7523293 1.7523293 2.4559905 3.0029471 0.6324716 
353381_Dungeness_River         5.6944107 0.2604950 5.3420500 0.6458170 8.9999987 0.2604950 8.9999987 1.0991242 0.0000000 1.3866747 1.7359918 1.3227319 1.3866747 1.4262587 8.9999990 8.9999990 2.5038110 2.7994631 1.3227319 
353401_Peace_River             1.9000959 0.5761570 2.0450372 0.6951321 1.9473799 0.5761570 1.9473799 1.0407626 1.3866747 0.0000000 1.2543525 0.0888947 0.0000010 0.5336045 0.8473940 0.8473940 2.2447968 2.0471343 0.0888947 
353407_Noatok                  2.1052945 0.2022751 2.2480641 0.3218726 2.2488145 0.2022751 2.2488145 1.6138198 1.7359918 1.2543525 0.0000000 1.2158047 1.2543525 1.2855238 0.4579731 0.4579731 2.1212613 2.0945842 1.2158047 
92319_Little_Lost              1.9483423 0.4473646 2.0937219 0.5749880 2.0135855 0.4473646 2.0135855 0.6324716 1.3227319 0.0888947 1.2158047 0.0000000 0.0888947 0.4124488 0.7280726 0.7280726 2.2796012 2.1191892 0.0000010 
94280_St_Joe                   1.9000959 0.5761570 2.0450372 0.6951321 1.9473799 0.5761570 1.9473799 1.0407626 1.3866747 0.0000010 1.2543525 0.0888947 0.0000000 0.5336045 0.8473940 0.8473940 2.2447968 2.0471343 0.0888947 
GCA016432855_Lake_Trout        1.8647132 0.6939860 2.0063449 0.7982202 1.9008366 0.6939860 1.9008366 1.3858388 1.4262587 0.5336045 1.2855238 0.4124488 0.5336045 0.0000000 0.9445094 0.9445094 2.2143539 1.9941963 0.4124488 
GCA036784925_Maine_S_alpinus   2.9377939 0.2030449 2.6436626 0.3262821 3.4831505 0.2030449 3.4831505 1.7523293 8.9999990 0.8473940 0.4579731 0.7280726 0.8473940 0.9445094 0.0000000 0.0000010 2.2753788 2.2196676 0.7280726 
GCA045679555_Iceland_A_alpinus 2.9377939 0.2030449 2.6436626 0.3262821 3.4831505 0.2030449 3.4831505 1.7523293 8.9999990 0.8473940 0.4579731 0.7280726 0.8473940 0.9445094 0.0000010 0.0000000 2.2753788 2.2196676 0.7280726 
GCF013265735_Rainbow_Trout     1.8465953 2.2004930 1.8249890 2.1712469 1.8332298 2.2004930 1.8332298 2.4559905 2.5038110 2.2447968 2.1212613 2.2796012 2.2447968 2.2143539 2.2753788 2.2753788 0.0000000 1.9292679 2.2796012 
GCF029448725_Brook_Trout       1.1324671 2.0431227 1.4789377 1.9953126 1.0727334 2.0431227 1.0727334 3.0029471 2.7994631 2.0471343 2.0945842 2.1191892 2.0471343 1.9941963 2.2196676 2.2196676 1.9292679 0.0000000 2.1191892 
Methow_River_99895             1.9483423 0.4473646 2.0937219 0.5749880 2.0135855 0.4473646 2.0135855 0.6324716 1.3227319 0.0888947 1.2158047 0.0000010 0.0888947 0.4124488 0.7280726 0.7280726 2.2796012 2.1191892 0.0000000 
