15
251140_Ward_Creek              0.0000000 0.0000010 0.0235727 0.0235727 0.0486026 0.1269215 0.1831271 0.1018447 0.0752508 0.1269215 0.4925873 0.1018447 0.1292530 0.6956545 0.2798451 
260512_Pybus_Point             0.0000010 0.0000000 0.0235727 0.0235727 0.0486026 0.1269215 0.1831271 0.1018447 0.0752508 0.1269215 0.4925873 0.1018447 0.1292530 0.6956545 0.2798451 
261935_Kenai_River             0.0235727 0.0235727 0.0000000 0.0000010 0.0739549 0.1546023 0.2125324 0.1292530 0.1018447 0.1546023 0.5357120 0.1292530 0.1575134 0.7470074 0.3129418 
353213_Cropley_Lake            0.0235727 0.0235727 0.0000010 0.0000000 0.0739549 0.1546023 0.2125324 0.1292530 0.1018447 0.1546023 0.5357120 0.1292530 0.1575134 0.7470074 0.3129418 
353246_Cottonwood_Creek        0.0486026 0.0486026 0.0739549 0.0739549 0.0000000 0.1866640 0.2477914 0.0486026 0.0739549 0.1866640 0.5976564 0.1000502 0.1269215 0.8287722 0.3550060 
353379_Skagit_River            0.1269215 0.1269215 0.1546023 0.1546023 0.1866640 0.0000000 0.0477979 0.1269215 0.1000502 0.0000010 0.3633150 0.1269215 0.1546023 0.5357120 0.1831271 
353401_Peace_River             0.1831271 0.1831271 0.2125324 0.2125324 0.2477914 0.0477979 0.0000000 0.1831271 0.1546023 0.0477979 0.4396168 0.1831271 0.2125324 0.6264693 0.2428501 
353407_Noatok                  0.1018447 0.1018447 0.1292530 0.1292530 0.0486026 0.1269215 0.1831271 0.0000000 0.0235727 0.1269215 0.4925873 0.0477979 0.0727038 0.6956545 0.2798451 
353410_Horizon_Lake            0.0752508 0.0752508 0.1018447 0.1018447 0.0739549 0.1000502 0.1546023 0.0235727 0.0000000 0.1000502 0.4509597 0.0235727 0.0477979 0.6458467 0.2477914 
92319_Little_Lost              0.1269215 0.1269215 0.1546023 0.1546023 0.1866640 0.0000010 0.0477979 0.1269215 0.1000502 0.0000000 0.3633150 0.1269215 0.1546023 0.5357120 0.1831271 
GCA016432855_Lake_Trout        0.4925873 0.4925873 0.5357120 0.5357120 0.5976564 0.3633150 0.4396168 0.4925873 0.4509597 0.3633150 0.0000000 0.4925873 0.5357120 1.2280291 0.5803432 
GCA036784925_Maine_S_alpinus   0.1018447 0.1018447 0.1292530 0.1292530 0.1000502 0.1269215 0.1831271 0.0477979 0.0235727 0.1269215 0.4925873 0.0000000 0.0235727 0.6956545 0.2798451 
GCA045679555_Iceland_A_alpinus 0.1292530 0.1292530 0.1575134 0.1575134 0.1269215 0.1546023 0.2125324 0.0727038 0.0477979 0.1546023 0.5357120 0.0235727 0.0000000 0.7470074 0.3129418 
GCF013265735_Rainbow_Trout     0.6956545 0.6956545 0.7470074 0.7470074 0.8287722 0.5357120 0.6264693 0.6956545 0.6458467 0.5357120 1.2280291 0.6956545 0.7470074 0.0000000 0.6956545 
GCF029448725_Brook_Trout       0.2798451 0.2798451 0.3129418 0.3129418 0.3550060 0.1831271 0.2428501 0.2798451 0.2477914 0.1831271 0.5803432 0.2798451 0.3129418 0.6956545 0.0000000 
