17
251140_Ward_Creek            0.0000000 0.0000010 0.0111807 0.0000010 0.0000010 0.0000010 0.0068290 0.0471842 0.0204360 0.0471842 0.0065602 0.0198280 0.0491731 0.0543815 0.0198280 0.1887278 0.0471842 
260512_Pybus_Point           0.0000010 0.0000000 0.0029031 0.0000010 0.0073958 0.0000010 0.0024910 0.0249796 0.0204360 0.0249796 0.0024541 0.0123406 0.0253599 0.0198941 0.0123406 0.0753765 0.0173540 
261935_Kenai_River           0.0111807 0.0029031 0.0000000 0.0029031 0.0116936 0.0111807 0.0000010 0.0266363 0.0874710 0.0266363 0.0000010 0.0116708 0.0271179 0.0206069 0.0116708 0.0769983 0.0175985 
353213_Cropley_Lake          0.0000010 0.0000010 0.0029031 0.0000000 0.0073958 0.0000010 0.0024910 0.0249796 0.0204360 0.0249796 0.0024541 0.0123406 0.0253599 0.0198941 0.0123406 0.0753765 0.0173540 
353219_Peterson_Creek        0.0000010 0.0073958 0.0116936 0.0073958 0.0000000 0.0000010 0.0100234 0.0326682 0.0204360 0.0326682 0.0098749 0.0198610 0.0331683 0.0275172 0.0198610 0.0836971 0.0249378 
353220_Fish_Creek            0.0000010 0.0000010 0.0111807 0.0000010 0.0000010 0.0000000 0.0068290 0.0471842 0.0204360 0.0471842 0.0065602 0.0198280 0.0491731 0.0543815 0.0198280 0.1887278 0.0471842 
353246_Cottonwood_Creek      0.0068290 0.0024910 0.0000010 0.0024910 0.0100234 0.0068290 0.0000000 0.0227912 0.0311529 0.0227912 0.0000010 0.0100066 0.0227912 0.0176458 0.0100066 0.0738190 0.0150780 
353379_Skagit_River          0.0471842 0.0249796 0.0266363 0.0249796 0.0326682 0.0471842 0.0227912 0.0000000 0.0965609 0.0000010 0.0224500 0.0275172 0.0000010 0.0352913 0.0275172 0.0755102 0.0326682 
353381_Dungeness_River       0.0204360 0.0204360 0.0874710 0.0204360 0.0204360 0.0204360 0.0311529 0.0965609 0.0000000 0.0965609 0.0308327 0.0519946 0.0976085 0.1087583 0.0519946 0.3503288 0.0965609 
353401_Peace_River           0.0471842 0.0249796 0.0266363 0.0249796 0.0326682 0.0471842 0.0227912 0.0000010 0.0965609 0.0000000 0.0224500 0.0275172 0.0000010 0.0352913 0.0275172 0.0755102 0.0326682 
353407_Noatok                0.0065602 0.0024541 0.0000010 0.0024541 0.0098749 0.0065602 0.0000010 0.0224500 0.0308327 0.0224500 0.0000000 0.0098587 0.0227912 0.0173829 0.0098587 0.0726690 0.0148540 
353410_Horizon_Lake          0.0198280 0.0123406 0.0116708 0.0123406 0.0198610 0.0198280 0.0100066 0.0275172 0.0519946 0.0275172 0.0098587 0.0000000 0.0279359 0.0274710 0.0000010 0.0835480 0.0248961 
92319_Little_Lost            0.0491731 0.0253599 0.0271179 0.0253599 0.0331683 0.0491731 0.0227912 0.0000010 0.0976085 0.0000010 0.0227912 0.0279359 0.0000000 0.0358334 0.0279359 0.0767083 0.0331683 
GCA016432855_Lake_Trout      0.0543815 0.0198941 0.0206069 0.0198941 0.0275172 0.0543815 0.0176458 0.0352913 0.1087583 0.0352913 0.0173829 0.0274710 0.0358334 0.0000000 0.0274710 0.0865976 0.0024582 
GCA036784925_Maine_S_alpinus 0.0198280 0.0123406 0.0116708 0.0123406 0.0198610 0.0198280 0.0100066 0.0275172 0.0519946 0.0275172 0.0098587 0.0000010 0.0279359 0.0274710 0.0000000 0.0835480 0.0248961 
GCF013265735_Rainbow_Trout   0.1887278 0.0753765 0.0769983 0.0753765 0.0836971 0.1887278 0.0738190 0.0755102 0.3503288 0.0755102 0.0726690 0.0835480 0.0767083 0.0865976 0.0835480 0.0000000 0.0836971 
GCF029448725_Brook_Trout     0.0471842 0.0173540 0.0175985 0.0173540 0.0249378 0.0471842 0.0150780 0.0326682 0.0965609 0.0326682 0.0148540 0.0248961 0.0331683 0.0024582 0.0248961 0.0836971 0.0000000 
