10
251140_Ward_Creek          0.0000000 0.0000010 0.0447894 0.2388401 0.1978609 0.1978609 0.0447894 0.1432914 0.7614230 0.0924245 
260512_Pybus_Point         0.0000010 0.0000000 0.0447894 0.2388401 0.1978609 0.1978609 0.0447894 0.1432914 0.7614230 0.0924245 
261935_Kenai_River         0.0447894 0.0447894 0.0000000 0.6501080 0.1432914 0.1432914 0.0000010 0.0924245 0.6501080 0.0447894 
353213_Cropley_Lake        0.2388401 0.2388401 0.6501080 0.0000000 1.0506699 1.0506699 0.6501080 0.8921881 9.0000000 0.7614230 
353379_Skagit_River        0.1978609 0.1978609 0.1432914 1.0506699 0.0000000 0.0000010 0.1432914 0.1432914 0.7614230 0.0924245 
353401_Peace_River         0.1978609 0.1978609 0.1432914 1.0506699 0.0000010 0.0000000 0.1432914 0.1432914 0.7614230 0.0924245 
353407_Noatok              0.0447894 0.0447894 0.0000010 0.6501080 0.1432914 0.1432914 0.0000000 0.0924245 0.6501080 0.0447894 
GCA016432855_Lake_Trout    0.1432914 0.1432914 0.0924245 0.8921881 0.1432914 0.1432914 0.0924245 0.0000000 0.8921881 0.0447894 
GCF013265735_Rainbow_Trout 0.7614230 0.7614230 0.6501080 9.0000000 0.7614230 0.7614230 0.6501080 0.8921881 0.0000000 0.7614230 
GCF029448725_Brook_Trout   0.0924245 0.0924245 0.0447894 0.7614230 0.0924245 0.0924245 0.0447894 0.0447894 0.7614230 0.0000000 
