10
251140_Ward_Creek              0.0000000 0.0365926 0.0000010 0.0365926 0.0000010 0.1156130 0.0365926 0.0365926 9.0000000 0.1584818 
260512_Pybus_Point             0.0365926 0.0000000 0.0070755 0.0000010 0.0070755 0.0142183 0.0000010 0.0000010 0.2099158 0.0214297 
261935_Kenai_River             0.0000010 0.0070755 0.0000000 0.0070755 0.0000010 0.0214297 0.0070755 0.0070755 0.2192910 0.0287116 
353213_Cropley_Lake            0.0365926 0.0000010 0.0070755 0.0000000 0.0070755 0.0142183 0.0000010 0.0000010 0.2099158 0.0214297 
353381_Dungeness_River         0.0000010 0.0070755 0.0000010 0.0070755 0.0000000 0.0214297 0.0070755 0.0070755 0.2192910 0.0287116 
GCA016432855_Lake_Trout        0.1156130 0.0142183 0.0214297 0.0142183 0.0214297 0.0000000 0.0142183 0.0142183 0.2099158 0.0214297 
GCA036784925_Maine_S_alpinus   0.0365926 0.0000010 0.0070755 0.0000010 0.0070755 0.0142183 0.0000000 0.0000010 0.2099158 0.0250022 
GCA045679555_Iceland_A_alpinus 0.0365926 0.0000010 0.0070755 0.0000010 0.0070755 0.0142183 0.0000010 0.0000000 0.2099158 0.0250022 
GCF013265735_Rainbow_Trout     9.0000000 0.2099158 0.2192910 0.2099158 0.2192910 0.2099158 0.2099158 0.2099158 0.0000000 0.2192910 
GCF029448725_Brook_Trout       0.1584818 0.0214297 0.0287116 0.0214297 0.0287116 0.0214297 0.0250022 0.0250022 0.2192910 0.0000000 
