18
251140_Ward_Creek              0.0000000 0.0017666 0.0021839 0.0035373 0.0017666 0.0017691 0.0107256 0.0000010 0.0106734 0.0071000 0.0021876 0.0106734 0.0132112 0.0347360 0.0017691 0.0017691 0.0829048 0.0705289 
260512_Pybus_Point             0.0017666 0.0000000 0.0000010 0.0017661 0.0000010 0.0035422 0.0125236 0.0074559 0.0124625 0.0088823 0.0043796 0.0124625 0.0154280 0.0365956 0.0035422 0.0035422 0.0849111 0.0725002 
261935_Kenai_River             0.0021839 0.0000010 0.0000000 0.0021831 0.0000010 0.0043796 0.0155225 0.0147220 0.0154280 0.0109904 0.0043796 0.0154280 0.0154280 0.0456107 0.0043796 0.0043796 0.1073023 0.0913407 
353213_Cropley_Lake            0.0035373 0.0017661 0.0021831 0.0000000 0.0017661 0.0053176 0.0143246 0.0149630 0.0142547 0.0106676 0.0065764 0.0142547 0.0176511 0.0384584 0.0053176 0.0053176 0.0869205 0.0744766 
353219_Peterson_Creek          0.0017666 0.0000010 0.0000010 0.0017661 0.0000000 0.0035422 0.0125236 0.0074559 0.0124625 0.0088823 0.0043796 0.0124625 0.0154280 0.0365956 0.0035422 0.0035422 0.0849111 0.0725002 
353246_Cottonwood_Creek        0.0017691 0.0035422 0.0043796 0.0053176 0.0035422 0.0000000 0.0089223 0.0000010 0.0088789 0.0053157 0.0000010 0.0088789 0.0109851 0.0328479 0.0000010 0.0000010 0.0808190 0.0684909 
353379_Skagit_River            0.0107256 0.0125236 0.0155225 0.0143246 0.0125236 0.0089223 0.0000000 0.0153301 0.0000010 0.0107192 0.0110518 0.0000010 0.0000010 0.0311619 0.0089223 0.0089223 0.0833124 0.0708719 
353381_Dungeness_River         0.0000010 0.0074559 0.0147220 0.0149630 0.0074559 0.0000010 0.0153301 0.0000000 0.0150150 0.0149772 0.0000010 0.0150150 0.0298468 0.1243945 0.0000010 0.0000010 0.3659072 0.2348415 
353401_Peace_River             0.0106734 0.0124625 0.0154280 0.0142547 0.0124625 0.0088789 0.0000010 0.0150150 0.0000000 0.0106670 0.0109851 0.0000010 0.0000010 0.0310065 0.0088789 0.0088789 0.0828747 0.0705035 
353407_Noatok                  0.0071000 0.0088823 0.0109904 0.0106676 0.0088823 0.0053157 0.0107192 0.0149772 0.0106670 0.0000000 0.0065734 0.0106670 0.0132014 0.0310002 0.0053157 0.0053157 0.0748342 0.0665372 
353410_Horizon_Lake            0.0021876 0.0043796 0.0043796 0.0065764 0.0043796 0.0000010 0.0110518 0.0000010 0.0109851 0.0065734 0.0000000 0.0109851 0.0109851 0.0409121 0.0000010 0.0000010 0.1020506 0.0862226 
92319_Little_Lost              0.0106734 0.0124625 0.0154280 0.0142547 0.0124625 0.0088789 0.0000010 0.0150150 0.0000010 0.0106670 0.0109851 0.0000000 0.0000010 0.0310065 0.0088789 0.0088789 0.0828747 0.0705035 
94280_St_Joe                   0.0132112 0.0154280 0.0154280 0.0176511 0.0154280 0.0109851 0.0000010 0.0298468 0.0000010 0.0132014 0.0109851 0.0000010 0.0000000 0.0386134 0.0109851 0.0109851 0.1046923 0.0887938 
GCA016432855_Lake_Trout        0.0347360 0.0365956 0.0456107 0.0384584 0.0365956 0.0328479 0.0311619 0.1243945 0.0310065 0.0310002 0.0409121 0.0310065 0.0386134 0.0000000 0.0328479 0.0323260 0.0566991 0.0486934 
GCA036784925_Maine_S_alpinus   0.0017691 0.0035422 0.0043796 0.0053176 0.0035422 0.0000010 0.0089223 0.0000010 0.0088789 0.0053157 0.0000010 0.0088789 0.0109851 0.0328479 0.0000000 0.0000010 0.0808190 0.0684909 
GCA045679555_Iceland_A_alpinus 0.0017691 0.0035422 0.0043796 0.0053176 0.0035422 0.0000010 0.0089223 0.0000010 0.0088789 0.0053157 0.0000010 0.0088789 0.0109851 0.0323260 0.0000010 0.0000000 0.0808190 0.0684909 
GCF013265735_Rainbow_Trout     0.0829048 0.0849111 0.1073023 0.0869205 0.0849111 0.0808190 0.0833124 0.3659072 0.0828747 0.0748342 0.1020506 0.0828747 0.1046923 0.0566991 0.0808190 0.0808190 0.0000000 0.0613271 
GCF029448725_Brook_Trout       0.0705289 0.0725002 0.0913407 0.0744766 0.0725002 0.0684909 0.0708719 0.2348415 0.0705035 0.0665372 0.0862226 0.0705035 0.0887938 0.0486934 0.0684909 0.0684909 0.0613271 0.0000000 
