16
251140_Ward_Creek            0.0000000 0.0000010 0.0043389 0.0042832 0.0042861 0.0262637 0.0389451 0.0043992 0.0339885 0.0307339 0.0129082 0.0339885 0.0537276 0.0129082 1.2046986 0.0770588 
260512_Pybus_Point           0.0000010 0.0000000 0.0043389 0.0042832 0.0042861 0.0262637 0.0389451 0.0043992 0.0339885 0.0307339 0.0129082 0.0339885 0.0537276 0.0129082 1.2046986 0.0770588 
261935_Kenai_River           0.0043389 0.0043389 0.0000000 0.0000010 0.0087039 0.0311213 0.0445806 0.0089372 0.0395224 0.0356761 0.0174763 0.0395224 0.0591336 0.0174763 1.3268405 0.0781197 
353219_Peterson_Creek        0.0042832 0.0042832 0.0000010 0.0000000 0.0085917 0.0307118 0.0439277 0.0088190 0.0389451 0.0352052 0.0172502 0.0389451 0.0583384 0.0172502 1.2394386 0.0817825 
353220_Fish_Creek            0.0042861 0.0042861 0.0087039 0.0085917 0.0000000 0.0307339 0.0439636 0.0000010 0.0389766 0.0352308 0.0172621 0.0389766 0.0583832 0.0172621 1.2560391 0.0818485 
353246_Cottonwood_Creek      0.0262637 0.0262637 0.0311213 0.0307118 0.0307339 0.0000000 0.0597068 0.0315652 0.0545886 0.0042861 0.0307118 0.0545886 0.0730470 0.0307118 1.2929744 0.0970758 
353379_Skagit_River          0.0389451 0.0389451 0.0445806 0.0439277 0.0439636 0.0597068 0.0000000 0.0401505 0.0047731 0.0649080 0.0339885 0.0047731 0.0752241 0.0339885 1.4025349 0.1017402 
353381_Dungeness_River       0.0043992 0.0043992 0.0089372 0.0088190 0.0000010 0.0315652 0.0401505 0.0000000 0.0350374 0.0361867 0.0132596 0.0350374 0.0552523 0.0132596 1.3250460 0.0792756 
353401_Peace_River           0.0339885 0.0339885 0.0395224 0.0389451 0.0389766 0.0545886 0.0047731 0.0350374 0.0000000 0.0597578 0.0290575 0.0000010 0.0700244 0.0290575 1.3651162 0.0963931 
353407_Noatok                0.0307339 0.0307339 0.0356761 0.0352052 0.0352308 0.0042861 0.0649080 0.0361867 0.0597578 0.0000000 0.0352052 0.0597578 0.0778544 0.0352052 1.3322246 0.1020248 
353410_Horizon_Lake          0.0129082 0.0129082 0.0174763 0.0172502 0.0172621 0.0307118 0.0339885 0.0132596 0.0290575 0.0352052 0.0000000 0.0290575 0.0491379 0.0000010 1.1866776 0.0723571 
92319_Little_Lost            0.0339885 0.0339885 0.0395224 0.0389451 0.0389766 0.0545886 0.0047731 0.0350374 0.0000010 0.0597578 0.0290575 0.0000000 0.0700244 0.0290575 1.3651162 0.0963931 
GCA016432855_Lake_Trout      0.0537276 0.0537276 0.0591336 0.0583384 0.0583832 0.0730470 0.0752241 0.0552523 0.0700244 0.0778544 0.0491379 0.0700244 0.0000000 0.0491379 1.1547748 0.0483205 
GCA036784925_Maine_S_alpinus 0.0129082 0.0129082 0.0174763 0.0172502 0.0172621 0.0307118 0.0339885 0.0132596 0.0290575 0.0352052 0.0000010 0.0290575 0.0491379 0.0000000 1.1866776 0.0723571 
GCF013265735_Rainbow_Trout   1.2046986 1.2046986 1.3268405 1.2394386 1.2560391 1.2929744 1.4025349 1.3250460 1.3651162 1.3322246 1.1866776 1.3651162 1.1547748 1.1866776 0.0000000 1.3428901 
GCF029448725_Brook_Trout     0.0770588 0.0770588 0.0781197 0.0817825 0.0818485 0.0970758 0.1017402 0.0792756 0.0963931 0.1020248 0.0723571 0.0963931 0.0483205 0.0723571 1.3428901 0.0000000 
