17
251140_Ward_Creek              0.0000000 0.0000010 0.0409670 0.0059439 0.0059439 0.0525394 0.6554516 0.0000010 0.1094278 0.0059439 0.1094278 0.1027923 0.0487371 0.0763769 0.0180362 0.6904263 0.0877833 
260512_Pybus_Point             0.0000010 0.0000000 0.0409670 0.0059439 0.0059439 0.0525394 0.6554516 0.0000010 0.1094278 0.0059439 0.1094278 0.1027923 0.0487371 0.0763769 0.0180362 0.6904263 0.0877833 
261935_Kenai_River             0.0409670 0.0409670 0.0000000 0.0492976 0.0492976 0.1631410 1.1642715 0.0551877 0.1736698 0.0492976 0.1736698 0.1640752 0.1105496 0.1543537 0.0668000 1.1181504 0.1684275 
353213_Cropley_Lake            0.0059439 0.0059439 0.0492976 0.0000000 0.0119130 0.0614669 0.6641914 0.0073058 0.1160840 0.0119130 0.1160840 0.1094278 0.0549329 0.0829140 0.0240967 0.6986581 0.0942278 
353219_Peterson_Creek          0.0059439 0.0059439 0.0492976 0.0119130 0.0000000 0.0614669 0.6463768 0.0073058 0.1160840 0.0119130 0.1160840 0.1094278 0.0549329 0.0829140 0.0240967 0.6986581 0.0942278 
353246_Cottonwood_Creek        0.0525394 0.0525394 0.1631410 0.0614669 0.0614669 0.0000000 1.3114493 0.0725062 0.2278220 0.0614669 0.2278220 0.2174014 0.1174759 0.1757065 0.0803850 1.2838798 0.1792532 
353379_Skagit_River            0.6554516 0.6554516 1.1642715 0.6641914 0.6463768 1.3114493 0.0000000 0.8923317 0.4610822 0.6641914 0.4610822 0.4523763 0.6821893 0.5240536 0.6502467 1.2002033 0.7625715 
353381_Dungeness_River         0.0000010 0.0000010 0.0551877 0.0073058 0.0073058 0.0725062 0.8923317 0.0000000 0.1201082 0.0073058 0.1201082 0.1118220 0.0445846 0.0870407 0.0147349 0.9266925 0.0923485 
353401_Peace_River             0.1094278 0.1094278 0.1736698 0.1160840 0.1160840 0.2278220 0.4610822 0.1201082 0.0000000 0.1160840 0.0000010 0.0059311 0.1234979 0.0486253 0.1030394 0.5844961 0.1607130 
353407_Noatok                  0.0059439 0.0059439 0.0492976 0.0119130 0.0119130 0.0614669 0.6641914 0.0073058 0.1160840 0.0000000 0.1160840 0.1094278 0.0549329 0.0829140 0.0240967 0.6986581 0.0942278 
92319_Little_Lost              0.1094278 0.1094278 0.1736698 0.1160840 0.1160840 0.2278220 0.4610822 0.1201082 0.0000010 0.1160840 0.0000000 0.0059311 0.1234979 0.0486253 0.1030394 0.5844961 0.1607130 
94280_St_Joe                   0.1027923 0.1027923 0.1640752 0.1094278 0.1094278 0.2174014 0.4523763 0.1118220 0.0059311 0.1094278 0.0059311 0.0000000 0.1167759 0.0424654 0.0964078 0.5763777 0.1537271 
GCA016432855_Lake_Trout        0.0487371 0.0487371 0.1105496 0.0549329 0.0549329 0.1174759 0.6821893 0.0445846 0.1234979 0.0549329 0.1234979 0.1167759 0.0000000 0.1033105 0.0426547 0.6810472 0.0621704 
GCA036784925_Maine_S_alpinus   0.0763769 0.0763769 0.1543537 0.0829140 0.0829140 0.1757065 0.5240536 0.0870407 0.0486253 0.0829140 0.0486253 0.0424654 0.1033105 0.0000000 0.0564441 0.5681968 0.1466445 
GCA045679555_Iceland_A_alpinus 0.0180362 0.0180362 0.0668000 0.0240967 0.0240967 0.0803850 0.6502467 0.0147349 0.1030394 0.0240967 0.1030394 0.0964078 0.0426547 0.0564441 0.0000000 0.7027836 0.0815461 
GCF013265735_Rainbow_Trout     0.6904263 0.6904263 1.1181504 0.6986581 0.6986581 1.2838798 1.2002033 0.9266925 0.5844961 0.6986581 0.5844961 0.5763777 0.6810472 0.5681968 0.7027836 0.0000000 0.7459483 
GCF029448725_Brook_Trout       0.0877833 0.0877833 0.1684275 0.0942278 0.0942278 0.1792532 0.7625715 0.0923485 0.1607130 0.0942278 0.1607130 0.1537271 0.0621704 0.1466445 0.0815461 0.7459483 0.0000000 
