18
251140_Ward_Creek              0.0000000 0.0233808 0.0233808 0.0556612 0.0556612 0.0722244 0.1063471 0.4363383 0.1841031 0.4502463 0.0394454 0.1079188 0.4363383 0.8212635 0.3213281 0.3213281 2.9484540 0.9477579 
260512_Pybus_Point             0.0233808 0.0000000 0.0155265 0.0804605 0.0804605 0.0615929 0.0977782 0.2889893 0.1959867 0.3012275 0.0117776 0.0992054 0.2889893 0.5414458 0.2986197 0.2986197 2.9484540 0.6922515 
261935_Kenai_River             0.0233808 0.0155265 0.0000000 0.0804605 0.0804605 0.0615929 0.0977782 0.2889893 0.1841031 0.3012275 0.0314318 0.0992054 0.2889893 0.5597049 0.3105520 0.3105520 2.9484540 0.7102361 
353213_Cropley_Lake            0.0556612 0.0804605 0.0804605 0.0000000 0.0000010 0.1506152 0.1690492 0.3930885 0.2718691 0.4062540 0.0977782 0.1717958 0.3930885 0.5106344 0.4017377 0.4017377 2.8589146 0.6594753 
353219_Peterson_Creek          0.0556612 0.0804605 0.0804605 0.0000010 0.0000000 0.1506152 0.1690492 0.3930885 0.2718691 0.4062540 0.0977782 0.1717958 0.3930885 0.5106344 0.4017377 0.4017377 2.8589146 0.6594753 
353220_Fish_Creek              0.0722244 0.0615929 0.0615929 0.1506152 0.1506152 0.0000000 0.0612303 0.4142573 0.3191932 0.4324337 0.0612363 0.0943829 0.4142573 0.8286795 0.3703229 0.3703229 3.0769745 1.0486447 
353246_Cottonwood_Creek        0.1063471 0.0977782 0.0977782 0.1690492 0.1690492 0.0612303 0.0000000 0.3260142 0.2824291 0.3385582 0.0804605 0.1344782 0.3260142 0.5851350 0.3540853 0.3540853 2.8467611 0.7329506 
353379_Skagit_River            0.4363383 0.2889893 0.2889893 0.3930885 0.3930885 0.4142573 0.3260142 0.0000000 0.3343000 0.0083275 0.2747991 0.3602073 0.0000010 0.9526149 0.6807107 0.6807107 2.5489108 1.1106539 
353381_Dungeness_River         0.1841031 0.1959867 0.1841031 0.2718691 0.2718691 0.3191932 0.2824291 0.3343000 0.0000000 0.3498409 0.1946126 0.3026091 0.3343000 1.1695102 0.6229538 0.6229538 2.9723971 1.3603721 
353401_Peace_River             0.4502463 0.3012275 0.3012275 0.4062540 0.4062540 0.4324337 0.3385582 0.0083275 0.3498409 0.0000000 0.2868064 0.3734244 0.0083275 0.9719867 0.6969123 0.6969123 2.5303214 1.1278492 
353407_Noatok                  0.0394454 0.0117776 0.0314318 0.0977782 0.0977782 0.0612363 0.0804605 0.2747991 0.1946126 0.2868064 0.0000000 0.0815999 0.2747991 0.5027632 0.2757100 0.2757100 2.8829779 0.6490393 
353410_Horizon_Lake            0.1079188 0.0992054 0.0992054 0.1717958 0.1717958 0.0943829 0.1344782 0.3602073 0.3026091 0.3734244 0.0815999 0.0000000 0.3602073 0.6166321 0.1821329 0.1821329 3.0818002 0.7431617 
92319_Little_Lost              0.4363383 0.2889893 0.2889893 0.3930885 0.3930885 0.4142573 0.3260142 0.0000010 0.3343000 0.0083275 0.2747991 0.3602073 0.0000000 0.9526149 0.6807107 0.6807107 2.5489108 1.1106539 
GCA016432855_Lake_Trout        0.8212635 0.5414458 0.5597049 0.5106344 0.5106344 0.8286795 0.5851350 0.9526149 1.1695102 0.9719867 0.5027632 0.6166321 0.9526149 0.0000000 0.3118847 0.3118847 3.5835975 0.1687909 
GCA036784925_Maine_S_alpinus   0.3213281 0.2986197 0.3105520 0.4017377 0.4017377 0.3703229 0.3540853 0.6807107 0.6229538 0.6969123 0.2757100 0.1821329 0.6807107 0.3118847 0.0000000 0.0000010 3.1683139 0.4081289 
GCA045679555_Iceland_A_alpinus 0.3213281 0.2986197 0.3105520 0.4017377 0.4017377 0.3703229 0.3540853 0.6807107 0.6229538 0.6969123 0.2757100 0.1821329 0.6807107 0.3118847 0.0000010 0.0000000 3.1683139 0.4081289 
GCF013265735_Rainbow_Trout     2.9484540 2.9484540 2.9484540 2.8589146 2.8589146 3.0769745 2.8467611 2.5489108 2.9723971 2.5303214 2.8829779 3.0818002 2.5489108 3.5835975 3.1683139 3.1683139 0.0000000 3.5590020 
GCF029448725_Brook_Trout       0.9477579 0.6922515 0.7102361 0.6594753 0.6594753 1.0486447 0.7329506 1.1106539 1.3603721 1.1278492 0.6490393 0.7431617 1.1106539 0.1687909 0.4081289 0.4081289 3.5590020 0.0000000 
