20
251140_Ward_Creek              0.0000000 0.0183542 0.1217768 0.0000010 0.0000010 0.0183542 4.2199398 2.0599341 0.5472949 0.0360158 4.4772735 1.7619754 3.7341993 2.0599341 2.7147350 2.2431722 2.2164058 9.0000000 2.2359818 2.0297717 
260512_Pybus_Point             0.0183542 0.0000000 0.1490552 0.0183542 0.0240685 0.0373141 4.2857905 2.3663065 0.6191575 0.0565076 3.9178190 1.9556724 4.1793207 2.3663065 2.9932381 2.6339919 2.4864945 9.0000000 2.4820424 2.3663065 
261935_Kenai_River             0.1217768 0.1490552 0.0000000 0.1217768 0.1717945 0.1024571 5.6427559 3.0260470 1.2360030 0.1672388 6.2430389 2.8683990 4.9394036 3.0260470 3.7561763 2.5880558 2.5843615 9.0000000 3.3385689 2.9891518 
353213_Cropley_Lake            0.0000010 0.0183542 0.1217768 0.0000000 0.0000010 0.0183542 4.2199398 2.0599341 0.5472949 0.0360158 4.4772735 1.7619754 3.7341993 2.0599341 2.7147350 2.2431722 2.2164058 9.0000000 2.2359818 2.0297717 
353219_Peterson_Creek          0.0000010 0.0240685 0.1717945 0.0000010 0.0000000 0.0240685 8.9999986 3.7341993 0.5472949 0.0487298 4.4772735 3.5276133 3.7341993 3.7341993 4.6222439 4.4772735 4.4199466 6.6758590 4.1129271 3.7341993 
353220_Fish_Creek              0.0183542 0.0373141 0.1024571 0.0183542 0.0240685 0.0000000 4.9073955 2.3663065 0.6191575 0.0565076 5.2805370 1.9556724 4.1793207 2.3663065 2.9932381 2.1299004 1.9942221 9.0000000 2.4820424 2.3663065 
353246_Cottonwood_Creek        4.2199398 4.2857905 5.6427559 4.2199398 8.9999986 4.9073955 0.0000000 0.0228205 8.9999987 3.9967378 0.0331527 0.0237725 0.0327420 0.0228205 0.2447530 0.0469956 0.1006181 2.5844158 0.1260952 0.0228205 
353379_Skagit_River            2.0599341 2.3663065 3.0260470 2.0599341 3.7341993 2.3663065 0.0228205 0.0000000 8.4620396 1.8493572 0.0879986 0.0514878 0.0000010 0.0000010 0.1456553 0.0672945 0.1072469 1.8681511 0.0692519 0.0000010 
353381_Dungeness_River         0.5472949 0.6191575 1.2360030 0.5472949 0.5472949 0.6191575 8.9999987 8.4620396 0.0000000 0.6782232 8.9999986 8.9999987 8.4620396 8.4620396 8.9999984 8.9999986 9.0000000 4.6936643 9.0000000 8.4620396 
353401_Peace_River             0.0360158 0.0565076 0.1672388 0.0360158 0.0487298 0.0565076 3.9967378 1.8493572 0.6782232 0.0000000 4.7612418 1.9942221 3.4867176 1.8493572 2.4784110 2.4928637 2.4820424 9.0000000 1.9942221 1.8217782 
353407_Noatok                  4.4772735 3.9178190 6.2430389 4.4772735 4.4772735 5.2805370 0.0331527 0.0879986 8.9999986 4.7612418 0.0000000 0.0214031 0.0879986 0.0879986 0.3116555 0.0887769 0.0900518 2.0039891 0.1927036 0.0879986 
353410_Horizon_Lake            1.7619754 1.9556724 2.8683990 1.7619754 3.5276133 1.9556724 0.0237725 0.0514878 8.9999987 1.9942221 0.0214031 0.0000000 0.0661887 0.0514878 0.2094123 0.0518302 0.0514878 1.9087758 0.1262774 0.0514878 
92319_Little_Lost              3.7341993 4.1793207 4.9394036 3.7341993 3.7341993 4.1793207 0.0327420 0.0000010 8.4620396 3.4867176 0.0879986 0.0661887 0.0000000 0.0000010 0.1906890 0.0879986 0.1396025 1.6768505 0.0892507 0.0000010 
94280_St_Joe                   2.0599341 2.3663065 3.0260470 2.0599341 3.7341993 2.3663065 0.0228205 0.0000010 8.4620396 1.8493572 0.0879986 0.0514878 0.0000010 0.0000000 0.1456553 0.0672945 0.1072469 1.8681511 0.0692519 0.0000010 
GCA016432855_Lake_Trout        2.7147350 2.9932381 3.7561763 2.7147350 4.6222439 2.9932381 0.2447530 0.1456553 8.9999984 2.4784110 0.3116555 0.2094123 0.1906890 0.1456553 0.0000000 0.2327314 0.2796690 1.1556095 0.1456553 0.1456553 
GCA036784925_Maine_S_alpinus   2.2431722 2.6339919 2.5880558 2.2431722 4.4772735 2.1299004 0.0469956 0.0672945 8.9999986 2.4928637 0.0887769 0.0518302 0.0879986 0.0672945 0.2327314 0.0000000 0.0338105 2.2519997 0.1467783 0.0672945 
GCA045679555_Iceland_A_alpinus 2.2164058 2.4864945 2.5843615 2.2164058 4.4199466 1.9942221 0.1006181 0.1072469 9.0000000 2.4820424 0.0900518 0.0514878 0.1396025 0.1072469 0.2796690 0.0338105 0.0000000 2.2135561 0.1885267 0.1072469 
GCF013265735_Rainbow_Trout     9.0000000 9.0000000 9.0000000 9.0000000 6.6758590 9.0000000 2.5844158 1.8681511 4.6936643 9.0000000 2.0039891 1.9087758 1.6768505 1.8681511 1.1556095 2.2519997 2.2135561 0.0000000 1.6642183 1.8495577 
GCF029448725_Brook_Trout       2.2359818 2.4820424 3.3385689 2.2359818 4.1129271 2.4820424 0.1260952 0.0692519 9.0000000 1.9942221 0.1927036 0.1262774 0.0892507 0.0692519 0.1456553 0.1467783 0.1885267 1.6642183 0.0000000 0.0692519 
Methow_River_99895             2.0297717 2.3663065 2.9891518 2.0297717 3.7341993 2.3663065 0.0228205 0.0000010 8.4620396 1.8217782 0.0879986 0.0514878 0.0000010 0.0000010 0.1456553 0.0672945 0.1072469 1.8495577 0.0692519 0.0000000 
