12
251140_Ward_Creek              0.0000000 0.0000010 0.0339081 0.0339081 0.2378825 0.2378825 0.1899859 0.2490216 0.0345373 0.0716907 0.9372243 0.2973959 
260512_Pybus_Point             0.0000010 0.0000000 0.0339081 0.0339081 0.2378825 0.2378825 0.1899859 0.2490216 0.0345373 0.0716907 0.9372243 0.2973959 
353219_Peterson_Creek          0.0339081 0.0339081 0.0000000 0.0000010 0.2836305 0.2836305 0.2326988 0.2973959 0.0703264 0.1095907 1.0300749 0.3481788 
353246_Cottonwood_Creek        0.0339081 0.0339081 0.0000010 0.0000000 0.2836305 0.2836305 0.2326988 0.2973959 0.0703264 0.1095907 1.0300749 0.3481788 
353379_Skagit_River            0.2378825 0.2378825 0.2836305 0.2836305 0.0000000 0.0000010 0.2711617 0.3396020 0.1899859 0.2378825 1.0780916 0.3912849 
353401_Peace_River             0.2378825 0.2378825 0.2836305 0.2836305 0.0000010 0.0000000 0.2711617 0.3396020 0.1899859 0.2378825 1.0780916 0.3912849 
353410_Horizon_Lake            0.1899859 0.1899859 0.2326988 0.2326988 0.2711617 0.2711617 0.0000000 0.2836305 0.1459966 0.1899859 0.9482125 0.3314743 
GCA016432855_Lake_Trout        0.2490216 0.2490216 0.2973959 0.2973959 0.3396020 0.3396020 0.2836305 0.0000000 0.1983767 0.2490216 0.9001117 0.1095907 
GCA036784925_Maine_S_alpinus   0.0345373 0.0345373 0.0703264 0.0703264 0.1899859 0.1899859 0.1459966 0.1983767 0.0000000 0.0345373 0.8178853 0.2433169 
GCA045679555_Iceland_A_alpinus 0.0716907 0.0716907 0.1095907 0.1095907 0.2378825 0.2378825 0.1899859 0.2490216 0.0345373 0.0000000 0.9372243 0.2973959 
GCF013265735_Rainbow_Trout     0.9372243 0.9372243 1.0300749 1.0300749 1.0780916 1.0780916 0.9482125 0.9001117 0.8178853 0.9372243 0.0000000 0.9868942 
GCF029448725_Brook_Trout       0.2973959 0.2973959 0.3481788 0.3481788 0.3912849 0.3912849 0.3314743 0.1095907 0.2433169 0.2973959 0.9868942 0.0000000 
