14
251140_Ward_Creek              0.0000000 0.0061810 0.0706585 0.0061810 0.0509358 0.0314824 0.0509358 0.0706585 0.0641249 0.1127145 0.0575420 0.0575420 1.7912591 0.1063016 
260512_Pybus_Point             0.0061810 0.0000000 0.0639664 0.0000010 0.0443850 0.0250838 0.0443850 0.0639664 0.0574714 0.1034498 0.0509358 0.0509358 1.7912591 0.0987455 
261935_Kenai_River             0.0706585 0.0639664 0.0000000 0.0639664 0.0441248 0.0376514 0.0441248 0.0000010 0.0571298 0.1803211 0.0506350 0.0506350 2.1187996 0.1610274 
353213_Cropley_Lake            0.0061810 0.0000010 0.0639664 0.0000000 0.0443850 0.0250838 0.0443850 0.0639664 0.0574714 0.1034498 0.0509358 0.0509358 1.7912591 0.0987455 
353379_Skagit_River            0.0509358 0.0443850 0.0441248 0.0443850 0.0000000 0.0204640 0.0000010 0.0441248 0.0377575 0.1513793 0.0313742 0.0313742 2.0313253 0.1376442 
353381_Dungeness_River         0.0314824 0.0250838 0.0376514 0.0250838 0.0204640 0.0000000 0.0204640 0.0376514 0.0313233 0.1415708 0.0249869 0.0249869 1.9784188 0.1297169 
353401_Peace_River             0.0509358 0.0443850 0.0441248 0.0443850 0.0000010 0.0204640 0.0000000 0.0441248 0.0377575 0.1513793 0.0313742 0.0313742 2.0313253 0.1376442 
353407_Noatok                  0.0706585 0.0639664 0.0000010 0.0639664 0.0441248 0.0376514 0.0441248 0.0000000 0.0571298 0.1803211 0.0506350 0.0506350 2.1187996 0.1610274 
353410_Horizon_Lake            0.0641249 0.0574714 0.0571298 0.0574714 0.0377575 0.0313233 0.0377575 0.0571298 0.0000000 0.1709177 0.0061515 0.0061515 2.1052899 0.1534129 
GCA016432855_Lake_Trout        0.1127145 0.1034498 0.1803211 0.1034498 0.1513793 0.1415708 0.1513793 0.1803211 0.1709177 0.0000000 0.1612491 0.1612491 1.2496679 0.0809229 
GCA036784925_Maine_S_alpinus   0.0575420 0.0509358 0.0506350 0.0509358 0.0313742 0.0249869 0.0313742 0.0506350 0.0061515 0.1612491 0.0000000 0.0000010 2.0761081 0.1456046 
GCA045679555_Iceland_A_alpinus 0.0575420 0.0509358 0.0506350 0.0509358 0.0313742 0.0249869 0.0313742 0.0506350 0.0061515 0.1612491 0.0000010 0.0000000 2.0761081 0.1456046 
GCF013265735_Rainbow_Trout     1.7912591 1.7912591 2.1187996 1.7912591 2.0313253 1.9784188 2.0313253 2.1187996 2.1052899 1.2496679 2.0761081 2.0761081 0.0000000 1.2017383 
GCF029448725_Brook_Trout       0.1063016 0.0987455 0.1610274 0.0987455 0.1376442 0.1297169 0.1376442 0.1610274 0.1534129 0.0809229 0.1456046 0.1456046 1.2017383 0.0000000 
