13
251140_Ward_Creek            0.0000000 0.0000010 0.0089801 0.0566340 0.0000010 0.0566340 0.3781649 0.3781649 0.2019177 0.1211219 0.4433852 1.9390132 0.2390656 
260512_Pybus_Point           0.0000010 0.0000000 0.0089801 0.0566340 0.0000010 0.0566340 0.3781649 0.3781649 0.2019177 0.1211219 0.4433852 1.9390132 0.2390656 
353213_Cropley_Lake          0.0089801 0.0089801 0.0000000 0.0667563 0.0105867 0.0667563 0.4031021 0.4031021 0.2200551 0.1327356 0.4709646 1.9924073 0.2531853 
353379_Skagit_River          0.0566340 0.0566340 0.0667563 0.0000000 0.0552959 0.0000010 0.4241025 0.4241025 0.0946104 0.0997610 0.4923244 1.7787240 0.2381336 
353381_Dungeness_River       0.0000010 0.0000010 0.0105867 0.0552959 0.0000000 0.0552959 0.5269125 0.5269125 0.1814682 0.1461212 0.6266252 2.1977236 0.2931330 
353401_Peace_River           0.0566340 0.0566340 0.0667563 0.0000010 0.0552959 0.0000000 0.4241025 0.4241025 0.0946104 0.0997610 0.4923244 1.7787240 0.2381336 
353407_Noatok                0.3781649 0.3781649 0.4031021 0.4241025 0.5269125 0.4241025 0.0000000 0.0000010 1.3748945 0.5934883 0.0360213 1.2352174 0.9074142 
353410_Horizon_Lake          0.3781649 0.3781649 0.4031021 0.4241025 0.5269125 0.4241025 0.0000010 0.0000000 1.3748945 0.5934883 0.0360213 1.2352174 0.9074142 
92319_Little_Lost            0.2019177 0.2019177 0.2200551 0.0946104 0.1814682 0.0946104 1.3748945 1.3748945 0.0000000 0.2837033 1.5313183 2.5623084 0.5370441 
GCA016432855_Lake_Trout      0.1211219 0.1211219 0.1327356 0.0997610 0.1461212 0.0997610 0.5934883 0.5934883 0.2837033 0.0000000 0.6523650 1.9578229 0.1616036 
GCA036784925_Maine_S_alpinus 0.4433852 0.4433852 0.4709646 0.4923244 0.6266252 0.4923244 0.0360213 0.0360213 1.5313183 0.6523650 0.0000000 1.3130816 0.9831652 
GCF013265735_Rainbow_Trout   1.9390132 1.9390132 1.9924073 1.7787240 2.1977236 1.7787240 1.2352174 1.2352174 2.5623084 1.9578229 1.3130816 0.0000000 2.0956532 
GCF029448725_Brook_Trout     0.2390656 0.2390656 0.2531853 0.2381336 0.2931330 0.2381336 0.9074142 0.9074142 0.5370441 0.1616036 0.9831652 2.0956532 0.0000000 
