20
251140_Ward_Creek              0.0000000 0.0315287 0.0000010 0.3481727 0.0290678 0.1897065 0.0914531 0.4501064 0.1622571 0.3602328 0.2926981 0.2359210 0.3674770 0.3602328 0.7208719 0.2393157 0.2427711 3.0891229 0.4124231 0.3602328 
260512_Pybus_Point             0.0315287 0.0000000 0.0312759 0.3217857 0.0070284 0.1026468 0.0190122 0.3090405 0.1319344 0.2540937 0.2006297 0.1396996 0.2606351 0.2540937 0.5634070 0.1427975 0.1459322 2.8644551 0.3023499 0.2540937 
261935_Kenai_River             0.0000010 0.0312759 0.0000000 0.3446296 0.0288350 0.1879240 0.0907051 0.4441387 0.1598475 0.3565098 0.2897927 0.2335212 0.3636698 0.3565098 0.7112730 0.2368780 0.2402945 3.0620667 0.4117496 0.3565098 
353213_Cropley_Lake            0.3481727 0.3217857 0.3446296 0.0000000 0.3182376 0.4161290 0.2723990 0.8453420 0.3781872 0.6409386 0.5579383 0.4946643 0.6498897 0.6409386 0.3719376 0.4989339 0.5033439 2.2547562 0.7317791 0.6409386 
353219_Peterson_Creek          0.0290678 0.0070284 0.0288350 0.3182376 0.0000000 0.0941538 0.0118401 0.3048232 0.1270881 0.2508162 0.1975289 0.1365894 0.2573412 0.2508162 0.5588715 0.1396790 0.1428047 2.8637381 0.2987794 0.2508162 
353220_Fish_Creek              0.1897065 0.1026468 0.1879240 0.4161290 0.0941538 0.0000000 0.0735384 0.4311058 0.2591589 0.3458626 0.2826170 0.0933106 0.3530362 0.3458626 0.7549524 0.0960149 0.0960451 3.0465500 0.3922718 0.3458626 
353246_Cottonwood_Creek        0.0914531 0.0190122 0.0907051 0.2723990 0.0118401 0.0735384 0.0000000 0.2585611 0.0896258 0.2180466 0.1675284 0.1104271 0.2239179 0.2180466 0.5300767 0.1131912 0.1159824 2.5694204 0.2575021 0.2180466 
353379_Skagit_River            0.4501064 0.3090405 0.4441387 0.8453420 0.3048232 0.4311058 0.2585611 0.0000000 0.5756887 0.0025507 0.0922660 0.2554801 0.0000010 0.0000010 0.8075950 0.2678560 0.2637101 3.0787093 0.3631547 0.0000010 
353381_Dungeness_River         0.1622571 0.1319344 0.1598475 0.3781872 0.1270881 0.2591589 0.0896258 0.5756887 0.0000000 0.5513586 0.4239841 0.3192978 0.5513586 0.5513586 1.2763413 0.3332049 0.3397572 3.8027767 0.7002526 0.5513586 
353401_Peace_River             0.3602328 0.2540937 0.3565098 0.6409386 0.2508162 0.3458626 0.2180466 0.0025507 0.5513586 0.0000000 0.0865844 0.2150217 0.0064750 0.0021539 0.6086392 0.2246922 0.2214557 2.5706194 0.2969355 0.0021539 
353407_Noatok                  0.2926981 0.2006297 0.2897927 0.5579383 0.1975289 0.2826170 0.1675284 0.0922660 0.4239841 0.0865844 0.0000000 0.1604806 0.0889589 0.0842150 0.6300869 0.1696338 0.1665716 2.5833226 0.3101911 0.0842150 
353410_Horizon_Lake            0.2359210 0.1396996 0.2335212 0.4946643 0.1365894 0.0933106 0.1104271 0.2554801 0.3192978 0.2150217 0.1604806 0.0000000 0.2214429 0.2150217 0.5644817 0.0172290 0.0147490 3.0127009 0.2470803 0.2150217 
92319_Little_Lost              0.3674770 0.2606351 0.3636698 0.6498897 0.2573412 0.3530362 0.2239179 0.0000010 0.5513586 0.0064750 0.0889589 0.2214429 0.0000000 0.0043122 0.6085907 0.2311639 0.2279103 2.5706571 0.3002210 0.0043122 
94280_St_Joe                   0.3602328 0.2540937 0.3565098 0.6409386 0.2508162 0.3458626 0.2180466 0.0000010 0.5513586 0.0021539 0.0842150 0.2150217 0.0043122 0.0000000 0.6086392 0.2246922 0.2214557 2.5706194 0.2936578 0.0000010 
GCA016432855_Lake_Trout        0.7208719 0.5634070 0.7112730 0.3719376 0.5588715 0.7549524 0.5300767 0.8075950 1.2763413 0.6086392 0.6300869 0.5644817 0.6085907 0.6086392 0.0000000 0.5784950 0.5640684 1.6850418 0.5001017 0.6086392 
GCA036784925_Maine_S_alpinus   0.2393157 0.1427975 0.2368780 0.4989339 0.1396790 0.0960149 0.1131912 0.2678560 0.3332049 0.2246922 0.1696338 0.0172290 0.2311639 0.2246922 0.5784950 0.0000000 0.0073306 2.9935740 0.2573835 0.2246922 
GCA045679555_Iceland_A_alpinus 0.2427711 0.1459322 0.2402945 0.5033439 0.1428047 0.0960451 0.1159824 0.2637101 0.3397572 0.2214557 0.1665716 0.0147490 0.2279103 0.2214557 0.5640684 0.0073306 0.0000000 3.0000807 0.2500803 0.2214557 
GCF013265735_Rainbow_Trout     3.0891229 2.8644551 3.0620667 2.2547562 2.8637381 3.0465500 2.5694204 3.0787093 3.8027767 2.5706194 2.5833226 3.0127009 2.5706571 2.5706194 1.6850418 2.9935740 3.0000807 0.0000000 2.8889180 2.5706194 
GCF029448725_Brook_Trout       0.4124231 0.3023499 0.4117496 0.7317791 0.2987794 0.3922718 0.2575021 0.3631547 0.7002526 0.2969355 0.3101911 0.2470803 0.3002210 0.2936578 0.5001017 0.2573835 0.2500803 2.8889180 0.0000000 0.2936578 
Methow_River_99895             0.3602328 0.2540937 0.3565098 0.6409386 0.2508162 0.3458626 0.2180466 0.0000010 0.5513586 0.0021539 0.0842150 0.2150217 0.0043122 0.0000010 0.6086392 0.2246922 0.2214557 2.5706194 0.2936578 0.0000000 
