16
251140_Ward_Creek            0.0000000 0.0000010 0.0000010 0.1139790 0.0771000 0.0771000 0.1020770 0.0603522 0.0919955 0.0603522 0.0582483 0.0000010 0.1289750 0.0000010 1.2704380 0.2022739 
260512_Pybus_Point           0.0000010 0.0000000 0.0000010 0.1172990 0.0941461 0.0941461 0.1047304 0.0617373 0.0941461 0.0617373 0.0595352 0.0000010 0.1321586 0.0000010 1.3262022 0.2075476 
261935_Kenai_River           0.0000010 0.0000010 0.0000000 0.1139790 0.0919955 0.0919955 0.1020770 0.0603522 0.0919955 0.0603522 0.0582483 0.0000010 0.1289750 0.0000010 1.2704380 0.2022739 
353213_Cropley_Lake          0.1139790 0.1172990 0.1139790 0.0000000 0.0000010 0.0000010 0.0720959 0.0353001 0.0000010 0.0353001 0.1142917 0.1139790 0.1142917 0.1139790 1.2754450 0.2003986 
353219_Peterson_Creek        0.0771000 0.0941461 0.0919955 0.0000010 0.0000000 0.0000010 0.0647509 0.0288704 0.0000010 0.0288704 0.0922099 0.0838933 0.0922099 0.0838933 1.1176652 0.1601575 
353220_Fish_Creek            0.0771000 0.0941461 0.0919955 0.0000010 0.0000010 0.0000000 0.0647509 0.0288704 0.0000010 0.0288704 0.0922099 0.0838933 0.0922099 0.0838933 1.1176652 0.1601575 
353246_Cottonwood_Creek      0.1020770 0.1047304 0.1020770 0.0720959 0.0647509 0.0647509 0.0000000 0.0318500 0.0647509 0.0318500 0.1023348 0.1020770 0.1023348 0.1020770 1.1106729 0.1784420 
353379_Skagit_River          0.0603522 0.0617373 0.0603522 0.0353001 0.0288704 0.0288704 0.0318500 0.0000000 0.0288704 0.0000010 0.0605000 0.0603522 0.0605000 0.0603522 1.0471652 0.1259569 
353381_Dungeness_River       0.0919955 0.0941461 0.0919955 0.0000010 0.0000010 0.0000010 0.0647509 0.0288704 0.0000000 0.0288704 0.0922099 0.0919955 0.0922099 0.0919955 1.1176652 0.1601575 
353401_Peace_River           0.0603522 0.0617373 0.0603522 0.0353001 0.0288704 0.0288704 0.0318500 0.0000010 0.0288704 0.0000000 0.0605000 0.0603522 0.0605000 0.0603522 1.0471652 0.1259569 
353407_Noatok                0.0582483 0.0595352 0.0582483 0.1142917 0.0922099 0.0922099 0.1023348 0.0605000 0.0922099 0.0605000 0.0000000 0.0582483 0.1292649 0.0582483 1.2611419 0.2026597 
353410_Horizon_Lake          0.0000010 0.0000010 0.0000010 0.1139790 0.0838933 0.0838933 0.1020770 0.0603522 0.0919955 0.0603522 0.0582483 0.0000000 0.1289750 0.0000010 1.2704380 0.2022739 
GCA016432855_Lake_Trout      0.1289750 0.1321586 0.1289750 0.1142917 0.0922099 0.0922099 0.1023348 0.0605000 0.0922099 0.0605000 0.1292649 0.1289750 0.0000000 0.1289750 1.1989068 0.2026597 
GCA036784925_Maine_S_alpinus 0.0000010 0.0000010 0.0000010 0.1139790 0.0838933 0.0838933 0.1020770 0.0603522 0.0919955 0.0603522 0.0582483 0.0000010 0.1289750 0.0000000 1.2704380 0.2022739 
GCF013265735_Rainbow_Trout   1.2704380 1.3262022 1.2704380 1.2754450 1.1176652 1.1176652 1.1106729 1.0471652 1.1176652 1.0471652 1.2611419 1.2704380 1.1989068 1.2704380 0.0000000 1.4202370 
GCF029448725_Brook_Trout     0.2022739 0.2075476 0.2022739 0.2003986 0.1601575 0.1601575 0.1784420 0.1259569 0.1601575 0.1259569 0.2026597 0.2022739 0.2026597 0.2022739 1.4202370 0.0000000 
