19
251140_Ward_Creek              0.0000000 0.0000010 0.0765018 0.0641559 0.0123385 0.0375429 0.1051042 0.0123385 0.0913770 0.0633546 0.0633546 8.9999990 0.0913770 0.1604224 0.0765018 0.0766581 0.7701383 0.5959241 0.1051042 
260512_Pybus_Point             0.0000010 0.0000000 0.0765018 0.0641559 0.0123385 0.0375429 0.1051042 0.0123385 0.0913770 0.0633546 0.0633546 8.9999990 0.0913770 0.1604224 0.0765018 0.0766581 0.7701383 0.5959241 0.1051042 
261935_Kenai_River             0.0765018 0.0765018 0.0000000 0.1186924 0.0898127 0.0900010 0.1333934 0.0633546 0.1192747 0.0376139 0.0634807 8.9999985 0.1192747 0.1901224 0.0766581 0.0768151 0.7751217 0.6419110 0.1333934 
353213_Cropley_Lake            0.0641559 0.0641559 0.1186924 0.0000000 0.0774714 0.0776319 0.1208282 0.0510048 0.1351356 0.1048338 0.1048338 8.9999988 0.1351356 0.2077665 0.1186924 0.1189594 0.8622786 0.5232701 0.1496276 
353219_Peterson_Creek          0.0123385 0.0123385 0.0898127 0.0774714 0.0000000 0.0503690 0.1190062 0.0248284 0.1051042 0.0765018 0.0765018 8.9999988 0.1051042 0.1749366 0.0898127 0.0900010 0.7937226 0.6169977 0.1190062 
353246_Cottonwood_Creek        0.0375429 0.0375429 0.0900010 0.0776319 0.0503690 0.0000000 0.1192747 0.0248742 0.1053351 0.0766581 0.0766581 8.9999988 0.1053351 0.1753727 0.0900010 0.0633546 0.7996443 0.6204523 0.1192747 
353379_Skagit_River            0.1051042 0.1051042 0.1333934 0.1208282 0.1190062 0.1192747 0.0000000 0.0913770 0.0125192 0.0911825 0.0911825 8.9999988 0.0125192 0.1058005 0.0776605 0.0778218 0.7867700 0.5652943 0.0251945 
353381_Dungeness_River         0.0123385 0.0123385 0.0633546 0.0510048 0.0248284 0.0248742 0.0913770 0.0000000 0.0778218 0.0503690 0.0503690 8.9999983 0.0778218 0.1460921 0.0633546 0.0634807 0.7466392 0.5750266 0.0913770 
353401_Peace_River             0.0913770 0.0913770 0.1192747 0.1351356 0.1051042 0.1053351 0.0125192 0.0778218 0.0000000 0.0776605 0.0776605 8.9999986 0.0000010 0.0919664 0.0643081 0.0644383 0.7627637 0.5864581 0.0125192 
353407_Noatok                  0.0633546 0.0633546 0.0376139 0.1048338 0.0765018 0.0766581 0.0911825 0.0503690 0.0776605 0.0000000 0.0248284 8.9999990 0.0776605 0.1457492 0.0374721 0.0375429 0.7414959 0.6136093 0.0911825 
353410_Horizon_Lake            0.0633546 0.0633546 0.0634807 0.1048338 0.0765018 0.0766581 0.0911825 0.0503690 0.0776605 0.0248284 0.0000000 8.9999990 0.0776605 0.1457492 0.0123385 0.0375429 0.7414959 0.6136093 0.0911825 
92319_Little_Lost              8.9999990 8.9999990 8.9999985 8.9999988 8.9999988 8.9999988 8.9999988 8.9999983 8.9999986 8.9999990 8.9999990 0.0000000 8.9999986 8.9999986 8.9999983 8.9999985 9.0000000 8.9999988 8.9999984 
94280_St_Joe                   0.0913770 0.0913770 0.1192747 0.1351356 0.1051042 0.1053351 0.0125192 0.0778218 0.0000010 0.0776605 0.0776605 8.9999986 0.0000000 0.0919664 0.0643081 0.0644383 0.7627637 0.5864581 0.0125192 
GCA016432855_Lake_Trout        0.1604224 0.1604224 0.1901224 0.2077665 0.1749366 0.1753727 0.1058005 0.1460921 0.0919664 0.1457492 0.1457492 8.9999986 0.0919664 0.0000000 0.1316425 0.1319440 0.8236250 0.6825267 0.1058005 
GCA036784925_Maine_S_alpinus   0.0765018 0.0765018 0.0766581 0.1186924 0.0898127 0.0900010 0.0776605 0.0633546 0.0643081 0.0374721 0.0123385 8.9999983 0.0643081 0.1316425 0.0000000 0.0248742 0.7184033 0.5927424 0.0776605 
GCA045679555_Iceland_A_alpinus 0.0766581 0.0766581 0.0768151 0.1189594 0.0900010 0.0633546 0.0778218 0.0634807 0.0644383 0.0375429 0.0375429 8.9999985 0.0644383 0.1319440 0.0248742 0.0000000 0.7232492 0.5959241 0.0778218 
GCF013265735_Rainbow_Trout     0.7701383 0.7701383 0.7751217 0.8622786 0.7937226 0.7996443 0.7867700 0.7466392 0.7627637 0.7414959 0.7414959 9.0000000 0.7627637 0.8236250 0.7184033 0.7232492 0.0000000 0.9229817 0.7867700 
GCF029448725_Brook_Trout       0.5959241 0.5959241 0.6419110 0.5232701 0.6169977 0.6204523 0.5652943 0.5750266 0.5864581 0.6136093 0.6136093 8.9999988 0.5864581 0.6825267 0.5927424 0.5959241 0.9229817 0.0000000 0.6078103 
Methow_River_99895             0.1051042 0.1051042 0.1333934 0.1496276 0.1190062 0.1192747 0.0251945 0.0913770 0.0125192 0.0911825 0.0911825 8.9999984 0.0125192 0.1058005 0.0776605 0.0778218 0.7867700 0.6078103 0.0000000 
