18
251140_Ward_Creek              0.0000000 0.2106159 0.0142879 0.0142879 0.0164651 0.0288781 0.1957302 2.2548482 0.3389053 0.0287294 0.2941504 0.3937632 0.3389053 0.6404161 0.3163394 0.3037792 2.1580768 0.8970719 
260512_Pybus_Point             0.2106159 0.0000000 0.1899731 0.1899731 0.2242043 0.2091302 0.4369694 0.8393004 0.6545532 0.2075869 0.5622474 0.7778534 0.6545532 0.3076670 0.6220097 0.6013465 1.7326895 0.4711367 
261935_Kenai_River             0.0142879 0.1899731 0.0000000 0.0000010 0.0000010 0.0142211 0.1761190 2.0244919 0.3134263 0.0141502 0.2703996 0.3634136 0.3134263 0.6002098 0.2917366 0.2797786 2.0985843 0.8424352 
353213_Cropley_Lake            0.0142879 0.1899731 0.0000010 0.0000000 0.0000010 0.0142211 0.1761190 2.0244919 0.3134263 0.0141502 0.2703996 0.3634136 0.3134263 0.6002098 0.2917366 0.2797786 2.0985843 0.8424352 
353220_Fish_Creek              0.0164651 0.2242043 0.0000010 0.0000010 0.0000000 0.0163763 0.2065404 2.0244919 0.3753632 0.0162822 0.3223126 0.4463825 0.3753632 0.7308737 0.3485781 0.3335163 2.2774480 0.9888829 
353246_Cottonwood_Creek        0.0288781 0.2091302 0.0142211 0.0142211 0.0163763 0.0000000 0.1944231 1.9886804 0.3358922 0.0285919 0.2917286 0.3895568 0.3358922 0.6311614 0.3136325 0.3012486 2.1162774 0.8793603 
353379_Skagit_River            0.1957302 0.4369694 0.1761190 0.1761190 0.2065404 0.1944231 0.0000000 2.4534339 0.1002739 0.1761004 0.2747095 0.1194910 0.1002739 0.6275239 0.2965645 0.2842899 2.1907416 0.9168191 
353381_Dungeness_River         2.2548482 0.8393004 2.0244919 2.0244919 2.0244919 1.9886804 2.4534339 0.0000000 3.3077154 2.0247191 2.9063183 3.9676802 3.3077154 1.8602175 3.2645906 3.1360284 2.7650021 2.0311564 
353401_Peace_River             0.3389053 0.6545532 0.3134263 0.3134263 0.3753632 0.3358922 0.1002739 3.3077154 0.0000000 0.3133931 0.1418752 0.0076705 0.0000010 0.4115555 0.1595487 0.1501433 2.4897253 0.6359117 
353407_Noatok                  0.0287294 0.2075869 0.0141502 0.0141502 0.0162822 0.0285919 0.1761004 2.0247191 0.3133931 0.0000000 0.2703707 0.3633721 0.3133931 0.6001543 0.2917055 0.2797488 1.8711390 0.8423771 
353410_Horizon_Lake            0.2941504 0.5622474 0.2703996 0.2703996 0.3223126 0.2917286 0.2747095 2.9063183 0.1418752 0.2703707 0.0000000 0.1661142 0.1418752 0.3657862 0.0287858 0.0214163 2.3653778 0.5705096 
92319_Little_Lost              0.3937632 0.7778534 0.3634136 0.3634136 0.4463825 0.3895568 0.1194910 3.9676802 0.0076705 0.3633721 0.1661142 0.0000000 0.0076705 0.4793190 0.1860802 0.1753440 2.6758666 0.7478566 
94280_St_Joe                   0.3389053 0.6545532 0.3134263 0.3134263 0.3753632 0.3358922 0.1002739 3.3077154 0.0000010 0.3133931 0.1418752 0.0076705 0.0000000 0.4115555 0.1595487 0.1501433 2.4897253 0.6359117 
GCA016432855_Lake_Trout        0.6404161 0.3076670 0.6002098 0.6002098 0.7308737 0.6311614 0.6275239 1.8602175 0.4115555 0.6001543 0.3657862 0.4793190 0.4115555 0.0000000 0.4075562 0.3932307 1.9931610 0.2855511 
GCA036784925_Maine_S_alpinus   0.3163394 0.6220097 0.2917366 0.2917366 0.3485781 0.3136325 0.2965645 3.2645906 0.1595487 0.2917055 0.0287858 0.1860802 0.1595487 0.4075562 0.0000000 0.0070646 2.4373885 0.6271653 
GCA045679555_Iceland_A_alpinus 0.3037792 0.6013465 0.2797786 0.2797786 0.3335163 0.3012486 0.2842899 3.1360284 0.1501433 0.2797488 0.0214163 0.1753440 0.1501433 0.3932307 0.0070646 0.0000000 2.4373885 0.6076633 
GCF013265735_Rainbow_Trout     2.1580768 1.7326895 2.0985843 2.0985843 2.2774480 2.1162774 2.1907416 2.7650021 2.4897253 1.8711390 2.3653778 2.6758666 2.4897253 1.9931610 2.4373885 2.4373885 0.0000000 1.9424648 
GCF029448725_Brook_Trout       0.8970719 0.4711367 0.8424352 0.8424352 0.9888829 0.8793603 0.9168191 2.0311564 0.6359117 0.8423771 0.5705096 0.7478566 0.6359117 0.2855511 0.6271653 0.6076633 1.9424648 0.0000000 
