15
251140_Ward_Creek              0.0000000 0.0000010 0.0492455 0.0392518 0.0000010 0.0392518 0.0492455 0.0133494 0.0739778 0.0416099 0.0312402 0.0114312 0.0114312 0.0828285 0.0633610 
260512_Pybus_Point             0.0000010 0.0000000 0.0492455 0.0392518 0.0000010 0.0392518 0.0492455 0.0133494 0.0739778 0.0416099 0.0312402 0.0114312 0.0114312 0.0828285 0.0633610 
353246_Cottonwood_Creek        0.0492455 0.0492455 0.0000000 0.0230583 0.0726595 0.0230583 0.0000010 0.0428592 0.0459192 0.0253941 0.0407302 0.0407751 0.0407751 0.1049115 0.1107462 
353379_Skagit_River            0.0392518 0.0392518 0.0230583 0.0000000 0.0584295 0.0000010 0.0230583 0.0321310 0.0000010 0.0022498 0.0274425 0.0298009 0.0298009 0.1071317 0.1034548 
353381_Dungeness_River         0.0000010 0.0000010 0.0726595 0.0584295 0.0000000 0.0584295 0.0726595 0.0158170 0.1843601 0.0627379 0.0540176 0.0158170 0.0158170 0.1344994 0.2065577 
353401_Peace_River             0.0392518 0.0392518 0.0230583 0.0000010 0.0584295 0.0000000 0.0230583 0.0321310 0.0000010 0.0022498 0.0274425 0.0298009 0.0298009 0.1071317 0.1034548 
353407_Noatok                  0.0492455 0.0492455 0.0000010 0.0230583 0.0726595 0.0230583 0.0000000 0.0428592 0.0459192 0.0253941 0.0407302 0.0407751 0.0407751 0.1049115 0.1107462 
353410_Horizon_Lake            0.0133494 0.0133494 0.0428592 0.0321310 0.0158170 0.0321310 0.0428592 0.0000000 0.0680875 0.0344665 0.0252536 0.0018920 0.0018920 0.0761995 0.0606383 
92319_Little_Lost              0.0739778 0.0739778 0.0459192 0.0000010 0.1843601 0.0000010 0.0459192 0.0680875 0.0000000 0.0054492 0.0562380 0.0622316 0.0622316 0.2428517 0.1867684 
94280_St_Joe                   0.0416099 0.0416099 0.0253941 0.0022498 0.0627379 0.0022498 0.0253941 0.0344665 0.0054492 0.0000000 0.0297641 0.0321310 0.0321310 0.1097068 0.1070961 
GCA016432855_Lake_Trout        0.0312402 0.0312402 0.0407302 0.0274425 0.0540176 0.0274425 0.0407302 0.0252536 0.0562380 0.0297641 0.0000000 0.0232881 0.0232881 0.0883578 0.0591103 
GCA036784925_Maine_S_alpinus   0.0114312 0.0114312 0.0407751 0.0298009 0.0158170 0.0298009 0.0407751 0.0018920 0.0622316 0.0321310 0.0232881 0.0000000 0.0000010 0.0740606 0.0579231 
GCA045679555_Iceland_A_alpinus 0.0114312 0.0114312 0.0407751 0.0298009 0.0158170 0.0298009 0.0407751 0.0018920 0.0622316 0.0321310 0.0232881 0.0000010 0.0000000 0.0740606 0.0579231 
GCF013265735_Rainbow_Trout     0.0828285 0.0828285 0.1049115 0.1071317 0.1344994 0.1071317 0.1049115 0.0761995 0.2428517 0.1097068 0.0883578 0.0740606 0.0740606 0.0000000 0.1359312 
GCF029448725_Brook_Trout       0.0633610 0.0633610 0.1107462 0.1034548 0.2065577 0.1034548 0.1107462 0.0606383 0.1867684 0.1070961 0.0591103 0.0579231 0.0579231 0.1359312 0.0000000 
