16
251140_Ward_Creek              0.0000000 0.0000010 0.0361510 0.0362997 0.1877816 0.5017625 0.2051015 0.0943794 0.0361510 0.3290506 0.2051015 0.1599077 0.1128303 0.0955208 0.5747948 0.2636917 
260512_Pybus_Point             0.0000010 0.0000000 0.0361510 0.0362997 0.1877816 0.5017625 0.2051015 0.0943794 0.0361510 0.3290506 0.2051015 0.1599077 0.1128303 0.0955208 0.5747948 0.2636917 
261935_Kenai_River             0.0361510 0.0361510 0.0000000 0.0740614 0.1877816 0.7722021 0.2051015 0.0943794 0.0361510 0.3290506 0.2051015 0.1599077 0.1128303 0.0955208 0.5747948 0.2636917 
353246_Cottonwood_Creek        0.0362997 0.0362997 0.0740614 0.0000000 0.1886761 0.6522990 0.2060602 0.0557071 0.0362997 0.3309927 0.2060602 0.1606334 0.1133121 0.0959355 0.5778588 0.2650144 
353379_Skagit_River            0.1877816 0.1877816 0.1877816 0.1886761 0.0000000 1.2256466 0.0561618 0.2147176 0.1877816 0.1341178 0.0561618 0.1847055 0.1877816 0.1650444 0.7265011 0.2947532 
353381_Dungeness_River         0.5017625 0.5017625 0.7722021 0.6522990 1.2256466 0.0000000 1.3149802 1.2256466 0.6358984 5.7293659 1.3149802 1.4282383 1.1035636 1.0113112 2.1298327 2.3308369 
353401_Peace_River             0.2051015 0.2051015 0.2051015 0.2060602 0.0561618 1.3149802 0.0000000 0.2320760 0.2051015 0.1537675 0.0000010 0.2074179 0.2051015 0.1877816 0.7579402 0.3211810 
353407_Noatok                  0.0943794 0.0943794 0.0943794 0.0557071 0.2147176 1.2256466 0.2320760 0.0000000 0.0554737 0.3687880 0.2320760 0.1405934 0.0943794 0.0766796 0.5613811 0.2434509 
353410_Horizon_Lake            0.0361510 0.0361510 0.0361510 0.0362997 0.1877816 0.6358984 0.2051015 0.0554737 0.0000000 0.3290506 0.2051015 0.1599077 0.1128303 0.0955208 0.5747948 0.2636917 
92319_Little_Lost              0.3290506 0.3290506 0.3290506 0.3309927 0.1341178 5.7293659 0.1537675 0.3687880 0.3290506 0.0000000 0.1537675 0.3327737 0.2993490 0.3101194 1.1374105 0.5030833 
94280_St_Joe                   0.2051015 0.2051015 0.2051015 0.2060602 0.0561618 1.3149802 0.0000010 0.2320760 0.2051015 0.1537675 0.0000000 0.2074179 0.2051015 0.1877816 0.7579402 0.3211810 
GCA016432855_Lake_Trout        0.1599077 0.1599077 0.1599077 0.1606334 0.1847055 1.4282383 0.2074179 0.1405934 0.1599077 0.3327737 0.2074179 0.0000000 0.1174649 0.0968652 0.5913798 0.2109904 
GCA036784925_Maine_S_alpinus   0.1128303 0.1128303 0.1128303 0.1133121 0.1877816 1.1035636 0.2051015 0.0943794 0.1128303 0.2993490 0.2051015 0.1174649 0.0000000 0.0561618 0.5171543 0.2147176 
GCA045679555_Iceland_A_alpinus 0.0955208 0.0955208 0.0955208 0.0959355 0.1650444 1.0113112 0.1877816 0.0766796 0.0955208 0.3101194 0.1877816 0.0968652 0.0561618 0.0000000 0.4883792 0.1909843 
GCF013265735_Rainbow_Trout     0.5747948 0.5747948 0.5747948 0.5778588 0.7265011 2.1298327 0.7579402 0.5613811 0.5747948 1.1374105 0.7579402 0.5913798 0.5171543 0.4883792 0.0000000 0.7865670 
GCF029448725_Brook_Trout       0.2636917 0.2636917 0.2636917 0.2650144 0.2947532 2.3308369 0.3211810 0.2434509 0.2636917 0.5030833 0.3211810 0.2109904 0.2147176 0.1909843 0.7865670 0.0000000 
