18
251140_Ward_Creek              0.0000000 0.0026391 0.0018689 0.0009340 0.0018689 0.0033794 0.0276121 0.0331898 0.0113827 0.0056238 0.0075111 0.0113827 0.0123364 0.0354575 0.0084503 0.0075073 0.0922725 0.0453210 
260512_Pybus_Point             0.0026391 0.0000000 0.0000010 0.0009779 0.0000010 0.0008788 0.0268778 0.0361287 0.0099255 0.0039206 0.0058911 0.0099255 0.0109228 0.0351124 0.0068731 0.0058880 0.0947882 0.0454387 
261935_Kenai_River             0.0018689 0.0000010 0.0000000 0.0009340 0.0000010 0.0000010 0.0256129 0.0289882 0.0094764 0.0037456 0.0056279 0.0094764 0.0104284 0.0335077 0.0065662 0.0056251 0.0901000 0.0433484 
353213_Cropley_Lake            0.0009340 0.0009779 0.0009340 0.0000000 0.0009340 0.0009340 0.0266106 0.0331898 0.0104284 0.0046840 0.0065686 0.0104284 0.0113812 0.0344798 0.0075073 0.0065653 0.0911787 0.0443315 
353219_Peterson_Creek          0.0018689 0.0000010 0.0000010 0.0009340 0.0000000 0.0000010 0.0256129 0.0289882 0.0094764 0.0037456 0.0056279 0.0094764 0.0104284 0.0335077 0.0065662 0.0056251 0.0901000 0.0433484 
353220_Fish_Creek              0.0033794 0.0008788 0.0000010 0.0009340 0.0000010 0.0000000 0.0256129 0.0289882 0.0094764 0.0037456 0.0056279 0.0094764 0.0104284 0.0335077 0.0065662 0.0056251 0.0901000 0.0433484 
353379_Skagit_River            0.0276121 0.0268778 0.0256129 0.0266106 0.0256129 0.0256129 0.0000000 0.1473369 0.0156591 0.0255937 0.0276118 0.0156591 0.0166450 0.0532986 0.0285993 0.0275972 0.1111121 0.0627309 
353381_Dungeness_River         0.0331898 0.0361287 0.0289882 0.0331898 0.0289882 0.0289882 0.1473369 0.0000000 0.0591170 0.0417310 0.0461680 0.0591170 0.0634587 0.1745065 0.0417553 0.0374884 0.4763708 0.2332490 
353401_Peace_River             0.0113827 0.0099255 0.0094764 0.0104284 0.0094764 0.0094764 0.0156591 0.0591170 0.0000000 0.0094693 0.0113826 0.0000010 0.0009419 0.0357595 0.0123317 0.0113768 0.0931232 0.0447172 
353407_Noatok                  0.0056238 0.0039206 0.0037456 0.0046840 0.0037456 0.0037456 0.0255937 0.0417310 0.0094693 0.0000000 0.0056237 0.0094693 0.0104206 0.0334822 0.0065613 0.0056209 0.0900251 0.0433158 
353410_Horizon_Lake            0.0075111 0.0058911 0.0056279 0.0065686 0.0056279 0.0056279 0.0276118 0.0461680 0.0113826 0.0056237 0.0000000 0.0113826 0.0123363 0.0354571 0.0046856 0.0037465 0.0922711 0.0453205 
92319_Little_Lost              0.0113827 0.0099255 0.0094764 0.0104284 0.0094764 0.0094764 0.0156591 0.0591170 0.0000010 0.0094693 0.0113826 0.0000000 0.0009419 0.0357595 0.0123317 0.0113768 0.0931232 0.0447172 
94280_St_Joe                   0.0123364 0.0109228 0.0104284 0.0113812 0.0104284 0.0104284 0.0166450 0.0634587 0.0009419 0.0104206 0.0123363 0.0009419 0.0000000 0.0367418 0.0132858 0.0123301 0.0942146 0.0457094 
GCA016432855_Lake_Trout        0.0354575 0.0351124 0.0335077 0.0344798 0.0335077 0.0335077 0.0532986 0.1745065 0.0357595 0.0334822 0.0354571 0.0357595 0.0367418 0.0000000 0.0364172 0.0354389 0.0566383 0.0687415 
GCA036784925_Maine_S_alpinus   0.0084503 0.0068731 0.0065662 0.0075073 0.0065662 0.0065662 0.0285993 0.0417553 0.0123317 0.0065613 0.0046856 0.0123317 0.0132858 0.0364172 0.0000000 0.0009339 0.0933141 0.0462868 
GCA045679555_Iceland_A_alpinus 0.0075073 0.0058880 0.0056251 0.0065653 0.0056251 0.0056251 0.0275972 0.0374884 0.0113768 0.0056209 0.0037465 0.0113768 0.0123301 0.0354389 0.0009339 0.0000000 0.0922195 0.0452971 
GCF013265735_Rainbow_Trout     0.0922725 0.0947882 0.0901000 0.0911787 0.0901000 0.0901000 0.1111121 0.4763708 0.0931232 0.0900251 0.0922711 0.0931232 0.0942146 0.0566383 0.0933141 0.0922195 0.0000000 0.1276713 
GCF029448725_Brook_Trout       0.0453210 0.0454387 0.0433484 0.0443315 0.0433484 0.0433484 0.0627309 0.2332490 0.0447172 0.0433158 0.0453205 0.0447172 0.0457094 0.0687415 0.0462868 0.0452971 0.1276713 0.0000000 
