9
251140_Ward_Creek              0.0000000 0.0426542 0.0000010 0.0438816 0.0927720 0.0438816 0.0438816 1.5607058 0.0873848 
260512_Pybus_Point             0.0426542 0.0000000 0.0426542 0.0899958 0.1429827 0.0899958 0.0899958 1.6752986 0.1343505 
261935_Kenai_River             0.0000010 0.0426542 0.0000000 0.0438816 0.0927720 0.0438816 0.0438816 1.5607058 0.0873848 
353219_Peterson_Creek          0.0438816 0.0899958 0.0438816 0.0000000 0.1477488 0.0927720 0.0927720 1.7136918 0.1385269 
353410_Horizon_Lake            0.0927720 0.1429827 0.0927720 0.1477488 0.0000000 0.0438816 0.0438816 2.1616355 0.1960459 
GCA036784925_Maine_S_alpinus   0.0438816 0.0899958 0.0438816 0.0927720 0.0438816 0.0000000 0.0000010 1.8364613 0.1385269 
GCA045679555_Iceland_A_alpinus 0.0438816 0.0899958 0.0438816 0.0927720 0.0438816 0.0000010 0.0000000 1.8364613 0.1385269 
GCF013265735_Rainbow_Trout     1.5607058 1.6752986 1.5607058 1.7136918 2.1616355 1.8364613 1.8364613 0.0000000 1.7825108 
GCF029448725_Brook_Trout       0.0873848 0.1343505 0.0873848 0.1385269 0.1960459 0.1385269 0.1385269 1.7825108 0.0000000 
