19
251140_Ward_Creek              0.0000000 0.0110015 0.1060034 0.0000010 0.0110015 0.0936745 0.4350832 0.0188322 0.2918828 0.0951230 0.1313034 0.5461512 0.3098222 0.1860392 0.1304423 0.1846100 1.1440444 0.3377838 0.5088556 
260512_Pybus_Point             0.0110015 0.0000000 0.1192747 0.0110015 0.0000010 0.1067081 0.4602036 0.0384085 0.3098980 0.1083802 0.1451037 0.5862970 0.3284706 0.2011973 0.1441258 0.1996075 1.1870747 0.3568777 0.5463317 
261935_Kenai_River             0.1060034 0.1192747 0.0000000 0.1060034 0.1192747 0.0337388 0.3367998 0.2176808 0.2162158 0.0342296 0.0942764 0.4013112 0.2321893 0.1192918 0.0936879 0.1458060 1.0527812 0.2883177 0.3708092 
353213_Cropley_Lake            0.0000010 0.0110015 0.1060034 0.0000000 0.0110015 0.0936745 0.4350832 0.0188322 0.2918828 0.0951230 0.1313034 0.5461512 0.3098222 0.1860392 0.1304423 0.1846100 1.1440444 0.3377838 0.5088556 
353220_Fish_Creek              0.0110015 0.0000010 0.1192747 0.0110015 0.0000000 0.1067081 0.4602036 0.0384085 0.3098980 0.1083802 0.1451037 0.5862970 0.3284706 0.2011973 0.1441258 0.1996075 1.1870747 0.3568777 0.5463317 
353246_Cottonwood_Creek        0.0936745 0.1067081 0.0337388 0.0936745 0.1067081 0.0000000 0.3192929 0.1938087 0.2022876 0.0226953 0.0820228 0.3765142 0.2179592 0.1067540 0.0815199 0.1328841 1.0347246 0.3086649 0.3469314 
353379_Skagit_River            0.4350832 0.4602036 0.3367998 0.4350832 0.4602036 0.3192929 0.0000000 1.0013880 0.0634428 0.2677771 0.3743961 0.1459535 0.0771293 0.3384056 0.3703170 0.4544330 1.5740414 0.4546505 0.1223998 
353381_Dungeness_River         0.0188322 0.0384085 0.2176808 0.0188322 0.0384085 0.1938087 1.0013880 0.0000000 0.5249364 0.1994139 0.2681494 2.4703792 0.5703254 0.3518913 0.2643940 0.3790822 1.8930657 0.7062714 2.1296583 
353401_Peace_River             0.2918828 0.3098980 0.2162158 0.2918828 0.3098980 0.2022876 0.0634428 0.5249364 0.0000000 0.1615594 0.2453712 0.0327011 0.0110006 0.2168651 0.2434179 0.3071181 1.2644918 0.4529590 0.0160863 
353407_Noatok                  0.0951230 0.1083802 0.0342296 0.0951230 0.1083802 0.0226953 0.2677771 0.1994139 0.1615594 0.0000000 0.0580593 0.3038840 0.1763364 0.0822616 0.0577151 0.0951357 0.9782785 0.2782695 0.2771955 
353410_Horizon_Lake            0.1313034 0.1451037 0.0942764 0.1313034 0.1451037 0.0820228 0.3743961 0.2681494 0.2453712 0.0580593 0.0000000 0.4559325 0.2620689 0.1451537 0.0221221 0.0686554 1.1034118 0.3567589 0.4229647 
92319_Little_Lost              0.5461512 0.5862970 0.4013112 0.5461512 0.5862970 0.3765142 0.1459535 2.4703792 0.0327011 0.3038840 0.4559325 0.0000000 0.0160806 0.4043599 0.4484302 0.5744925 1.9179285 0.8596312 0.0160870 
94280_St_Joe                   0.3098222 0.3284706 0.2321893 0.3098222 0.3284706 0.2179592 0.0771293 0.5703254 0.0110006 0.1763364 0.2620689 0.0160806 0.0000000 0.2329258 0.2599137 0.3254198 1.3100164 0.4759814 0.0327011 
GCA016432855_Lake_Trout        0.1860392 0.2011973 0.1192918 0.1860392 0.2011973 0.1067540 0.3384056 0.3518913 0.2168651 0.0822616 0.1451537 0.4043599 0.2329258 0.0000000 0.1441750 0.1996780 0.9520503 0.2597250 0.3733823 
GCA036784925_Maine_S_alpinus   0.1304423 0.1441258 0.0936879 0.1304423 0.1441258 0.0815199 0.3703170 0.2643940 0.2434179 0.0577151 0.0221221 0.4484302 0.2599137 0.1441750 0.0000000 0.0682501 1.0811278 0.3534026 0.4164186 
GCA045679555_Iceland_A_alpinus 0.1846100 0.1996075 0.1458060 0.1846100 0.1996075 0.1328841 0.4544330 0.3790822 0.3071181 0.0951357 0.0686554 0.5744925 0.3254198 0.1996780 0.0682501 0.0000000 1.1934947 0.4260032 0.5360756 
GCF013265735_Rainbow_Trout     1.1440444 1.1870747 1.0527812 1.1440444 1.1870747 1.0347246 1.5740414 1.8930657 1.2644918 0.9782785 1.1034118 1.9179285 1.3100164 0.9520503 1.0811278 1.1934947 0.0000000 1.2374309 1.8537480 
GCF029448725_Brook_Trout       0.3377838 0.3568777 0.2883177 0.3377838 0.3568777 0.3086649 0.4546505 0.7062714 0.4529590 0.2782695 0.3567589 0.8596312 0.4759814 0.2597250 0.3534026 0.4260032 1.2374309 0.0000000 0.8034253 
Methow_River_99895             0.5088556 0.5463317 0.3708092 0.5088556 0.5463317 0.3469314 0.1223998 2.1296583 0.0160863 0.2771955 0.4229647 0.0160870 0.0327011 0.3733823 0.4164186 0.5360756 1.8537480 0.8034253 0.0000000 
