14
251140_Ward_Creek            0.0000000 0.0000010 0.0014406 0.0028818 0.1063308 0.2375339 0.1063308 0.2568653 0.1042783 0.1309591 0.1076309 0.1042783 0.1103355 0.1109317 
260512_Pybus_Point           0.0000010 0.0000000 0.0014406 0.0028818 0.1063308 0.2375339 0.1063308 0.2568653 0.1042783 0.1309591 0.1076309 0.1042783 0.1103355 0.1109317 
353219_Peterson_Creek        0.0014406 0.0014406 0.0000000 0.0043281 0.1080735 0.2405082 0.1080735 0.2605075 0.1059841 0.1327728 0.1093457 0.1059841 0.1120973 0.1126541 
353246_Cottonwood_Creek      0.0028818 0.0028818 0.0043281 0.0000000 0.1063308 0.2430315 0.1063308 0.2535349 0.1010017 0.1309591 0.1043408 0.1010017 0.1069586 0.1076309 
353379_Skagit_River          0.1063308 0.1063308 0.1080735 0.1063308 0.0000000 0.2047113 0.0000010 0.0587665 0.0040479 0.0191311 0.0040500 0.0040479 0.1498473 0.0067591 
353381_Dungeness_River       0.2375339 0.2375339 0.2405082 0.2430315 0.2047113 0.0000000 0.2047113 0.6730603 0.2022024 0.2403334 0.2070595 0.2022024 0.4157749 0.2117725 
353401_Peace_River           0.1063308 0.1063308 0.1080735 0.1063308 0.0000010 0.2047113 0.0000000 0.0587665 0.0040479 0.0191311 0.0040500 0.0040479 0.1498473 0.0067591 
353407_Noatok                0.2568653 0.2568653 0.2605075 0.2535349 0.0587665 0.6730603 0.0587665 0.0000000 0.0528106 0.0928081 0.0573888 0.0528106 0.3455834 0.0550729 
353410_Horizon_Lake          0.1042783 0.1042783 0.1059841 0.1010017 0.0040479 0.2022024 0.0040479 0.0528106 0.0000000 0.0232908 0.0026539 0.0000010 0.1472487 0.0053148 
92319_Little_Lost            0.1309591 0.1309591 0.1327728 0.1309591 0.0191311 0.2403334 0.0191311 0.0928081 0.0232908 0.0000000 0.0233030 0.0232908 0.1763120 0.0260806 
GCA016432855_Lake_Trout      0.1076309 0.1076309 0.1093457 0.1043408 0.0040500 0.2070595 0.0040500 0.0573888 0.0026539 0.0233030 0.0000000 0.0026539 0.1473420 0.0053175 
GCA036784925_Maine_S_alpinus 0.1042783 0.1042783 0.1059841 0.1010017 0.0040479 0.2022024 0.0040479 0.0528106 0.0000010 0.0232908 0.0026539 0.0000000 0.1472487 0.0053148 
GCF013265735_Rainbow_Trout   0.1103355 0.1103355 0.1120973 0.1069586 0.1498473 0.4157749 0.1498473 0.3455834 0.1472487 0.1763120 0.1473420 0.1472487 0.0000000 0.1508788 
GCF029448725_Brook_Trout     0.1109317 0.1109317 0.1126541 0.1076309 0.0067591 0.2117725 0.0067591 0.0550729 0.0053148 0.0260806 0.0053175 0.0053148 0.1508788 0.0000000 
