17
251140_Ward_Creek              0.0000000 0.0000010 0.0006759 0.0040721 0.0255986 0.0000010 0.0247810 0.0054347 0.0027122 0.0264102 0.0247810 0.0116138 0.0067979 0.0088534 0.0714069 0.0212951 0.0247810 
260512_Pybus_Point             0.0000010 0.0000000 0.0006759 0.0040721 0.0255986 0.0000010 0.0247810 0.0054347 0.0027122 0.0264102 0.0247810 0.0116138 0.0067979 0.0088534 0.0714069 0.0212951 0.0247810 
353213_Cropley_Lake            0.0006759 0.0006759 0.0000000 0.0047524 0.0264102 0.0045351 0.0255905 0.0061161 0.0033914 0.0272215 0.0255905 0.0123011 0.0074802 0.0095377 0.0722117 0.0219896 0.0255905 
353246_Cottonwood_Creek        0.0040721 0.0040721 0.0047524 0.0000000 0.0231084 0.0045433 0.0222957 0.0040650 0.0068016 0.0239147 0.0222957 0.0102196 0.0054236 0.0074711 0.0696366 0.0198666 0.0222957 
353379_Skagit_River            0.0255986 0.0255986 0.0264102 0.0231084 0.0000000 0.1241164 0.0023523 0.0222886 0.0255905 0.0007833 0.0023523 0.0231343 0.0238995 0.0263469 0.0876878 0.0328924 0.0023523 
353381_Dungeness_River         0.0000010 0.0000010 0.0045351 0.0045433 0.1241164 0.0000000 0.1186054 0.0137421 0.0183649 0.1294181 0.1186054 0.0522626 0.0324225 0.0469081 1.1558053 0.0767339 0.1186054 
353401_Peace_River             0.0247810 0.0247810 0.0255905 0.0222957 0.0023523 0.1186054 0.0000000 0.0214772 0.0247730 0.0031376 0.0015672 0.0223206 0.0230864 0.0255302 0.0867017 0.0320668 0.0015672 
353407_Noatok                  0.0054347 0.0054347 0.0061161 0.0040650 0.0222886 0.0137421 0.0214772 0.0000000 0.0054332 0.0230937 0.0214772 0.0088438 0.0040617 0.0061036 0.0679724 0.0184686 0.0214772 
353410_Horizon_Lake            0.0027122 0.0027122 0.0033914 0.0068016 0.0255905 0.0183649 0.0247730 0.0054332 0.0000000 0.0264018 0.0247730 0.0116106 0.0067961 0.0088510 0.0705807 0.0212893 0.0247730 
92319_Little_Lost              0.0264102 0.0264102 0.0272215 0.0239147 0.0007833 0.1294181 0.0031376 0.0230937 0.0264018 0.0000000 0.0031376 0.0239415 0.0247058 0.0271562 0.0886430 0.0337082 0.0031376 
94280_St_Joe                   0.0247810 0.0247810 0.0255905 0.0222957 0.0023523 0.1186054 0.0015672 0.0214772 0.0247730 0.0031376 0.0000000 0.0223206 0.0230864 0.0255302 0.0867017 0.0320668 0.0000010 
GCA016432855_Lake_Trout        0.0116138 0.0116138 0.0123011 0.0102196 0.0231343 0.0522626 0.0223206 0.0088438 0.0116106 0.0239415 0.0223206 0.0000000 0.0102113 0.0122759 0.0672658 0.0191881 0.0223206 
GCA036784925_Maine_S_alpinus   0.0067979 0.0067979 0.0074802 0.0054236 0.0238995 0.0324225 0.0230864 0.0040617 0.0067961 0.0247058 0.0230864 0.0102113 0.0000000 0.0033845 0.0687718 0.0198503 0.0230864 
GCA045679555_Iceland_A_alpinus 0.0088534 0.0088534 0.0095377 0.0074711 0.0263469 0.0469081 0.0255302 0.0061036 0.0088510 0.0271562 0.0255302 0.0122759 0.0033845 0.0000000 0.0703949 0.0219444 0.0255302 
GCF013265735_Rainbow_Trout     0.0714069 0.0714069 0.0722117 0.0696366 0.0876878 1.1558053 0.0867017 0.0679724 0.0705807 0.0886430 0.0867017 0.0672658 0.0687718 0.0703949 0.0000000 0.0761390 0.0867017 
GCF029448725_Brook_Trout       0.0212951 0.0212951 0.0219896 0.0198666 0.0328924 0.0767339 0.0320668 0.0184686 0.0212893 0.0337082 0.0320668 0.0191881 0.0198503 0.0219444 0.0761390 0.0000000 0.0320668 
Methow_River_99895             0.0247810 0.0247810 0.0255905 0.0222957 0.0023523 0.1186054 0.0015672 0.0214772 0.0247730 0.0031376 0.0000010 0.0223206 0.0230864 0.0255302 0.0867017 0.0320668 0.0000000 
