18
251140_Ward_Creek              0.0000000 0.0703304 0.0860425 0.0000010 0.0676437 0.0676437 0.0676437 0.0842803 1.5238186 0.0842803 0.0703327 0.0730600 0.1295568 0.0843311 0.0703629 0.0703629 0.1016757 0.0843166 
260512_Pybus_Point             0.0703304 0.0000000 0.0069474 0.0703304 0.0040837 0.0040837 0.0020384 0.0170463 0.9168882 0.0170463 0.0040806 0.0061286 0.0198140 0.0185775 0.0040819 0.0040819 0.0294761 0.0164812 
261935_Kenai_River             0.0860425 0.0069474 0.0000000 0.0860425 0.0069536 0.0069536 0.0046267 0.0227090 1.5682085 0.0227090 0.0069475 0.0092766 0.0112608 0.0234697 0.0069500 0.0069500 0.0343150 0.0210758 
353213_Cropley_Lake            0.0000010 0.0703304 0.0860425 0.0000000 0.0676437 0.0676437 0.0676437 0.0842803 1.5238186 0.0842803 0.0703327 0.0730600 0.1295568 0.0843311 0.0703629 0.0703629 0.1016757 0.0843166 
353219_Peterson_Creek          0.0676437 0.0040837 0.0069536 0.0676437 0.0000000 0.0000010 0.0020399 0.0170622 0.9211743 0.0170622 0.0040837 0.0061333 0.0198355 0.0185922 0.0040850 0.0040850 0.0295040 0.0164943 
353220_Fish_Creek              0.0676437 0.0040837 0.0069536 0.0676437 0.0000010 0.0000000 0.0020399 0.0170622 0.9211743 0.0170622 0.0040837 0.0061333 0.0198355 0.0185922 0.0040850 0.0040850 0.0295040 0.0164943 
353246_Cottonwood_Creek        0.0676437 0.0020384 0.0046267 0.0676437 0.0020399 0.0020399 0.0000000 0.0145951 0.9063746 0.0145951 0.0020384 0.0040819 0.0169617 0.0164978 0.0020390 0.0020390 0.0269898 0.0144075 
353379_Skagit_River            0.0842803 0.0170463 0.0227090 0.0842803 0.0170622 0.0170622 0.0145951 0.0000000 0.9415211 0.0000010 0.0170466 0.0145951 0.0165390 0.0270247 0.0121491 0.0121491 0.0215435 0.0195611 
353381_Dungeness_River         1.5238186 0.9168882 1.5682085 1.5238186 0.9211743 0.9211743 0.9063746 0.9415211 0.0000000 0.9415211 0.9063746 0.9063746 1.5486871 0.9497179 0.8949694 0.8949694 0.9197570 0.9343843 
353401_Peace_River             0.0842803 0.0170463 0.0227090 0.0842803 0.0170622 0.0170622 0.0145951 0.0000010 0.9415211 0.0000000 0.0170466 0.0145951 0.0165390 0.0270247 0.0121491 0.0121491 0.0215435 0.0195611 
353407_Noatok                  0.0703327 0.0040806 0.0069475 0.0703327 0.0040837 0.0040837 0.0020384 0.0170466 0.9063746 0.0170466 0.0000000 0.0061286 0.0198143 0.0185777 0.0040819 0.0040819 0.0294766 0.0164814 
353410_Horizon_Lake            0.0730600 0.0061286 0.0092766 0.0730600 0.0061333 0.0061333 0.0040819 0.0145951 0.9063746 0.0145951 0.0061286 0.0000000 0.0169617 0.0164978 0.0020390 0.0020390 0.0269898 0.0144075 
92319_Little_Lost              0.1295568 0.0198140 0.0112608 0.1295568 0.0198355 0.0198355 0.0169617 0.0165390 1.5486871 0.0165390 0.0198143 0.0169617 0.0000000 0.0314585 0.0141165 0.0141165 0.0391712 0.0256294 
GCA016432855_Lake_Trout        0.0843311 0.0185775 0.0234697 0.0843311 0.0185922 0.0185922 0.0164978 0.0270247 0.9497179 0.0270247 0.0185777 0.0164978 0.0314585 0.0000000 0.0144218 0.0144218 0.0396552 0.0144208 
GCA036784925_Maine_S_alpinus   0.0703629 0.0040819 0.0069500 0.0703629 0.0040850 0.0040850 0.0020390 0.0121491 0.8949694 0.0121491 0.0040819 0.0020390 0.0141165 0.0144218 0.0000000 0.0000010 0.0245086 0.0123376 
GCA045679555_Iceland_A_alpinus 0.0703629 0.0040819 0.0069500 0.0703629 0.0040850 0.0040850 0.0020390 0.0121491 0.8949694 0.0121491 0.0040819 0.0020390 0.0141165 0.0144218 0.0000010 0.0000000 0.0245086 0.0123376 
GCF013265735_Rainbow_Trout     0.1016757 0.0294761 0.0343150 0.1016757 0.0295040 0.0295040 0.0269898 0.0215435 0.9197570 0.0215435 0.0294766 0.0269898 0.0391712 0.0396552 0.0245086 0.0245086 0.0000000 0.0320644 
GCF029448725_Brook_Trout       0.0843166 0.0164812 0.0210758 0.0843166 0.0164943 0.0164943 0.0144075 0.0195611 0.9343843 0.0195611 0.0164814 0.0144075 0.0256294 0.0144208 0.0123376 0.0123376 0.0320644 0.0000000 
