17
251140_Ward_Creek              0.0000000 0.0479545 0.0157770 0.0000010 0.0020981 0.0084495 0.0213283 0.0130400 0.0213283 0.0169722 0.0127204 0.0335049 0.0234561 0.0170184 0.0170184 0.1645217 0.0453028 
260512_Pybus_Point             0.0479545 0.0000000 0.0834969 0.0479545 0.0453551 0.0559594 0.0747404 0.1404776 0.0747404 0.0664847 0.0613022 0.1436804 0.0746258 0.0666816 0.0666816 0.2588748 0.1017980 
261935_Kenai_River             0.0157770 0.0834969 0.0000000 0.0157770 0.0184252 0.0211144 0.0374002 0.0302541 0.0374002 0.0318441 0.0320028 0.0296700 0.0400607 0.0319496 0.0319496 0.2239282 0.0677551 
353213_Cropley_Lake            0.0000010 0.0479545 0.0157770 0.0000000 0.0020981 0.0084495 0.0213283 0.0130400 0.0213283 0.0169722 0.0127204 0.0335049 0.0234561 0.0170184 0.0170184 0.1645217 0.0453028 
353220_Fish_Creek              0.0020981 0.0453551 0.0184252 0.0020981 0.0000000 0.0105701 0.0234804 0.0130400 0.0234804 0.0191093 0.0148536 0.0335049 0.0256094 0.0191613 0.0191613 0.1670284 0.0474996 
353246_Cottonwood_Creek        0.0084495 0.0559594 0.0211144 0.0084495 0.0105701 0.0000000 0.0169765 0.0263878 0.0169765 0.0084255 0.0127143 0.0258298 0.0190945 0.0170104 0.0170104 0.1613945 0.0407782 
353379_Skagit_River            0.0213283 0.0747404 0.0374002 0.0213283 0.0234804 0.0169765 0.0000000 0.0446051 0.0000010 0.0255758 0.0213102 0.0000010 0.0148377 0.0213355 0.0213355 0.1460929 0.0364515 
353381_Dungeness_River         0.0130400 0.1404776 0.0302541 0.0130400 0.0130400 0.0263878 0.0446051 0.0000000 0.0446051 0.0443814 0.0309042 0.0629035 0.0490083 0.0354016 0.0354016 0.3528965 0.0912182 
353401_Peace_River             0.0213283 0.0747404 0.0374002 0.0213283 0.0234804 0.0169765 0.0000010 0.0446051 0.0000000 0.0255758 0.0213102 0.0000010 0.0148377 0.0213355 0.0213355 0.1460929 0.0364515 
353407_Noatok                  0.0169722 0.0664847 0.0318441 0.0169722 0.0191093 0.0084255 0.0255758 0.0443814 0.0255758 0.0000000 0.0212844 0.0409008 0.0277011 0.0256271 0.0256271 0.1716069 0.0495819 
353410_Horizon_Lake            0.0127204 0.0613022 0.0320028 0.0127204 0.0148536 0.0127143 0.0213102 0.0309042 0.0213102 0.0212844 0.0000000 0.0334553 0.0234361 0.0042079 0.0042079 0.1668745 0.0452639 
92319_Little_Lost              0.0335049 0.1436804 0.0296700 0.0335049 0.0335049 0.0258298 0.0000010 0.0629035 0.0000010 0.0409008 0.0334553 0.0000000 0.0183690 0.0296836 0.0296836 0.2693258 0.0524321 
GCA016432855_Lake_Trout        0.0234561 0.0746258 0.0400607 0.0234561 0.0256094 0.0190945 0.0148377 0.0490083 0.0148377 0.0277011 0.0234361 0.0183690 0.0000000 0.0234640 0.0234640 0.1528186 0.0293147 
GCA036784925_Maine_S_alpinus   0.0170184 0.0666816 0.0319496 0.0170184 0.0191613 0.0170104 0.0213355 0.0354016 0.0213355 0.0256271 0.0042079 0.0296836 0.0234640 0.0000000 0.0000010 0.1671003 0.0453187 
GCA045679555_Iceland_A_alpinus 0.0170184 0.0666816 0.0319496 0.0170184 0.0191613 0.0170104 0.0213355 0.0354016 0.0213355 0.0256271 0.0042079 0.0296836 0.0234640 0.0000010 0.0000000 0.1671003 0.0453187 
GCF013265735_Rainbow_Trout     0.1645217 0.2588748 0.2239282 0.1645217 0.1670284 0.1613945 0.1460929 0.3528965 0.1460929 0.1716069 0.1668745 0.2693258 0.1528186 0.1671003 0.1671003 0.0000000 0.1782797 
GCF029448725_Brook_Trout       0.0453028 0.1017980 0.0677551 0.0453028 0.0474996 0.0407782 0.0364515 0.0912182 0.0364515 0.0495819 0.0452639 0.0524321 0.0293147 0.0453187 0.0453187 0.1782797 0.0000000 
