20
251140_Ward_Creek              0.0000000 0.0421761 0.3040975 0.1086614 0.1548174 0.0464175 0.0821533 0.2117693 0.1326612 0.2117693 0.0588317 0.0588317 0.2479367 0.3576279 0.3469851 0.3303147 0.3303147 1.7530689 0.3516139 0.2120485 
260512_Pybus_Point             0.0421761 0.0000000 0.2826045 0.1337998 0.1936056 0.0136202 0.1497431 0.2672190 0.2428331 0.2672190 0.0137373 0.0137373 0.2672190 0.3938954 0.3830990 0.3616779 0.3616779 1.9135257 0.3899125 0.2672190 
261935_Kenai_River             0.3040975 0.2826045 0.0000000 0.2995790 0.3456490 0.3041444 0.3209368 0.2848456 0.7218850 0.2848456 0.3092474 0.3092474 0.2848456 0.3631574 0.1057450 0.0899515 0.0899515 2.0786338 0.1068655 0.2848456 
353213_Cropley_Lake            0.1086614 0.1337998 0.2995790 0.0000000 0.1024148 0.1221615 0.0464353 0.1509872 0.0364455 0.1509872 0.0867616 0.0867616 0.2086318 0.3486476 0.2920831 0.2777266 0.2777266 1.5836858 0.2952876 0.1511614 
353219_Peterson_Creek          0.1548174 0.1936056 0.3456490 0.1024148 0.0000000 0.1651669 0.1129508 0.1982148 0.1136994 0.1982148 0.1538465 0.1538465 0.2809477 0.4735200 0.3222596 0.3069594 0.3069594 1.6182304 0.3261205 0.1984586 
353220_Fish_Creek              0.0464175 0.0136202 0.3041444 0.1221615 0.1651669 0.0000000 0.1344028 0.2173446 0.1997984 0.2173446 0.0314059 0.0314059 0.2857563 0.4306802 0.3097754 0.2950698 0.2950698 1.6286886 0.3133063 0.2176054 
353246_Cottonwood_Creek        0.0821533 0.1497431 0.3209368 0.0464353 0.1129508 0.1344028 0.0000000 0.1952352 0.0206378 0.1952352 0.1488456 0.1488456 0.2265037 0.3831651 0.3593712 0.3428438 0.3428438 1.7096915 0.3641681 0.1954877 
353379_Skagit_River            0.2117693 0.2672190 0.2848456 0.1509872 0.1982148 0.2173446 0.1952352 0.0000000 0.2372918 0.0000010 0.2059815 0.2059815 0.0000010 0.0000010 0.2812222 0.2680691 0.2680691 1.6501209 0.2840205 0.0000010 
353381_Dungeness_River         0.1326612 0.2428331 0.7218850 0.0364455 0.1136994 0.1997984 0.0206378 0.2372918 0.0000000 0.2372918 0.1808295 0.1808295 0.3931739 8.9999988 0.5115685 0.4806465 0.4806465 2.0731470 0.5264830 0.2378067 
353401_Peace_River             0.2117693 0.2672190 0.2848456 0.1509872 0.1982148 0.2173446 0.1952352 0.0000010 0.2372918 0.0000000 0.2059815 0.2059815 0.0000010 0.0000010 0.2812222 0.2680691 0.2680691 1.6501209 0.2840205 0.0000010 
353407_Noatok                  0.0588317 0.0137373 0.3092474 0.0867616 0.1538465 0.0314059 0.1488456 0.2059815 0.1808295 0.2059815 0.0000000 0.0000010 0.2899084 0.4447235 0.2983629 0.2835711 0.2835711 1.6685672 0.3017554 0.2062302 
353410_Horizon_Lake            0.0588317 0.0137373 0.3092474 0.0867616 0.1538465 0.0314059 0.1488456 0.2059815 0.1808295 0.2059815 0.0000010 0.0000000 0.2899084 0.4447235 0.2983629 0.2835711 0.2835711 1.6685672 0.3017554 0.2062302 
92319_Little_Lost              0.2479367 0.2672190 0.2848456 0.2086318 0.2809477 0.2857563 0.2265037 0.0000010 0.3931739 0.0000010 0.2899084 0.2899084 0.0000000 0.0000010 0.3723819 0.3537277 0.3537277 1.9387569 0.3780677 0.0000010 
94280_St_Joe                   0.3576279 0.3938954 0.3631574 0.3486476 0.4735200 0.4306802 0.3831651 0.0000010 8.9999988 0.0000010 0.4447235 0.4447235 0.0000010 0.0000000 0.5737242 0.5393913 0.5393913 2.2930040 0.5934955 0.0000010 
GCA016432855_Lake_Trout        0.3469851 0.3830990 0.1057450 0.2920831 0.3222596 0.3097754 0.3593712 0.2812222 0.5115685 0.2812222 0.2983629 0.2983629 0.3723819 0.5737242 0.0000000 0.0096682 0.0096682 1.6921940 0.0195520 0.2815491 
GCA036784925_Maine_S_alpinus   0.3303147 0.3616779 0.0899515 0.2777266 0.3069594 0.2950698 0.3428438 0.2680691 0.4806465 0.2680691 0.2835711 0.2835711 0.3537277 0.5393913 0.0096682 0.0000000 0.0000010 1.6921290 0.0097266 0.2683793 
GCA045679555_Iceland_A_alpinus 0.3303147 0.3616779 0.0899515 0.2777266 0.3069594 0.2950698 0.3428438 0.2680691 0.4806465 0.2680691 0.2835711 0.2835711 0.3537277 0.5393913 0.0096682 0.0000010 0.0000000 1.6921290 0.0097266 0.2683793 
GCF013265735_Rainbow_Trout     1.7530689 1.9135257 2.0786338 1.5836858 1.6182304 1.6286886 1.7096915 1.6501209 2.0731470 1.6501209 1.6685672 1.6685672 1.9387569 2.2930040 1.6921940 1.6921290 1.6921290 0.0000000 1.7375542 1.6516554 
GCF029448725_Brook_Trout       0.3516139 0.3899125 0.1068655 0.2952876 0.3261205 0.3133063 0.3641681 0.2840205 0.5264830 0.2840205 0.3017554 0.3017554 0.3780677 0.5934955 0.0195520 0.0097266 0.0097266 1.7375542 0.0000000 0.2843549 
Methow_River_99895             0.2120485 0.2672190 0.2848456 0.1511614 0.1984586 0.2176054 0.1954877 0.0000010 0.2378067 0.0000010 0.2062302 0.2062302 0.0000010 0.0000010 0.2815491 0.2683793 0.2683793 1.6516554 0.2843549 0.0000000 
