20
251140_Ward_Creek              0.0000000 0.0000010 0.0806541 0.0137714 0.0068705 0.0068705 0.0068705 0.2503744 0.0498102 0.2602837 0.1124108 0.0428190 0.4233103 0.2714000 0.2373786 0.0500491 0.0425126 1.5493632 0.3053261 0.2612937 
260512_Pybus_Point             0.0000010 0.0000000 0.0806541 0.0119013 0.0068705 0.0059382 0.0059382 0.2122804 0.0843858 0.2204858 0.0960848 0.0368302 0.3256154 0.2295279 0.2078267 0.0430414 0.0366047 1.3643085 0.2645031 0.2211828 
261935_Kenai_River             0.0806541 0.0806541 0.0000000 0.0800363 0.0726094 0.0726094 0.0726094 0.2562700 0.1872059 0.2661079 0.1028267 0.0963502 0.4293036 0.2771640 0.2435342 0.1039403 0.0955905 1.5123023 0.3352730 0.2671350 
353213_Cropley_Lake            0.0137714 0.0119013 0.0800363 0.0000000 0.0068250 0.0059044 0.0059044 0.2105469 0.0829021 0.2186595 0.0954299 0.0366047 0.3210243 0.2275904 0.2061122 0.0427755 0.0363820 1.3360168 0.2621330 0.2193424 
353219_Peterson_Creek          0.0068705 0.0068705 0.0726094 0.0068250 0.0000000 0.0000010 0.0000010 0.2396971 0.0324695 0.2494186 0.1038682 0.0353490 0.4020158 0.2602752 0.2266490 0.0424976 0.0351005 1.5185775 0.2934438 0.2503640 
353220_Fish_Creek              0.0068705 0.0059382 0.0726094 0.0059044 0.0000010 0.0000000 0.0000010 0.2035397 0.0659634 0.2116107 0.0889086 0.0304433 0.3102866 0.2204727 0.1990026 0.0365934 0.0302597 1.3381405 0.2548473 0.2122665 
353246_Cottonwood_Creek        0.0068705 0.0059382 0.0726094 0.0059044 0.0000010 0.0000010 0.0000000 0.1682166 0.0659634 0.1743275 0.0749358 0.0289541 0.2286707 0.1809218 0.1650165 0.0338295 0.0288156 1.0199834 0.2011239 0.1747304 
353379_Skagit_River            0.2503744 0.2122804 0.2562700 0.2105469 0.2396971 0.2035397 0.1682166 0.0000000 0.4675633 0.0046731 0.1964870 0.1801280 0.0127745 0.0094047 0.2365704 0.1855985 0.1790177 1.0936990 0.2880895 0.0046810 
353381_Dungeness_River         0.0498102 0.0843858 0.1872059 0.0829021 0.0324695 0.0659634 0.0659634 0.4675633 0.0000000 0.4977160 0.3449728 0.1423813 0.9520993 0.5361281 0.4780986 0.1835946 0.1610321 2.6365482 0.7053067 0.5043242 
353401_Peace_River             0.2602837 0.2204858 0.2661079 0.2186595 0.2494186 0.2116107 0.1743275 0.0046731 0.4977160 0.0000000 0.2027860 0.1863467 0.0127745 0.0046806 0.2433011 0.1918461 0.1851849 1.1049586 0.2952248 0.0094047 
353407_Noatok                  0.1124108 0.0960848 0.1028267 0.0954299 0.1038682 0.0889086 0.0749358 0.1964870 0.3449728 0.2027860 0.0000000 0.0744581 0.2791048 0.2096568 0.2075666 0.0795299 0.0740727 1.0829066 0.2453587 0.2032740 
353410_Horizon_Lake            0.0428190 0.0368302 0.0963502 0.0366047 0.0353490 0.0304433 0.0289541 0.1801280 0.1423813 0.1863467 0.0744581 0.0000000 0.2561272 0.1930888 0.1906723 0.0237164 0.0188583 1.0547568 0.2281792 0.1867869 
92319_Little_Lost              0.4233103 0.3256154 0.4293036 0.3210243 0.4020158 0.3102866 0.2286707 0.0127745 0.9520993 0.0127745 0.2791048 0.2561272 0.0000000 0.0063287 0.3190420 0.2638635 0.2537215 1.5108394 0.3947933 0.0063287 
94280_St_Joe                   0.2714000 0.2295279 0.2771640 0.2275904 0.2602752 0.2204727 0.1809218 0.0094047 0.5361281 0.0046806 0.2096568 0.1930888 0.0063287 0.0000000 0.2507614 0.1986335 0.1918669 1.1235904 0.3032947 0.0046700 
GCA016432855_Lake_Trout        0.2373786 0.2078267 0.2435342 0.2061122 0.2266490 0.1990026 0.1650165 0.2365704 0.4780986 0.2433011 0.2075666 0.1906723 0.3190420 0.2507614 0.0000000 0.1963241 0.1894457 0.9574013 0.1345678 0.2439362 
GCA036784925_Maine_S_alpinus   0.0500491 0.0430414 0.1039403 0.0427755 0.0424976 0.0365934 0.0338295 0.1855985 0.1835946 0.1918461 0.0795299 0.0237164 0.2638635 0.1986335 0.1963241 0.0000000 0.0046843 1.0839825 0.2339427 0.1923022 
GCA045679555_Iceland_A_alpinus 0.0425126 0.0366047 0.0955905 0.0363820 0.0351005 0.0302597 0.0288156 0.1790177 0.1610321 0.1851849 0.0740727 0.0188583 0.2537215 0.1918669 0.1894457 0.0046843 0.0000000 1.0640718 0.2266243 0.1856184 
GCF013265735_Rainbow_Trout     1.5493632 1.3643085 1.5123023 1.3360168 1.5185775 1.3381405 1.0199834 1.0936990 2.6365482 1.1049586 1.0829066 1.0547568 1.5108394 1.1235904 0.9574013 1.0839825 1.0640718 0.0000000 1.0156065 1.1122778 
GCF029448725_Brook_Trout       0.3053261 0.2645031 0.3352730 0.2621330 0.2934438 0.2548473 0.2011239 0.2880895 0.7053067 0.2952248 0.2453587 0.2281792 0.3947933 0.3032947 0.1345678 0.2339427 0.2266243 1.0156065 0.0000000 0.2960577 
Methow_River_99895             0.2612937 0.2211828 0.2671350 0.2193424 0.2503640 0.2122665 0.1747304 0.0046810 0.5043242 0.0094047 0.2032740 0.1867869 0.0063287 0.0046700 0.2439362 0.1923022 0.1856184 1.1122778 0.2960577 0.0000000 
