10
251140_Ward_Creek          0.0000000 0.0000010 0.0059975 0.0120471 0.0120471 0.0120471 0.0181491 0.0872991 0.2353981 0.0181569 
260512_Pybus_Point         0.0000010 0.0000000 0.0059975 0.0120471 0.0120471 0.0120471 0.0181491 0.0872991 0.2353981 0.0181569 
353246_Cottonwood_Creek    0.0059975 0.0059975 0.0000000 0.0181472 0.0181472 0.0059949 0.0243022 0.1351789 0.2471100 0.0243128 
353379_Skagit_River        0.0120471 0.0120471 0.0181472 0.0000000 0.0000010 0.0120471 0.0059955 0.1351789 0.2353981 0.0181569 
353401_Peace_River         0.0120471 0.0120471 0.0181472 0.0000010 0.0000000 0.0120471 0.0059955 0.1351789 0.2353981 0.0181569 
353407_Noatok              0.0120471 0.0120471 0.0059949 0.0120471 0.0120471 0.0000000 0.0181491 0.1351789 0.2353981 0.0181569 
92319_Little_Lost          0.0181491 0.0181491 0.0243022 0.0059955 0.0059955 0.0181491 0.0000000 0.1865702 0.2471615 0.0243153 
GCA016432855_Lake_Trout    0.0872991 0.0872991 0.1351789 0.1351789 0.1351789 0.1351789 0.1865702 0.0000000 2.8316189 0.0000010 
GCF013265735_Rainbow_Trout 0.2353981 0.2353981 0.2471100 0.2353981 0.2353981 0.2353981 0.2471615 2.8316189 0.0000000 0.2238752 
GCF029448725_Brook_Trout   0.0181569 0.0181569 0.0243128 0.0181569 0.0181569 0.0181569 0.0243153 0.0000010 0.2238752 0.0000000 
