19
251140_Ward_Creek              0.0000000 0.0160058 0.0161566 0.0000010 0.0068270 0.0160058 0.0329041 0.1772697 0.0000010 0.1865771 0.0279420 0.0290406 0.1772697 0.1865771 0.0792141 0.0497894 0.0497894 0.3719061 0.2343207 
260512_Pybus_Point             0.0160058 0.0000000 0.0325901 0.0160058 0.0322821 0.0322821 0.0497894 0.5301128 0.0160058 0.5639490 0.0497894 0.0669753 0.5301128 0.5639490 0.2008574 0.0669753 0.0669753 1.4391257 0.2565770 
261935_Kenai_River             0.0161566 0.0325901 0.0000000 0.0161566 0.0325901 0.0325901 0.0161566 0.4579159 0.0161566 0.4890331 0.0161566 0.0325901 0.4579159 0.4890331 0.1594232 0.0325901 0.0325901 1.2800862 0.2100513 
353213_Cropley_Lake            0.0000010 0.0160058 0.0161566 0.0000000 0.0160058 0.0160058 0.0329041 0.4972923 0.0000010 0.5301128 0.0329041 0.0497894 0.4972923 0.5301128 0.1808061 0.0497894 0.0497894 1.3797520 0.2343207 
353219_Peterson_Creek          0.0068270 0.0322821 0.0325901 0.0160058 0.0000000 0.0322821 0.0497894 0.1865771 0.0160058 0.1959726 0.0350564 0.0364399 0.1865771 0.1959726 0.0867472 0.0669753 0.0669753 0.3829330 0.2565770 
353220_Fish_Creek              0.0160058 0.0322821 0.0325901 0.0160058 0.0322821 0.0000000 0.0497894 0.5301128 0.0160058 0.5639490 0.0497894 0.0669753 0.5301128 0.5639490 0.2008574 0.0669753 0.0669753 1.4391257 0.2565770 
353246_Cottonwood_Creek        0.0329041 0.0497894 0.0161566 0.0329041 0.0497894 0.0497894 0.0000000 0.4210716 0.0329041 0.4506606 0.0000010 0.0160058 0.4210716 0.4506606 0.1389082 0.0160058 0.0160058 1.1903024 0.1868590 
353379_Skagit_River            0.1772697 0.5301128 0.4579159 0.4972923 0.1865771 0.5301128 0.4210716 0.0000000 0.4972923 0.0071186 0.1763657 0.1573241 0.0000010 0.0071186 0.1846709 0.3922910 0.3922910 0.2572817 0.5895983 
353381_Dungeness_River         0.0000010 0.0160058 0.0161566 0.0000010 0.0160058 0.0160058 0.0329041 0.4972923 0.0000000 0.5301128 0.0329041 0.0497894 0.4972923 0.5301128 0.1808061 0.0497894 0.0497894 1.3797520 0.2343207 
353401_Peace_River             0.1865771 0.5639490 0.4890331 0.5301128 0.1959726 0.5639490 0.4506606 0.0071186 0.5301128 0.0000000 0.1856189 0.1663561 0.0071186 0.0000010 0.1939560 0.4210716 0.4210716 0.2671056 0.6262815 
353407_Noatok                  0.0279420 0.0497894 0.0161566 0.0329041 0.0350564 0.0497894 0.0000010 0.1763657 0.0329041 0.1856189 0.0000000 0.0289178 0.1763657 0.1856189 0.0788780 0.0160058 0.0160058 0.3697475 0.1868590 
353410_Horizon_Lake            0.0290406 0.0669753 0.0325901 0.0497894 0.0364399 0.0669753 0.0160058 0.1573241 0.0497894 0.1663561 0.0289178 0.0000000 0.1573241 0.1663561 0.0440520 0.0000010 0.0000010 0.3557769 0.1665041 
92319_Little_Lost              0.1772697 0.5301128 0.4579159 0.4972923 0.1865771 0.5301128 0.4210716 0.0000010 0.4972923 0.0071186 0.1763657 0.1573241 0.0000000 0.0071186 0.1846709 0.3922910 0.3922910 0.2572817 0.5895983 
94280_St_Joe                   0.1865771 0.5639490 0.4890331 0.5301128 0.1959726 0.5639490 0.4506606 0.0071186 0.5301128 0.0000010 0.1856189 0.1663561 0.0071186 0.0000000 0.1939560 0.4210716 0.4210716 0.2671056 0.6262815 
GCA016432855_Lake_Trout        0.0792141 0.2008574 0.1594232 0.1808061 0.0867472 0.2008574 0.1389082 0.1846709 0.1808061 0.1939560 0.0788780 0.0440520 0.1846709 0.1939560 0.0000000 0.1204274 0.1204274 0.3894513 0.2288243 
GCA036784925_Maine_S_alpinus   0.0497894 0.0669753 0.0325901 0.0497894 0.0669753 0.0669753 0.0160058 0.3922910 0.0497894 0.4210716 0.0160058 0.0000010 0.3922910 0.4210716 0.1204274 0.0000000 0.0000010 1.1389253 0.1665041 
GCA045679555_Iceland_A_alpinus 0.0497894 0.0669753 0.0325901 0.0497894 0.0669753 0.0669753 0.0160058 0.3922910 0.0497894 0.4210716 0.0160058 0.0000010 0.3922910 0.4210716 0.1204274 0.0000010 0.0000000 1.1389253 0.1665041 
GCF013265735_Rainbow_Trout     0.3719061 1.4391257 1.2800862 1.3797520 0.3829330 1.4391257 1.1903024 0.2572817 1.3797520 0.2671056 0.3697475 0.3557769 0.2572817 0.2671056 0.3894513 1.1389253 1.1389253 0.0000000 1.6172156 
GCF029448725_Brook_Trout       0.2343207 0.2565770 0.2100513 0.2343207 0.2565770 0.2565770 0.1868590 0.5895983 0.2343207 0.6262815 0.1868590 0.1665041 0.5895983 0.6262815 0.2288243 0.1665041 0.1665041 1.6172156 0.0000000 
