17
251140_Ward_Creek              0.0000000 0.0452689 0.0342574 0.0000010 0.0452689 0.0337616 0.1637650 2.4972276 0.0938682 0.0452689 0.0339750 0.0938682 0.2208242 0.0223810 0.0223810 0.8545462 0.2871463 
260512_Pybus_Point             0.0452689 0.0000000 0.0112664 0.0452689 0.0000010 0.0111279 0.1637650 0.8462720 0.0938682 0.0452689 0.0339750 0.0938682 0.2208242 0.0223810 0.0175975 0.8545462 0.2871463 
261935_Kenai_River             0.0342574 0.0112664 0.0000000 0.0342574 0.0112664 0.0000010 0.1338314 2.9646267 0.0829059 0.0342574 0.0228520 0.0829059 0.2100066 0.0112898 0.0112664 0.8438504 0.2573041 
353213_Cropley_Lake            0.0000010 0.0452689 0.0342574 0.0000000 0.0452689 0.0337616 0.1637650 2.4972276 0.0938682 0.0452689 0.0339750 0.0938682 0.2208242 0.0223810 0.0223810 0.8545462 0.2871463 
353219_Peterson_Creek          0.0452689 0.0000010 0.0112664 0.0452689 0.0000000 0.0111279 0.1637650 0.8462720 0.0938682 0.0452689 0.0339750 0.0938682 0.2208242 0.0223810 0.0175975 0.8545462 0.2871463 
353220_Fish_Creek              0.0337616 0.0111279 0.0000010 0.0337616 0.0111279 0.0000000 0.1290768 2.8078988 0.0816598 0.0337616 0.0225203 0.0816598 0.2064961 0.0111279 0.0111279 0.8073626 0.2472855 
353379_Skagit_River            0.1637650 0.1637650 0.1338314 0.1637650 0.1637650 0.1290768 0.0000000 7.4650595 0.0308250 0.0626057 0.0953549 0.0308250 0.4192846 0.0953549 0.0953549 0.7084616 0.1708819 
353381_Dungeness_River         2.4972276 0.8462720 2.9646267 2.4972276 0.8462720 2.8078988 7.4650595 0.0000000 2.5919000 2.5740065 3.0414034 2.5919000 1.5436041 2.6734391 0.9259332 4.5132021 7.4650595 
353401_Peace_River             0.0938682 0.0938682 0.0829059 0.0938682 0.0938682 0.0816598 0.0308250 2.5919000 0.0000000 0.0695885 0.0822215 0.0000010 0.1353019 0.0695885 0.0695885 0.6575314 0.1344091 
353407_Noatok                  0.0452689 0.0452689 0.0342574 0.0452689 0.0452689 0.0337616 0.0626057 2.5740065 0.0695885 0.0000000 0.0339750 0.0695885 0.1923372 0.0223810 0.0223810 0.7084616 0.1708819 
353410_Horizon_Lake            0.0339750 0.0339750 0.0228520 0.0339750 0.0339750 0.0225203 0.0953549 3.0414034 0.0822215 0.0339750 0.0000000 0.0822215 0.2082883 0.0111959 0.0111959 0.7585458 0.2085157 
92319_Little_Lost              0.0938682 0.0938682 0.0829059 0.0938682 0.0938682 0.0816598 0.0308250 2.5919000 0.0000010 0.0695885 0.0822215 0.0000000 0.1353019 0.0695885 0.0695885 0.6575314 0.1344091 
GCA016432855_Lake_Trout        0.2208242 0.2208242 0.2100066 0.2208242 0.2208242 0.2064961 0.4192846 1.5436041 0.1353019 0.1923372 0.2082883 0.1353019 0.0000000 0.1923372 0.1923372 1.5424686 0.6348858 
GCA036784925_Maine_S_alpinus   0.0223810 0.0223810 0.0112898 0.0223810 0.0223810 0.0111279 0.0953549 2.6734391 0.0695885 0.0223810 0.0111959 0.0695885 0.1923372 0.0000000 0.0000010 0.7585458 0.2085157 
GCA045679555_Iceland_A_alpinus 0.0223810 0.0175975 0.0112664 0.0223810 0.0175975 0.0111279 0.0953549 0.9259332 0.0695885 0.0223810 0.0111959 0.0695885 0.1923372 0.0000010 0.0000000 0.7585458 0.2085157 
GCF013265735_Rainbow_Trout     0.8545462 0.8545462 0.8438504 0.8545462 0.8545462 0.8073626 0.7084616 4.5132021 0.6575314 0.7084616 0.7585458 0.6575314 1.5424686 0.7585458 0.7585458 0.0000000 0.9476146 
GCF029448725_Brook_Trout       0.2871463 0.2871463 0.2573041 0.2871463 0.2871463 0.2472855 0.1708819 7.4650595 0.1344091 0.1708819 0.2085157 0.1344091 0.6348858 0.2085157 0.2085157 0.9476146 0.0000000 
