12
251140_Ward_Creek            0.0000000 0.0000010 0.0682439 0.0538679 0.4131743 0.0538679 0.0131990 0.0333285 0.0333285 0.0333285 0.2846318 0.0610073 
260512_Pybus_Point           0.0000010 0.0000000 0.0682439 0.0538679 0.4131743 0.0538679 0.0131990 0.0333285 0.0333285 0.0333285 0.2846318 0.0610073 
353246_Cottonwood_Creek      0.0682439 0.0682439 0.0000000 0.0965646 0.7365898 0.0965646 0.0540434 0.0750807 0.0750807 0.0750807 0.3326922 0.1041788 
353379_Skagit_River          0.0538679 0.0538679 0.0965646 0.0000000 0.5564812 0.0000010 0.0399999 0.0468235 0.0332220 0.0468235 0.2834996 0.0608083 
353381_Dungeness_River       0.4131743 0.4131743 0.7365898 0.5564812 0.0000000 0.5564812 0.4710102 0.5272091 0.4987304 0.5272091 2.9814784 0.5940396 
353401_Peace_River           0.0538679 0.0538679 0.0965646 0.0000010 0.5564812 0.0000000 0.0399999 0.0468235 0.0332220 0.0468235 0.2834996 0.0608083 
353407_Noatok                0.0131990 0.0131990 0.0540434 0.0399999 0.4710102 0.0399999 0.0000000 0.0198010 0.0198010 0.0198010 0.2654847 0.0469749 
353410_Horizon_Lake          0.0333285 0.0333285 0.0750807 0.0468235 0.5272091 0.0468235 0.0198010 0.0000000 0.0131574 0.0000010 0.2744531 0.0401286 
GCA016432855_Lake_Trout      0.0333285 0.0333285 0.0750807 0.0332220 0.4987304 0.0332220 0.0198010 0.0131574 0.0000000 0.0131574 0.2565949 0.0265732 
GCA036784925_Maine_S_alpinus 0.0333285 0.0333285 0.0750807 0.0468235 0.5272091 0.0468235 0.0198010 0.0000010 0.0131574 0.0000000 0.2744531 0.0401286 
GCF013265735_Rainbow_Trout   0.2846318 0.2846318 0.3326922 0.2834996 2.9814784 0.2834996 0.2654847 0.2744531 0.2565949 0.2744531 0.0000000 0.2938023 
GCF029448725_Brook_Trout     0.0610073 0.0610073 0.1041788 0.0608083 0.5940396 0.0608083 0.0469749 0.0401286 0.0265732 0.0401286 0.2938023 0.0000000 
