17
251140_Ward_Creek              0.0000000 0.0000010 1.1725315 0.0050263 0.0050263 0.0025017 0.0209888 0.3553104 0.4097621 0.2861081 0.1979961 0.4097621 0.4111268 0.0050226 0.3917129 0.9494311 0.4106815 
260512_Pybus_Point             0.0000010 0.0000000 1.1725315 0.0050263 0.0050263 0.0025017 0.0209888 0.3553104 0.4097621 0.2861081 0.1979961 0.4097621 0.4111268 0.0050226 0.3917129 0.9494311 0.4106815 
261935_Kenai_River             1.1725315 1.1725315 0.0000000 1.2313503 1.2313503 1.1725315 1.1484659 0.1040498 0.1573275 0.0672801 0.0932322 0.1573275 0.1610386 1.1194598 0.1344306 1.9180364 0.1606937 
353213_Cropley_Lake            0.0050263 0.0050263 1.2313503 0.0000000 0.0000010 0.0024829 0.0154921 0.3740195 0.4097621 0.3014612 0.1861070 0.4097621 0.4111268 0.0049855 0.4106419 0.9494311 0.4303646 
353219_Peterson_Creek          0.0050263 0.0050263 1.2313503 0.0000010 0.0000000 0.0024829 0.0154921 0.3740195 0.4097621 0.3014612 0.1861070 0.4097621 0.4111268 0.0049855 0.4106419 0.9494311 0.4303646 
353220_Fish_Creek              0.0025017 0.0025017 1.1725315 0.0024829 0.0024829 0.0000000 0.0181346 0.3643603 0.4193633 0.2935277 0.1907415 0.4193633 0.4206505 0.0024810 0.4008718 0.9865065 0.4202036 
353379_Skagit_River            0.0209888 0.0209888 1.1484659 0.0154921 0.0154921 0.0181346 0.0000000 0.3506847 0.3605460 0.2830545 0.1646507 0.3605460 0.3691219 0.0208084 0.3867057 0.7390784 0.3867029 
353381_Dungeness_River         0.3553104 0.3553104 0.1040498 0.3740195 0.3740195 0.3643603 0.3506847 0.0000000 0.0699549 0.0222318 0.0366213 0.0699549 0.0729073 0.3643603 0.0615025 0.3028245 0.0727856 
353401_Peace_River             0.4097621 0.4097621 0.1573275 0.4097621 0.4097621 0.4193633 0.3605460 0.0699549 0.0000000 0.0517252 0.0490792 0.0000010 0.0029753 0.4290799 0.0089989 0.1784563 0.0089920 
353410_Horizon_Lake            0.2861081 0.2861081 0.0672801 0.3014612 0.3014612 0.2935277 0.2830545 0.0222318 0.0517252 0.0000000 0.0216185 0.0517252 0.0545777 0.2857056 0.0409052 0.2488187 0.0544902 
92319_Little_Lost              0.1979961 0.1979961 0.0932322 0.1861070 0.1861070 0.1907415 0.1646507 0.0366213 0.0490792 0.0216185 0.0000000 0.0490792 0.0525620 0.1955276 0.0596567 0.1626107 0.0596107 
94280_St_Joe                   0.4097621 0.4097621 0.1573275 0.4097621 0.4097621 0.4193633 0.3605460 0.0699549 0.0000010 0.0517252 0.0490792 0.0000000 0.0029753 0.4290799 0.0089989 0.1784563 0.0089920 
GCA016432855_Lake_Trout        0.4111268 0.4111268 0.1610386 0.4111268 0.4111268 0.4206505 0.3691219 0.0729073 0.0029753 0.0545777 0.0525620 0.0029753 0.0000000 0.4302866 0.0119211 0.1851734 0.0119121 
GCA036784925_Maine_S_alpinus   0.0050226 0.0050226 1.1194598 0.0049855 0.0049855 0.0024810 0.0208084 0.3643603 0.4290799 0.2857056 0.1955276 0.4290799 0.4302866 0.0000000 0.3913173 0.9865065 0.4298385 
GCA045679555_Iceland_A_alpinus 0.3917129 0.3917129 0.1344306 0.4106419 0.4106419 0.4008718 0.3867057 0.0615025 0.0089989 0.0409052 0.0596567 0.0089989 0.0119211 0.3913173 0.0000000 0.1919701 0.0119019 
GCF013265735_Rainbow_Trout     0.9494311 0.9494311 1.9180364 0.9494311 0.9494311 0.9865065 0.7390784 0.3028245 0.1784563 0.2488187 0.1626107 0.1784563 0.1851734 0.9865065 0.1919701 0.0000000 0.1848022 
GCF029448725_Brook_Trout       0.4106815 0.4106815 0.1606937 0.4303646 0.4303646 0.4202036 0.3867029 0.0727856 0.0089920 0.0544902 0.0596107 0.0089920 0.0119121 0.4298385 0.0119019 0.1848022 0.0000000 
