17
251140_Ward_Creek              0.0000000 0.0149276 0.0125413 0.0076490 0.0138903 0.0209138 0.0000010 0.0631305 0.0209138 0.0631305 0.1989611 0.0138903 0.1942267 0.0092388 0.0092388 0.0942192 0.0270871 
260512_Pybus_Point             0.0149276 0.0000000 0.0301552 0.0148891 0.0099013 0.0313931 0.0149276 0.0510480 0.0313931 0.0510480 0.0741962 0.0099013 0.1109463 0.0049383 0.0049383 0.0959034 0.0300828 
261935_Kenai_River             0.0125413 0.0301552 0.0000000 0.0000010 0.0086582 0.1254333 0.0125413 0.0628335 0.1254333 0.0628335 0.5187998 0.0262035 0.4664149 0.0173924 0.0173924 0.1460824 0.0381076 
353213_Cropley_Lake            0.0076490 0.0148891 0.0000010 0.0000000 0.0045977 0.0352336 0.0076490 0.0628335 0.0352336 0.0628335 0.2122711 0.0138569 0.1936306 0.0092166 0.0092166 0.0939741 0.0270324 
353219_Peterson_Creek          0.0138903 0.0099013 0.0086582 0.0045977 0.0000000 0.0280863 0.0138903 0.0536113 0.0280863 0.0536113 0.0667622 0.0092166 0.1004856 0.0045977 0.0045977 0.0888016 0.0279785 
353220_Fish_Creek              0.0209138 0.0313931 0.1254333 0.0352336 0.0280863 0.0000000 0.0209138 0.2150776 0.0000010 0.2150776 0.0138935 0.0280863 0.0208382 0.0209899 0.0209899 0.1562716 0.0572020 
353246_Cottonwood_Creek        0.0000010 0.0149276 0.0125413 0.0076490 0.0138903 0.0209138 0.0000000 0.0631305 0.0209138 0.0631305 0.1989611 0.0138903 0.1942267 0.0092388 0.0092388 0.0942192 0.0270871 
353379_Skagit_River            0.0631305 0.0510480 0.0628335 0.0628335 0.0536113 0.2150776 0.0631305 0.0000000 0.2150776 0.0000010 0.3156261 0.0536113 0.2861554 0.0444734 0.0444734 0.1582756 0.0631305 
353381_Dungeness_River         0.0209138 0.0313931 0.1254333 0.0352336 0.0280863 0.0000010 0.0209138 0.2150776 0.0000000 0.2150776 0.0138935 0.0280863 0.0208382 0.0209899 0.0209899 0.1562716 0.0572020 
353401_Peace_River             0.0631305 0.0510480 0.0628335 0.0628335 0.0536113 0.2150776 0.0631305 0.0000010 0.2150776 0.0000000 0.3156261 0.0536113 0.2861554 0.0444734 0.0444734 0.1582756 0.0631305 
353407_Noatok                  0.1989611 0.0741962 0.5187998 0.2122711 0.0667622 0.0138935 0.1989611 0.3156261 0.0138935 0.3156261 0.0000000 0.0667622 0.0442426 0.0598800 0.0598800 0.1834172 0.2323499 
353410_Horizon_Lake            0.0138903 0.0099013 0.0262035 0.0138569 0.0092166 0.0280863 0.0138903 0.0536113 0.0280863 0.0536113 0.0667622 0.0000000 0.1004856 0.0045977 0.0045977 0.0888016 0.0279785 
GCA016432855_Lake_Trout        0.1942267 0.1109463 0.4664149 0.1936306 0.1004856 0.0208382 0.1942267 0.2861554 0.0208382 0.2861554 0.0442426 0.1004856 0.0000000 0.0939003 0.0939003 0.2059201 0.2005473 
GCA036784925_Maine_S_alpinus   0.0092388 0.0049383 0.0173924 0.0092166 0.0045977 0.0209899 0.0092388 0.0444734 0.0209899 0.0444734 0.0598800 0.0045977 0.0939003 0.0000000 0.0000010 0.0836556 0.0232605 
GCA045679555_Iceland_A_alpinus 0.0092388 0.0049383 0.0173924 0.0092166 0.0045977 0.0209899 0.0092388 0.0444734 0.0209899 0.0444734 0.0598800 0.0045977 0.0939003 0.0000010 0.0000000 0.0836556 0.0232605 
GCF013265735_Rainbow_Trout     0.0942192 0.0959034 0.1460824 0.0939741 0.0888016 0.1562716 0.0942192 0.1582756 0.1562716 0.1582756 0.1834172 0.0888016 0.2059201 0.0836556 0.0836556 0.0000000 0.0836556 
GCF029448725_Brook_Trout       0.0270871 0.0300828 0.0381076 0.0270324 0.0279785 0.0572020 0.0270871 0.0631305 0.0572020 0.0631305 0.2323499 0.0279785 0.2005473 0.0232605 0.0232605 0.0836556 0.0000000 
