15
251140_Ward_Creek          0.0000000 0.0562948 0.1167400 0.0562948 0.1167400 0.0552484 0.1931766 0.1237181 0.2849637 0.1931766 0.2679800 0.2849637 0.3561388 1.4853210 0.5705168 
260512_Pybus_Point         0.0562948 0.0000000 0.0563087 0.0000010 0.0563087 0.1167400 0.1235721 0.0594480 0.2032629 0.1235721 0.1926220 0.2032629 0.2724525 1.3776538 0.4636082 
261935_Kenai_River         0.1167400 0.0563087 0.0000000 0.0563087 0.0000010 0.0554093 0.0584588 0.1235721 0.1271564 0.0584588 0.1213471 0.1271564 0.1926220 1.2807876 0.3614002 
353213_Cropley_Lake        0.0562948 0.0000010 0.0563087 0.0000000 0.0563087 0.1167400 0.1235721 0.0594480 0.2032629 0.1235721 0.1926220 0.2032629 0.2724525 1.3776538 0.4636082 
353220_Fish_Creek          0.1167400 0.0563087 0.0000010 0.0563087 0.0000000 0.0554093 0.0584588 0.1235721 0.1271564 0.0584588 0.1213471 0.1271564 0.1926220 1.2807876 0.3614002 
353246_Cottonwood_Creek    0.0552484 0.1167400 0.0554093 0.1167400 0.0554093 0.0000000 0.1214817 0.1931766 0.1996712 0.1214817 0.1894029 0.1996712 0.2679800 1.3973198 0.4570533 
353379_Skagit_River        0.1931766 0.1235721 0.0584588 0.1235721 0.0584588 0.1214817 0.0000000 0.0559834 0.0573138 0.0000010 0.0551101 0.0573138 0.1156923 1.0189026 0.2544579 
353381_Dungeness_River     0.1237181 0.0594480 0.1235721 0.0594480 0.1235721 0.1931766 0.0559834 0.0000000 0.1208917 0.0559834 0.1156923 0.1208917 0.1824784 1.1153932 0.3362166 
353401_Peace_River         0.2849637 0.2032629 0.1271564 0.2032629 0.1271564 0.1996712 0.0573138 0.1208917 0.0000000 0.0573138 0.1187682 0.0000010 0.1880774 1.2324559 0.3506191 
353407_Noatok              0.1931766 0.1235721 0.0584588 0.1235721 0.0584588 0.1214817 0.0000010 0.0559834 0.0573138 0.0000000 0.0551101 0.0573138 0.1156923 1.0189026 0.2544579 
92319_Little_Lost          0.2679800 0.1926220 0.1213471 0.1926220 0.1213471 0.1894029 0.0551101 0.1156923 0.1187682 0.0551101 0.0000000 0.1187682 0.1791740 1.0966365 0.3290843 
94280_St_Joe               0.2849637 0.2032629 0.1271564 0.2032629 0.1271564 0.1996712 0.0573138 0.1208917 0.0000010 0.0573138 0.1187682 0.0000000 0.1880774 1.2324559 0.3506191 
GCA016432855_Lake_Trout    0.3561388 0.2724525 0.1926220 0.2724525 0.1926220 0.2679800 0.1156923 0.1824784 0.1880774 0.1156923 0.1791740 0.1880774 0.0000000 0.8262692 0.1163248 
GCF013265735_Rainbow_Trout 1.4853210 1.3776538 1.2807876 1.3776538 1.2807876 1.3973198 1.0189026 1.1153932 1.2324559 1.0189026 1.0966365 1.2324559 0.8262692 0.0000000 1.0907986 
GCF029448725_Brook_Trout   0.5705168 0.4636082 0.3614002 0.4636082 0.3614002 0.4570533 0.2544579 0.3362166 0.3506191 0.2544579 0.3290843 0.3506191 0.1163248 1.0907986 0.0000000 
