20
251140_Ward_Creek              0.0000000 0.0094222 0.0072028 0.0058591 0.0000010 0.0000010 0.0117523 0.0137372 0.0238966 0.0157145 0.0229099 0.0117523 0.0157145 0.0137372 0.0117634 0.0137242 0.0137242 0.1309875 0.0256882 0.0157145 
260512_Pybus_Point             0.0094222 0.0000000 0.0000010 0.0118050 0.0094222 0.0094222 0.0023442 0.0141666 0.0136778 0.0165472 0.0090284 0.0023442 0.0165472 0.0141666 0.0117916 0.0046948 0.0046948 0.1536565 0.0237503 0.0141666 
261935_Kenai_River             0.0072028 0.0000010 0.0000000 0.0096263 0.0060599 0.0072028 0.0000010 0.0120473 0.0332716 0.0144742 0.0094100 0.0000010 0.0144742 0.0120473 0.0096263 0.0023952 0.0023952 0.1539055 0.0267285 0.0144742 
353213_Cropley_Lake            0.0058591 0.0118050 0.0096263 0.0000000 0.0023469 0.0058591 0.0137372 0.0157295 0.0293225 0.0177141 0.0262672 0.0137372 0.0177141 0.0157295 0.0137502 0.0157145 0.0157145 0.1338477 0.0237113 0.0177141 
353219_Peterson_Creek          0.0000010 0.0094222 0.0060599 0.0023469 0.0000000 0.0000010 0.0117916 0.0141827 0.0081845 0.0165661 0.0273921 0.0117916 0.0165661 0.0141827 0.0118050 0.0141666 0.0141666 0.1608524 0.0237775 0.0141827 
353220_Fish_Creek              0.0000010 0.0094222 0.0072028 0.0058591 0.0000010 0.0000000 0.0117523 0.0137372 0.0238966 0.0157145 0.0229099 0.0117523 0.0157145 0.0137372 0.0117634 0.0137242 0.0137242 0.1309875 0.0256882 0.0157145 
353246_Cottonwood_Creek        0.0117523 0.0023442 0.0000010 0.0137372 0.0117916 0.0117523 0.0000000 0.0097841 0.0292848 0.0117523 0.0097392 0.0000010 0.0117523 0.0097841 0.0078197 0.0019474 0.0019474 0.1201353 0.0216727 0.0117523 
353379_Skagit_River            0.0137372 0.0141666 0.0120473 0.0157295 0.0141827 0.0137372 0.0097841 0.0000000 0.0293225 0.0019474 0.0229099 0.0097841 0.0019474 0.0000010 0.0097933 0.0117523 0.0117523 0.1256216 0.0236888 0.0019474 
353381_Dungeness_River         0.0238966 0.0136778 0.0332716 0.0293225 0.0081845 0.0238966 0.0292848 0.0293225 0.0000000 0.0320309 0.0520001 0.0292848 0.0320309 0.0293225 0.0293225 0.0319897 0.0319897 0.2073510 0.0457444 0.0293225 
353401_Peace_River             0.0157145 0.0165472 0.0144742 0.0177141 0.0165661 0.0157145 0.0117523 0.0019474 0.0320309 0.0000000 0.0262257 0.0117523 0.0000010 0.0019474 0.0117634 0.0137242 0.0137242 0.1283013 0.0256882 0.0038986 
353407_Noatok                  0.0229099 0.0090284 0.0094100 0.0262672 0.0273921 0.0229099 0.0097392 0.0229099 0.0520001 0.0262257 0.0000000 0.0097392 0.0262257 0.0229099 0.0195741 0.0130065 0.0130065 0.2564656 0.0362393 0.0262257 
353410_Horizon_Lake            0.0117523 0.0023442 0.0000010 0.0137372 0.0117916 0.0117523 0.0000010 0.0097841 0.0292848 0.0117523 0.0097392 0.0000000 0.0117523 0.0097841 0.0078197 0.0019474 0.0019474 0.1201353 0.0216727 0.0117523 
92319_Little_Lost              0.0157145 0.0165472 0.0144742 0.0177141 0.0165661 0.0157145 0.0117523 0.0019474 0.0320309 0.0000010 0.0262257 0.0117523 0.0000000 0.0019474 0.0117634 0.0137242 0.0137242 0.1283013 0.0256882 0.0038986 
94280_St_Joe                   0.0137372 0.0141666 0.0120473 0.0157295 0.0141827 0.0137372 0.0097841 0.0000010 0.0293225 0.0019474 0.0229099 0.0097841 0.0019474 0.0000000 0.0097933 0.0117523 0.0117523 0.1256216 0.0236888 0.0019474 
GCA016432855_Lake_Trout        0.0117634 0.0117916 0.0096263 0.0137502 0.0118050 0.0117634 0.0078197 0.0097933 0.0293225 0.0117634 0.0195741 0.0078197 0.0117634 0.0097933 0.0000000 0.0097841 0.0097841 0.1256216 0.0177141 0.0117634 
GCA036784925_Maine_S_alpinus   0.0137242 0.0046948 0.0023952 0.0157145 0.0141666 0.0137242 0.0019474 0.0117523 0.0319897 0.0137242 0.0130065 0.0019474 0.0137242 0.0117523 0.0097841 0.0000000 0.0000010 0.1227982 0.0236663 0.0137242 
GCA045679555_Iceland_A_alpinus 0.0137242 0.0046948 0.0023952 0.0157145 0.0141666 0.0137242 0.0019474 0.0117523 0.0319897 0.0137242 0.0130065 0.0019474 0.0137242 0.0117523 0.0097841 0.0000010 0.0000000 0.1227982 0.0236663 0.0137242 
GCF013265735_Rainbow_Trout     0.1309875 0.1536565 0.1539055 0.1338477 0.1608524 0.1309875 0.1201353 0.1256216 0.2073510 0.1283013 0.2564656 0.1201353 0.1283013 0.1256216 0.1256216 0.1227982 0.1227982 0.0000000 0.1392647 0.1283013 
GCF029448725_Brook_Trout       0.0256882 0.0237503 0.0267285 0.0237113 0.0237775 0.0256882 0.0216727 0.0236888 0.0457444 0.0256882 0.0362393 0.0216727 0.0256882 0.0236888 0.0177141 0.0236663 0.0236663 0.1392647 0.0000000 0.0256882 
Methow_River_99895             0.0157145 0.0141666 0.0144742 0.0177141 0.0141827 0.0157145 0.0117523 0.0019474 0.0293225 0.0038986 0.0262257 0.0117523 0.0038986 0.0019474 0.0117634 0.0137242 0.0137242 0.1283013 0.0256882 0.0000000 
