15
251140_Ward_Creek            0.0000000 0.0000010 0.0184948 0.0185431 0.0376606 0.0000010 0.0376606 0.0185431 1.3751509 0.0376606 0.0771770 1.3751509 4.3468124 1.5470860 0.0376606 
260512_Pybus_Point           0.0000010 0.0000000 0.0184948 0.0185431 0.0376606 0.0000010 0.0376606 0.0185431 1.3751509 0.0376606 0.0771770 1.3751509 4.3468124 1.5470860 0.0376606 
261935_Kenai_River           0.0184948 0.0184948 0.0000000 0.0373770 0.0569425 0.0184948 0.0569425 0.0373770 1.4580439 0.0569425 0.0972633 1.4580439 4.4321415 1.6339881 0.0569425 
353246_Cottonwood_Creek      0.0185431 0.0185431 0.0373770 0.0000000 0.0186819 0.0132256 0.0187853 0.0000010 0.1132645 0.0186819 0.0342464 0.1132645 4.2558424 1.4615582 0.0187853 
353379_Skagit_River          0.0376606 0.0376606 0.0569425 0.0186819 0.0000000 0.0376606 0.0000010 0.0186819 1.4334127 0.0000010 0.0375165 1.4334127 5.2475210 1.6212261 0.0000010 
353381_Dungeness_River       0.0000010 0.0000010 0.0184948 0.0132256 0.0376606 0.0000000 0.0088104 0.0132256 0.1529009 0.0376606 0.0312997 0.1529009 4.3468124 1.5470860 0.0088104 
353401_Peace_River           0.0376606 0.0376606 0.0569425 0.0187853 0.0000010 0.0088104 0.0000000 0.0187853 0.1359473 0.0000010 0.0303172 0.1359473 5.2475210 1.6212261 0.0000010 
353407_Noatok                0.0185431 0.0185431 0.0373770 0.0000010 0.0186819 0.0132256 0.0187853 0.0000000 0.1132645 0.0186819 0.0342464 0.1132645 4.2558424 1.4615582 0.0187853 
353410_Horizon_Lake          1.3751509 1.3751509 1.4580439 0.1132645 1.4334127 0.1529009 0.1359473 0.1132645 0.0000000 1.4334127 0.1552490 0.0000010 0.2541180 0.0360616 0.1359473 
92319_Little_Lost            0.0376606 0.0376606 0.0569425 0.0186819 0.0000010 0.0376606 0.0000010 0.0186819 1.4334127 0.0000000 0.0375165 1.4334127 5.2475210 1.6212261 0.0000010 
GCA016432855_Lake_Trout      0.0771770 0.0771770 0.0972633 0.0342464 0.0375165 0.0312997 0.0303172 0.0342464 0.1552490 0.0375165 0.0000000 0.1552490 9.0000000 1.9187759 0.0303172 
GCA036784925_Maine_S_alpinus 1.3751509 1.3751509 1.4580439 0.1132645 1.4334127 0.1529009 0.1359473 0.1132645 0.0000010 1.4334127 0.1552490 0.0000000 0.2541180 0.0360616 0.1359473 
GCF013265735_Rainbow_Trout   4.3468124 4.3468124 4.4321415 4.2558424 5.2475210 4.3468124 5.2475210 4.2558424 0.2541180 5.2475210 9.0000000 0.2541180 0.0000000 0.3018781 5.2475210 
GCF029448725_Brook_Trout     1.5470860 1.5470860 1.6339881 1.4615582 1.6212261 1.5470860 1.6212261 1.4615582 0.0360616 1.6212261 1.9187759 0.0360616 0.3018781 0.0000000 1.6212261 
Methow_River_99895           0.0376606 0.0376606 0.0569425 0.0187853 0.0000010 0.0088104 0.0000010 0.0187853 0.1359473 0.0000010 0.0303172 0.1359473 5.2475210 1.6212261 0.0000000 
