8
251140_Ward_Creek          0.0000000 0.0000010 0.2020884 0.2020884 0.2020884 1.4647669 0.2020884 0.5410697 
260512_Pybus_Point         0.0000010 0.0000000 0.2020884 0.2020884 0.2020884 1.4647669 0.2020884 0.5410697 
353379_Skagit_River        0.2020884 0.2020884 0.0000000 0.0000010 0.5410697 2.3911276 0.5410697 0.2020884 
353401_Peace_River         0.2020884 0.2020884 0.0000010 0.0000000 0.5410697 2.3911276 0.5410697 0.2020884 
GCA016432855_Lake_Trout    0.2020884 0.2020884 0.5410697 0.5410697 0.0000000 2.3911276 0.0000010 1.4647669 
GCF013265735_Rainbow_Trout 1.4647669 1.4647669 2.3911276 2.3911276 2.3911276 0.0000000 2.3911276 2.7312222 
GCF029448725_Brook_Trout   0.2020884 0.2020884 0.5410697 0.5410697 0.0000010 2.3911276 0.0000000 1.4647669 
Methow_River_99895         0.5410697 0.5410697 0.2020884 0.2020884 1.4647669 2.7312222 1.4647669 0.0000000 
