20
251140_Ward_Creek              0.0000000 0.0013125 0.5664267 0.0026279 0.0013280 0.0013280 0.0079495 0.0151117 0.8689658 0.0151117 0.0109544 0.0175018 0.0151323 0.0137216 0.0178786 0.1231810 0.0230375 0.4638912 0.0179901 0.0137216 
260512_Pybus_Point             0.0013125 0.0000000 0.5664267 0.0013125 0.0000010 0.0000010 0.0066163 0.0137216 0.8689658 0.0137216 0.0095737 0.0161367 0.0137403 0.0123348 0.0164837 0.1207953 0.0216570 0.4606196 0.0165864 0.0123348 
261935_Kenai_River             0.5664267 0.5664267 0.0000000 0.5718013 0.5667658 0.5667658 0.5568594 0.5249786 0.0133996 0.5249786 0.5549271 0.5776570 0.5198004 0.5198004 0.5489715 1.6052853 0.6027925 0.2909252 0.5564485 0.5198004 
353213_Cropley_Lake            0.0026279 0.0013125 0.5718013 0.0000000 0.0013280 0.0013280 0.0079495 0.0151117 0.8796871 0.0151117 0.0109544 0.0175018 0.0151323 0.0137216 0.0178786 0.1231810 0.0230375 0.4638912 0.0179901 0.0137216 
353219_Peterson_Creek          0.0013280 0.0000010 0.5667658 0.0013280 0.0000000 0.0000010 0.0066951 0.0138907 0.8724958 0.0138907 0.0096914 0.0163316 0.0139099 0.0124866 0.0166871 0.1231557 0.0219203 0.4603864 0.0167924 0.0124866 
353220_Fish_Creek              0.0013280 0.0000010 0.5667658 0.0013280 0.0000010 0.0000000 0.0066951 0.0138907 0.8724958 0.0138907 0.0096914 0.0163316 0.0139099 0.0124866 0.0166871 0.1231557 0.0219203 0.4603864 0.0167924 0.0124866 
353246_Cottonwood_Creek        0.0079495 0.0066163 0.5568594 0.0079495 0.0066951 0.0066951 0.0000000 0.0123007 0.8494268 0.0123007 0.0054335 0.0147347 0.0123174 0.0109211 0.0150504 0.1130705 0.0202242 0.4582562 0.0151437 0.0109211 
353379_Skagit_River            0.0151117 0.0137216 0.5249786 0.0151117 0.0138907 0.0138907 0.0123007 0.0000000 0.7874323 0.0000010 0.0123571 0.0123314 0.0026985 0.0013459 0.0136762 0.0970471 0.0179312 0.4169341 0.0137609 0.0013459 
353381_Dungeness_River         0.8689658 0.8689658 0.0133996 0.8796871 0.8724958 0.8724958 0.8494268 0.7874323 0.0000000 0.7874323 0.8648825 0.8916564 0.7774726 0.7774726 0.8501953 3.9983738 0.9436220 0.3280786 0.8696846 0.7774726 
353401_Peace_River             0.0151117 0.0137216 0.5249786 0.0151117 0.0138907 0.0138907 0.0123007 0.0000010 0.7874323 0.0000000 0.0123571 0.0123314 0.0026985 0.0013459 0.0136762 0.0970471 0.0179312 0.4169341 0.0137609 0.0013459 
353407_Noatok                  0.0109544 0.0095737 0.5549271 0.0109544 0.0096914 0.0096914 0.0054335 0.0123571 0.8648825 0.0123571 0.0000000 0.0109514 0.0123739 0.0109710 0.0151195 0.0828583 0.0165368 0.4294235 0.0152137 0.0109710 
353410_Horizon_Lake            0.0175018 0.0161367 0.5776570 0.0175018 0.0163316 0.0163316 0.0147347 0.0123314 0.8916564 0.0123314 0.0109514 0.0000000 0.0123481 0.0109482 0.0178815 0.1283171 0.0052761 0.4626587 0.0179931 0.0109482 
92319_Little_Lost              0.0151323 0.0137403 0.5198004 0.0151323 0.0139099 0.0139099 0.0123174 0.0026985 0.7774726 0.0026985 0.0123739 0.0123481 0.0000000 0.0013477 0.0136947 0.0972635 0.0179558 0.4179430 0.0137797 0.0013477 
94280_St_Joe                   0.0137216 0.0123348 0.5198004 0.0137216 0.0124866 0.0124866 0.0109211 0.0013459 0.7774726 0.0013459 0.0109710 0.0109482 0.0013477 0.0000000 0.0122940 0.0947142 0.0165321 0.4138344 0.0123701 0.0000010 
GCA016432855_Lake_Trout        0.0178786 0.0164837 0.5489715 0.0178786 0.0166871 0.0166871 0.0150504 0.0136762 0.8501953 0.0136762 0.0151195 0.0178815 0.0136947 0.0122940 0.0000000 0.1041069 0.0235403 0.4309724 0.0165310 0.0122940 
GCA036784925_Maine_S_alpinus   0.1231810 0.1207953 1.6052853 0.1231810 0.1231557 0.1231557 0.1130705 0.0970471 3.9983738 0.0970471 0.0828583 0.1283171 0.0972635 0.0947142 0.1041069 0.0000000 0.1384908 0.9960083 0.1051570 0.0947142 
GCA045679555_Iceland_A_alpinus 0.0230375 0.0216570 0.6027925 0.0230375 0.0219203 0.0219203 0.0202242 0.0179312 0.9436220 0.0179312 0.0165368 0.0052761 0.0179558 0.0165321 0.0235403 0.1384908 0.0000000 0.4774776 0.0236884 0.0165321 
GCF013265735_Rainbow_Trout     0.4638912 0.4606196 0.2909252 0.4638912 0.4603864 0.4603864 0.4582562 0.4169341 0.3280786 0.4169341 0.4294235 0.4626587 0.4179430 0.4138344 0.4309724 0.9960083 0.4774776 0.0000000 0.4369877 0.4138344 
GCF029448725_Brook_Trout       0.0179901 0.0165864 0.5564485 0.0179901 0.0167924 0.0167924 0.0151437 0.0137609 0.8696846 0.0137609 0.0152137 0.0179931 0.0137797 0.0123701 0.0165310 0.1051570 0.0236884 0.4369877 0.0000000 0.0123701 
Methow_River_99895             0.0137216 0.0123348 0.5198004 0.0137216 0.0124866 0.0124866 0.0109211 0.0013459 0.7774726 0.0013459 0.0109710 0.0109482 0.0013477 0.0000010 0.0122940 0.0947142 0.0165321 0.4138344 0.0123701 0.0000000 
