14
251140_Ward_Creek          0.0000000 0.0000010 0.1475097 0.0959586 0.1475097 0.0931708 0.1836699 0.0931708 0.2679136 0.1475097 0.1475097 0.5944180 2.1043639 0.7848117 
260512_Pybus_Point         0.0000010 0.0000000 0.1475097 0.0959586 0.1475097 0.0931708 0.1836699 0.0931708 0.2679136 0.1475097 0.1475097 0.5944180 2.1043639 0.7848117 
353213_Cropley_Lake        0.1475097 0.1475097 0.0000000 0.0249645 0.0000010 0.1475097 0.5977729 0.1475097 0.0513380 0.2088248 0.2088248 0.1412421 2.2250759 0.6606020 
353219_Peterson_Creek      0.0959586 0.0959586 0.0249645 0.0000000 0.0249645 0.2014450 0.4493497 0.2014450 0.0780309 0.2679136 0.2679136 0.1795801 2.2001742 0.7177211 
353246_Cottonwood_Creek    0.1475097 0.1475097 0.0000010 0.0249645 0.0000000 0.1475097 0.5977729 0.1475097 0.0513380 0.2088248 0.2088248 0.1412421 2.2250759 0.6606020 
353379_Skagit_River        0.0931708 0.0931708 0.1475097 0.2014450 0.1475097 0.0000000 0.4074303 0.0000010 0.1524830 0.0468046 0.0468046 0.3750367 2.1467228 0.6430313 
353381_Dungeness_River     0.1836699 0.1836699 0.5977729 0.4493497 0.5977729 0.4074303 0.0000000 0.4074303 1.1151171 0.5977729 0.5977729 2.5233535 2.2178958 1.2887910 
353401_Peace_River         0.0931708 0.0931708 0.1475097 0.2014450 0.1475097 0.0000010 0.4074303 0.0000000 0.1524830 0.0468046 0.0468046 0.3750367 2.1467228 0.6430313 
353407_Noatok              0.2679136 0.2679136 0.0513380 0.0780309 0.0513380 0.1524830 1.1151171 0.1524830 0.0000000 0.2169029 0.2169029 0.1445969 2.3896949 0.6985882 
92319_Little_Lost          0.1475097 0.1475097 0.2088248 0.2679136 0.2088248 0.0468046 0.5977729 0.0468046 0.2169029 0.0000000 0.0000010 0.5320655 2.2850280 0.7701940 
94280_St_Joe               0.1475097 0.1475097 0.2088248 0.2679136 0.2088248 0.0468046 0.5977729 0.0468046 0.2169029 0.0000010 0.0000000 0.5320655 2.2850280 0.7701940 
GCA016432855_Lake_Trout    0.5944180 0.5944180 0.1412421 0.1795801 0.1412421 0.3750367 2.5233535 0.3750367 0.1445969 0.5320655 0.5320655 0.0000000 3.2350631 0.9552906 
GCF013265735_Rainbow_Trout 2.1043639 2.1043639 2.2250759 2.2001742 2.2250759 2.1467228 2.2178958 2.1467228 2.3896949 2.2850280 2.2850280 3.2350631 0.0000000 2.2085519 
GCF029448725_Brook_Trout   0.7848117 0.7848117 0.6606020 0.7177211 0.6606020 0.6430313 1.2887910 0.6430313 0.6985882 0.7701940 0.7701940 0.9552906 2.2085519 0.0000000 
