12
251140_Ward_Creek              0.0000000 0.0000010 0.0011087 0.0044463 0.0033326 0.0011087 0.0033326 0.0044460 9.0000000 0.0022188 0.0445534 0.0089176 
260512_Pybus_Point             0.0000010 0.0000000 0.0011087 0.0044463 0.0033326 0.0011087 0.0033326 0.0044460 9.0000000 0.0022188 0.0445534 0.0089176 
261935_Kenai_River             0.0011087 0.0011087 0.0000000 0.0055604 0.0044455 0.0000010 0.0044455 0.0055601 9.0000000 0.0033296 0.0457177 0.0100369 
353379_Skagit_River            0.0044463 0.0044463 0.0055604 0.0000000 0.0011089 0.0055604 0.0011089 0.0089192 9.0000000 0.0066765 0.0481024 0.0134173 
353401_Peace_River             0.0033326 0.0033326 0.0044455 0.0011089 0.0000000 0.0044455 0.0000010 0.0077993 9.0000000 0.0055602 0.0469262 0.0122913 
353407_Noatok                  0.0011087 0.0011087 0.0000010 0.0055604 0.0044455 0.0000000 0.0044455 0.0055601 9.0000000 0.0033296 0.0457177 0.0100369 
92319_Little_Lost              0.0033326 0.0033326 0.0044455 0.0011089 0.0000010 0.0044455 0.0000000 0.0077993 9.0000000 0.0055602 0.0469262 0.0122913 
GCA016432855_Lake_Trout        0.0044460 0.0044460 0.0055601 0.0089192 0.0077993 0.0055601 0.0077993 0.0000000 9.0000000 0.0066761 0.0445526 0.0089174 
GCA036784925_Maine_S_alpinus   9.0000000 9.0000000 9.0000000 9.0000000 9.0000000 9.0000000 9.0000000 9.0000000 0.0000000 9.0000000 9.0000000 9.0000000 
GCA045679555_Iceland_A_alpinus 0.0022188 0.0022188 0.0033296 0.0066765 0.0055602 0.0033296 0.0055602 0.0066761 9.0000000 0.0000000 0.0468909 0.0111588 
GCF013265735_Rainbow_Trout     0.0445534 0.0445534 0.0457177 0.0481024 0.0469262 0.0457177 0.0469262 0.0445526 9.0000000 0.0468909 0.0000000 0.0480929 
GCF029448725_Brook_Trout       0.0089176 0.0089176 0.0100369 0.0134173 0.0122913 0.0100369 0.0122913 0.0089174 9.0000000 0.0111588 0.0480929 0.0000000 
