7
251140_Ward_Creek          0.0000000 0.0000010 0.4976899 0.4976899 0.3481521 1.1217233 0.4976899 
260512_Pybus_Point         0.0000010 0.0000000 0.4976899 0.4976899 0.3481521 1.1217233 0.4976899 
353379_Skagit_River        0.4976899 0.4976899 0.0000000 0.0000010 0.3453055 8.9999987 0.2023792 
353401_Peace_River         0.4976899 0.4976899 0.0000010 0.0000000 0.3453055 8.9999987 0.2023792 
GCA016432855_Lake_Trout    0.3481521 0.3481521 0.3453055 0.3453055 0.0000000 2.1404208 0.3453055 
GCF013265735_Rainbow_Trout 1.1217233 1.1217233 8.9999987 8.9999987 2.1404208 0.0000000 8.9999987 
GCF029448725_Brook_Trout   0.4976899 0.4976899 0.2023792 0.2023792 0.3453055 8.9999987 0.0000000 
