12
251140_Ward_Creek            0.0000000 0.0000010 0.1263143 0.1266253 0.1266253 0.1263143 0.3188282 0.1075797 0.1291015 0.3188282 1.4081174 0.1266253 
260512_Pybus_Point           0.0000010 0.0000000 0.1263143 0.1266253 0.1266253 0.1263143 0.3188282 0.1075797 0.1291015 0.3188282 1.4081174 0.1266253 
261935_Kenai_River           0.1263143 0.1263143 0.0000000 0.1066519 0.1066519 0.0000010 0.2842775 0.0881117 0.1086859 0.2842775 1.1890537 0.1066519 
353379_Skagit_River          0.1266253 0.1266253 0.1066519 0.0000000 0.0000010 0.1066519 0.2858071 0.0168823 0.0710117 0.2858071 1.2199387 0.0697221 
353401_Peace_River           0.1266253 0.1266253 0.1066519 0.0000010 0.0000000 0.1066519 0.2858071 0.0168823 0.0710117 0.2858071 1.2199387 0.0697221 
353407_Noatok                0.1263143 0.1263143 0.0000010 0.1066519 0.1066519 0.0000000 0.2842775 0.0881117 0.1086859 0.2842775 1.1890537 0.1066519 
353410_Horizon_Lake          0.3188282 0.3188282 0.2842775 0.2858071 0.2858071 0.2842775 0.0000000 0.2565366 0.2944399 0.0000010 2.3102466 0.2858071 
92319_Little_Lost            0.1075797 0.1075797 0.0881117 0.0168823 0.0168823 0.0881117 0.2565366 0.0000000 0.0527843 0.2565366 1.1707090 0.0518394 
GCA016432855_Lake_Trout      0.1291015 0.1291015 0.1086859 0.0710117 0.0710117 0.1086859 0.2944399 0.0527843 0.0000000 0.2944399 1.3025509 0.0710117 
GCA036784925_Maine_S_alpinus 0.3188282 0.3188282 0.2842775 0.2858071 0.2858071 0.2842775 0.0000010 0.2565366 0.2944399 0.0000000 2.3102466 0.2858071 
GCF013265735_Rainbow_Trout   1.4081174 1.4081174 1.1890537 1.2199387 1.2199387 1.1890537 2.3102466 1.1707090 1.3025509 2.3102466 0.0000000 1.2199387 
GCF029448725_Brook_Trout     0.1266253 0.1266253 0.1066519 0.0697221 0.0697221 0.1066519 0.2858071 0.0518394 0.0710117 0.2858071 1.2199387 0.0000000 
