9
251140_Ward_Creek          0.0000000 0.0000010 0.0072479 0.0354246 0.0000010 0.0072479 0.0072479 0.3212671 0.0144930 
260512_Pybus_Point         0.0000010 0.0000000 0.0072479 0.0354246 0.0000010 0.0072479 0.0072479 0.3212671 0.0144930 
261935_Kenai_River         0.0072479 0.0072479 0.0000000 0.0541358 0.0175540 0.0000010 0.0146048 0.3365010 0.0219051 
353246_Cottonwood_Creek    0.0354246 0.0354246 0.0541358 0.0000000 0.0354246 0.0541358 0.0173930 3.1341615 0.0536217 
353381_Dungeness_River     0.0000010 0.0000010 0.0175540 0.0354246 0.0000000 0.0175540 0.0175540 2.6171032 0.0350958 
353407_Noatok              0.0072479 0.0072479 0.0000010 0.0541358 0.0175540 0.0000000 0.0146048 0.3365010 0.0219051 
353410_Horizon_Lake        0.0072479 0.0072479 0.0146048 0.0173930 0.0175540 0.0146048 0.0000000 0.3365010 0.0145487 
GCF013265735_Rainbow_Trout 0.3212671 0.3212671 0.3365010 3.1341615 2.6171032 0.3365010 0.3365010 0.0000000 0.3476434 
GCF029448725_Brook_Trout   0.0144930 0.0144930 0.0219051 0.0536217 0.0350958 0.0219051 0.0145487 0.3476434 0.0000000 
