13
251140_Ward_Creek              0.0000000 0.0000010 0.0000010 0.0104796 0.0445176 0.0104796 0.0070460 0.0158237 0.0373786 0.0035157 0.1032175 0.0141494 0.0144564 
260512_Pybus_Point             0.0000010 0.0000000 0.0000010 0.0104796 0.1439232 0.0104796 0.0052240 0.0158237 0.0238085 0.0052240 0.1032175 0.0052240 0.0104796 
261935_Kenai_River             0.0000010 0.0000010 0.0000000 0.0104796 0.0445176 0.0104796 0.0070460 0.0158237 0.0373786 0.0035157 0.1032175 0.0141494 0.0144564 
353379_Skagit_River            0.0104796 0.0104796 0.0104796 0.0000000 0.1975992 0.0000010 0.0157667 0.0052427 0.0359604 0.0157667 0.1154624 0.0157667 0.0000010 
353381_Dungeness_River         0.0445176 0.1439232 0.0445176 0.1975992 0.0000000 0.1975992 0.0521632 0.2298881 0.3539886 0.0521632 0.4614873 0.0755048 0.0790907 
353401_Peace_River             0.0104796 0.0104796 0.0104796 0.0000010 0.1975992 0.0000000 0.0157667 0.0052427 0.0359604 0.0157667 0.1154624 0.0157667 0.0000010 
353407_Noatok                  0.0070460 0.0052240 0.0070460 0.0157667 0.0521632 0.0157667 0.0000000 0.0211631 0.0428507 0.0105905 0.1093191 0.0141494 0.0144564 
92319_Little_Lost              0.0158237 0.0158237 0.0158237 0.0052427 0.2298881 0.0052427 0.0211631 0.0000000 0.0422750 0.0211631 0.1221471 0.0211631 0.0052427 
GCA016432855_Lake_Trout        0.0373786 0.0238085 0.0373786 0.0359604 0.3539886 0.0359604 0.0428507 0.0422750 0.0000000 0.0428507 0.1168260 0.0373786 0.0486184 
GCA045679555_Iceland_A_alpinus 0.0035157 0.0052240 0.0035157 0.0157667 0.0521632 0.0157667 0.0105905 0.0211631 0.0428507 0.0000000 0.1093191 0.0177223 0.0181083 
GCF013265735_Rainbow_Trout     0.1032175 0.1032175 0.1032175 0.1154624 0.4614873 0.1154624 0.1093191 0.1221471 0.1168260 0.1093191 0.0000000 0.1093191 0.1154624 
GCF029448725_Brook_Trout       0.0141494 0.0052240 0.0141494 0.0157667 0.0755048 0.0157667 0.0141494 0.0211631 0.0373786 0.0177223 0.1093191 0.0000000 0.0144564 
Methow_River_99895             0.0144564 0.0104796 0.0144564 0.0000010 0.0790907 0.0000010 0.0144564 0.0052427 0.0486184 0.0181083 0.1154624 0.0144564 0.0000000 
