13
251140_Ward_Creek            0.0000000 0.0000010 0.0219621 0.2959497 0.0164627 0.2959497 0.0219621 0.2854304 0.3117885 0.3351575 0.2854304 1.0807400 0.4898010 
260512_Pybus_Point           0.0000010 0.0000000 0.0219621 0.2959497 0.0164627 0.2959497 0.0219621 0.2854304 0.3117885 0.3351575 0.2854304 1.0807400 0.4898010 
353246_Cottonwood_Creek      0.0219621 0.0219621 0.0000000 0.3083232 0.0680785 0.3083232 0.0000010 0.2976371 0.3116332 0.3488855 0.2976371 1.1139545 0.5062427 
353379_Skagit_River          0.2959497 0.2959497 0.3083232 0.0000000 1.0536414 0.0000010 0.3083232 0.0227901 0.1621334 0.0565296 0.0227901 0.9492557 0.4022809 
353381_Dungeness_River       0.0164627 0.0164627 0.0680785 1.0536414 0.0000000 1.0536414 0.0680785 1.0534244 2.0213972 1.4525428 1.0534244 3.0825830 1.7520697 
353401_Peace_River           0.2959497 0.2959497 0.3083232 0.0000010 1.0536414 0.0000000 0.3083232 0.0227901 0.1621334 0.0565296 0.0227901 0.9492557 0.4022809 
353407_Noatok                0.0219621 0.0219621 0.0000010 0.3083232 0.0680785 0.3083232 0.0000000 0.2976371 0.3116332 0.3488855 0.2976371 1.1139545 0.5062427 
353410_Horizon_Lake          0.2854304 0.2854304 0.2976371 0.0227901 1.0534244 0.0227901 0.2976371 0.0000000 0.1976457 0.0482616 0.0000010 0.9339939 0.3905191 
92319_Little_Lost            0.3117885 0.3117885 0.3116332 0.1621334 2.0213972 0.1621334 0.3116332 0.1976457 0.0000000 0.2652337 0.1976457 1.8725233 0.9404631 
GCA016432855_Lake_Trout      0.3351575 0.3351575 0.3488855 0.0565296 1.4525428 0.0565296 0.3488855 0.0482616 0.2652337 0.0000000 0.0482616 1.0198617 0.4173707 
GCA036784925_Maine_S_alpinus 0.2854304 0.2854304 0.2976371 0.0227901 1.0534244 0.0227901 0.2976371 0.0000010 0.1976457 0.0482616 0.0000000 0.9339939 0.3905191 
GCF013265735_Rainbow_Trout   1.0807400 1.0807400 1.1139545 0.9492557 3.0825830 0.9492557 1.1139545 0.9339939 1.8725233 1.0198617 0.9339939 0.0000000 0.7692030 
GCF029448725_Brook_Trout     0.4898010 0.4898010 0.5062427 0.4022809 1.7520697 0.4022809 0.5062427 0.3905191 0.9404631 0.4173707 0.3905191 0.7692030 0.0000000 
