17
251140_Ward_Creek              0.0000000 0.0000010 0.0445532 0.0219760 0.0219760 0.0940566 0.0875753 0.1171224 0.0445532 0.0920145 0.0920145 0.0920145 0.0679990 0.0679990 0.1421166 0.0920145 0.1171224 
260512_Pybus_Point             0.0000010 0.0000000 0.0445532 0.0219760 0.0219760 0.0940566 0.0875753 0.1171224 0.0445532 0.0920145 0.0920145 0.0920145 0.0679990 0.0679990 0.1421166 0.0920145 0.1171224 
261935_Kenai_River             0.0445532 0.0445532 0.0000000 0.0219712 0.0219712 0.0940331 0.0874946 0.1170928 0.0000010 0.0919921 0.0919921 0.0919921 0.0679830 0.0679830 0.1420794 0.0919921 0.1170928 
353220_Fish_Creek              0.0219760 0.0219760 0.0219712 0.0000000 0.0000010 0.0695047 0.0000010 0.0923047 0.0219712 0.0680153 0.0680153 0.0680153 0.0446924 0.0446924 0.1166492 0.0680153 0.0923047 
353246_Cottonwood_Creek        0.0219760 0.0219760 0.0219712 0.0000010 0.0000000 0.0695047 0.0000010 0.0923047 0.0219712 0.0680153 0.0680153 0.0680153 0.0446924 0.0446924 0.1166492 0.0680153 0.0923047 
353379_Skagit_River            0.0940566 0.0940566 0.0940331 0.0695047 0.0695047 0.0000000 0.0953683 0.0225823 0.0940331 0.0000010 0.0000010 0.0458373 0.1197695 0.1197695 0.0943606 0.0458373 0.0225823 
353381_Dungeness_River         0.0875753 0.0875753 0.0874946 0.0000010 0.0000010 0.0953683 0.0000000 0.1879993 0.0874946 0.0874946 0.0874946 0.1886380 0.1882025 0.1882025 0.4319011 0.1886380 0.1879993 
353401_Peace_River             0.1171224 0.1171224 0.1170928 0.0923047 0.0923047 0.0225823 0.1879993 0.0000000 0.1170928 0.0221087 0.0221087 0.0684782 0.1432075 0.1432075 0.1175083 0.0684782 0.0000010 
353407_Noatok                  0.0445532 0.0445532 0.0000010 0.0219712 0.0219712 0.0940331 0.0874946 0.1170928 0.0000000 0.0919921 0.0919921 0.0919921 0.0679830 0.0679830 0.1420794 0.0919921 0.1170928 
92319_Little_Lost              0.0920145 0.0920145 0.0919921 0.0680153 0.0680153 0.0000010 0.0874946 0.0221087 0.0919921 0.0000000 0.0000010 0.0448642 0.1171224 0.1171224 0.0923047 0.0448642 0.0221087 
94280_St_Joe                   0.0920145 0.0920145 0.0919921 0.0680153 0.0680153 0.0000010 0.0874946 0.0221087 0.0919921 0.0000010 0.0000000 0.0448642 0.1171224 0.1171224 0.0923047 0.0448642 0.0221087 
GCA016432855_Lake_Trout        0.0920145 0.0920145 0.0919921 0.0680153 0.0680153 0.0458373 0.1886380 0.0684782 0.0919921 0.0448642 0.0448642 0.0000000 0.1171224 0.1171224 0.0923047 0.0448642 0.0684782 
GCA036784925_Maine_S_alpinus   0.0679990 0.0679990 0.0679830 0.0446924 0.0446924 0.1197695 0.1882025 0.1432075 0.0679830 0.1171224 0.1171224 0.1171224 0.0000000 0.0000010 0.1689923 0.1171224 0.1432075 
GCA045679555_Iceland_A_alpinus 0.0679990 0.0679990 0.0679830 0.0446924 0.0446924 0.1197695 0.1882025 0.1432075 0.0679830 0.1171224 0.1171224 0.1171224 0.0000010 0.0000000 0.1689923 0.1171224 0.1432075 
GCF013265735_Rainbow_Trout     0.1421166 0.1421166 0.1420794 0.1166492 0.1166492 0.0943606 0.4319011 0.1175083 0.1420794 0.0923047 0.0923047 0.0923047 0.1689923 0.1689923 0.0000000 0.0923047 0.1175083 
GCF029448725_Brook_Trout       0.0920145 0.0920145 0.0919921 0.0680153 0.0680153 0.0458373 0.1886380 0.0684782 0.0919921 0.0448642 0.0448642 0.0448642 0.1171224 0.1171224 0.0923047 0.0000000 0.0684782 
Methow_River_99895             0.1171224 0.1171224 0.1170928 0.0923047 0.0923047 0.0225823 0.1879993 0.0000010 0.1170928 0.0221087 0.0221087 0.0684782 0.1432075 0.1432075 0.1175083 0.0684782 0.0000000 
