17
251140_Ward_Creek              0.0000000 0.0046636 1.6924346 0.0046636 0.0685818 0.0000010 0.2594706 0.0193779 8.9999987 0.0193779 0.2777526 0.0094449 2.5799267 0.0094449 0.0143473 0.3741107 0.0143473 
260512_Pybus_Point             0.0046636 0.0000000 2.2390624 0.0094449 0.0618371 0.0046636 0.2427288 0.0143473 8.9999981 0.0143473 0.2594706 0.0046636 2.1416321 0.0046636 0.0094449 0.3454070 0.0094449 
261935_Kenai_River             1.6924346 2.2390624 0.0000000 2.2390624 0.3525609 1.6924346 0.0384908 4.0127752 0.1204356 4.0127752 0.0457265 2.8079151 0.2937371 2.8079151 3.3986170 0.1161122 3.3986170 
353213_Cropley_Lake            0.0046636 0.0094449 2.2390624 0.0000000 0.0755706 0.0046636 0.2777526 0.0245435 8.9999987 0.0245435 0.2978792 0.0143473 3.0311931 0.0143473 0.0193779 0.4074659 0.0193779 
353219_Peterson_Creek          0.0685818 0.0618371 0.3525609 0.0755706 0.0000000 0.0685818 0.1331631 0.0755706 8.9999986 0.0755706 0.1238127 0.0618371 0.6142682 0.0618371 0.0685818 0.2304586 0.0685818 
353220_Fish_Creek              0.0000010 0.0046636 1.6924346 0.0046636 0.0685818 0.0000000 0.2594706 0.0193779 8.9999987 0.0193779 0.2777526 0.0094449 2.5799267 0.0094449 0.0143473 0.3741107 0.0143473 
353246_Cottonwood_Creek        0.2594706 0.2427288 0.0384908 0.2777526 0.1331631 0.2594706 0.0000000 0.2978792 0.1860536 0.2978792 0.0046001 0.2594706 0.1229845 0.2594706 0.2777526 0.0459953 0.2777526 
353379_Skagit_River            0.0193779 0.0143473 4.0127752 0.0245435 0.0755706 0.0193779 0.2978792 0.0000000 8.9999984 0.0000010 0.3202497 0.0094449 2.5799267 0.0094449 0.0143473 0.4471608 0.0046636 
353381_Dungeness_River         8.9999987 8.9999981 0.1204356 8.9999987 8.9999986 8.9999987 0.1860536 8.9999984 0.0000000 8.9999984 0.2295213 8.9999990 8.9999982 8.9999990 8.9999990 0.3629251 8.9999990 
353401_Peace_River             0.0193779 0.0143473 4.0127752 0.0245435 0.0755706 0.0193779 0.2978792 0.0000010 8.9999984 0.0000000 0.3202497 0.0094449 2.5799267 0.0094449 0.0143473 0.4471608 0.0046636 
353407_Noatok                  0.2777526 0.2594706 0.0457265 0.2978792 0.1238127 0.2777526 0.0046001 0.3202497 0.2295213 0.3202497 0.0000000 0.2777526 0.1317742 0.2777526 0.2978792 0.0518561 0.2978792 
353410_Horizon_Lake            0.0094449 0.0046636 2.8079151 0.0143473 0.0618371 0.0094449 0.2594706 0.0094449 8.9999990 0.0094449 0.2777526 0.0000000 2.5799267 0.0000010 0.0046636 0.3741107 0.0046636 
GCA016432855_Lake_Trout        2.5799267 2.1416321 0.2937371 3.0311931 0.6142682 2.5799267 0.1229845 2.5799267 8.9999982 2.5799267 0.1317742 2.5799267 0.0000000 2.5799267 3.0311931 0.1409812 2.1416321 
GCA036784925_Maine_S_alpinus   0.0094449 0.0046636 2.8079151 0.0143473 0.0618371 0.0094449 0.2594706 0.0094449 8.9999990 0.0094449 0.2777526 0.0000010 2.5799267 0.0000000 0.0046636 0.3741107 0.0046636 
GCA045679555_Iceland_A_alpinus 0.0143473 0.0094449 3.3986170 0.0193779 0.0685818 0.0143473 0.2777526 0.0143473 8.9999990 0.0143473 0.2978792 0.0046636 3.0311931 0.0046636 0.0000000 0.3899676 0.0094449 
GCF013265735_Rainbow_Trout     0.3741107 0.3454070 0.1161122 0.4074659 0.2304586 0.3741107 0.0459953 0.4471608 0.3629251 0.4471608 0.0518561 0.3741107 0.1409812 0.3741107 0.3899676 0.0000000 0.4074659 
GCF029448725_Brook_Trout       0.0143473 0.0094449 3.3986170 0.0193779 0.0685818 0.0143473 0.2777526 0.0046636 8.9999990 0.0046636 0.2978792 0.0046636 2.1416321 0.0046636 0.0094449 0.4074659 0.0000000 
