13
251140_Ward_Creek            0.0000000 0.0000010 0.0034677 0.1197593 2.4476820 0.1242503 0.0034677 0.1197593 0.0997779 1.8525687 0.1403831 0.0899948 0.1242503 
260512_Pybus_Point           0.0000010 0.0000000 0.0034677 0.1197593 2.4476820 0.1242503 0.0034677 0.1197593 0.0997779 1.8525687 0.1403831 0.0899948 0.1242503 
353213_Cropley_Lake          0.0034677 0.0034677 0.0000000 0.1242503 3.0831554 0.1287683 0.0069525 0.1242503 0.1037404 2.0537657 0.1445670 0.0939902 0.1287683 
353379_Skagit_River          0.1197593 0.1197593 0.1242503 0.0000000 2.1086932 0.0038265 0.1242503 0.0000010 0.0391726 1.6940869 0.0762689 0.0278546 0.0038265 
353381_Dungeness_River       2.4476820 2.4476820 3.0831554 2.1086932 0.0000000 2.4476820 3.0831554 2.1086932 3.0831554 0.0086706 9.0000000 2.1086932 2.4476820 
353401_Peace_River           0.1242503 0.1242503 0.1287683 0.0038265 2.4476820 0.0000000 0.1287683 0.0038265 0.0432057 1.8525687 0.0805061 0.0319196 0.0000010 
353407_Noatok                0.0034677 0.0034677 0.0069525 0.1242503 3.0831554 0.1287683 0.0000000 0.1242503 0.1037404 2.0537657 0.1445670 0.0939902 0.1287683 
92319_Little_Lost            0.1197593 0.1197593 0.1242503 0.0000010 2.1086932 0.0038265 0.1242503 0.0000000 0.0391726 1.6940869 0.0762689 0.0278546 0.0038265 
GCA016432855_Lake_Trout      0.0997779 0.0997779 0.1037404 0.0391726 3.0831554 0.0432057 0.1037404 0.0391726 0.0000000 2.0537657 0.0650226 0.0106763 0.0432057 
GCA036784925_Maine_S_alpinus 1.8525687 1.8525687 2.0537657 1.6940869 0.0086706 1.8525687 2.0537657 1.6940869 2.0537657 0.0000000 9.0000000 1.6940869 1.8525687 
GCF013265735_Rainbow_Trout   0.1403831 0.1403831 0.1445670 0.0762689 9.0000000 0.0805061 0.1445670 0.0762689 0.0650226 9.0000000 0.0000000 0.0549692 0.0805061 
GCF029448725_Brook_Trout     0.0899948 0.0899948 0.0939902 0.0278546 2.1086932 0.0319196 0.0939902 0.0278546 0.0106763 1.6940869 0.0549692 0.0000000 0.0319196 
Methow_River_99895           0.1242503 0.1242503 0.1287683 0.0038265 2.4476820 0.0000010 0.1287683 0.0038265 0.0432057 1.8525687 0.0805061 0.0319196 0.0000000 
