10
251140_Ward_Creek          0.0000000 0.0025916 0.0000010 0.0025916 0.0157110 0.6468531 0.0157110 0.0242683 0.1090923 0.0210612 
260512_Pybus_Point         0.0025916 0.0000000 0.0025916 0.0000010 0.0130444 0.6869774 0.0130444 0.0214902 0.1058764 0.0183604 
261935_Kenai_River         0.0000010 0.0025916 0.0000000 0.0025916 0.0157110 0.6468531 0.0157110 0.0242683 0.1090923 0.0210612 
353246_Cottonwood_Creek    0.0025916 0.0000010 0.0025916 0.0000000 0.0130444 0.6869774 0.0130444 0.0214902 0.1058764 0.0183604 
353379_Skagit_River        0.0157110 0.0130444 0.0157110 0.0130444 0.0000000 0.8774329 0.0000010 0.0225897 0.1013203 0.0196364 
353381_Dungeness_River     0.6468531 0.6869774 0.6468531 0.6869774 0.8774329 0.0000000 0.8774329 1.3185296 2.6282741 0.9891930 
353401_Peace_River         0.0157110 0.0130444 0.0157110 0.0130444 0.0000010 0.8774329 0.0000000 0.0225897 0.1013203 0.0196364 
GCA016432855_Lake_Trout    0.0242683 0.0214902 0.0242683 0.0214902 0.0225897 1.3185296 0.0225897 0.0000000 0.0811466 0.0277533 
GCF013265735_Rainbow_Trout 0.1090923 0.1058764 0.1090923 0.1058764 0.1013203 2.6282741 0.1013203 0.0811466 0.0000000 0.1071011 
GCF029448725_Brook_Trout   0.0210612 0.0183604 0.0210612 0.0183604 0.0196364 0.9891930 0.0196364 0.0277533 0.1071011 0.0000000 
