14
251140_Ward_Creek              0.0000000 0.0000010 0.0068614 0.1452031 0.0068614 0.0034279 0.0068614 0.0207846 0.0085842 0.0120839 0.0068614 0.0051416 0.0494886 0.0138092 
260512_Pybus_Point             0.0000010 0.0000000 0.0068614 0.1452031 0.0068614 0.0034279 0.0068614 0.0207846 0.0085842 0.0120839 0.0068614 0.0051416 0.0494886 0.0138092 
353379_Skagit_River            0.0068614 0.0068614 0.0000000 0.1944773 0.0000010 0.0068678 0.0068614 0.0131760 0.0017109 0.0155633 0.0068614 0.0051416 0.0531202 0.0172927 
353381_Dungeness_River         0.1452031 0.1452031 0.1944773 0.0000000 0.1944773 0.1706217 0.1944773 0.6371311 0.2071758 0.2394027 0.1944773 0.1819338 0.4384867 0.2512796 
353401_Peace_River             0.0068614 0.0068614 0.0000010 0.1944773 0.0000000 0.0068678 0.0068614 0.0131760 0.0017109 0.0155633 0.0068614 0.0051416 0.0531202 0.0172927 
353407_Noatok                  0.0034279 0.0034279 0.0068678 0.1706217 0.0068678 0.0000000 0.0102299 0.0208059 0.0085922 0.0120952 0.0102299 0.0051464 0.0495363 0.0138221 
353410_Horizon_Lake            0.0068614 0.0068614 0.0068614 0.1944773 0.0068614 0.0102299 0.0000000 0.0207846 0.0085842 0.0155633 0.0048669 0.0013899 0.0494886 0.0138092 
92319_Little_Lost              0.0207846 0.0207846 0.0131760 0.6371311 0.0131760 0.0208059 0.0207846 0.0000000 0.0150727 0.0285712 0.0207846 0.0188770 0.0703871 0.0324104 
94280_St_Joe                   0.0085842 0.0085842 0.0017109 0.2071758 0.0017109 0.0085922 0.0085842 0.0150727 0.0000000 0.0173089 0.0085842 0.0068614 0.0549400 0.0190388 
GCA016432855_Lake_Trout        0.0120839 0.0120839 0.0155633 0.2394027 0.0155633 0.0120952 0.0155633 0.0285712 0.0173089 0.0000000 0.0155633 0.0138221 0.0569860 0.0120726 
GCA036784925_Maine_S_alpinus   0.0068614 0.0068614 0.0068614 0.1944773 0.0068614 0.0102299 0.0048669 0.0207846 0.0085842 0.0155633 0.0000000 0.0013899 0.0531202 0.0172927 
GCA045679555_Iceland_A_alpinus 0.0051416 0.0051416 0.0051416 0.1819338 0.0051416 0.0051464 0.0013899 0.0188770 0.0068614 0.0138221 0.0013899 0.0000000 0.0513025 0.0155497 
GCF013265735_Rainbow_Trout     0.0494886 0.0494886 0.0531202 0.4384867 0.0531202 0.0495363 0.0494886 0.0703871 0.0549400 0.0569860 0.0531202 0.0513025 0.0000000 0.0569306 
GCF029448725_Brook_Trout       0.0138092 0.0138092 0.0172927 0.2512796 0.0172927 0.0138221 0.0138092 0.0324104 0.0190388 0.0120726 0.0172927 0.0155497 0.0569306 0.0000000 
