11
251140_Ward_Creek          0.0000000 0.0000010 0.0353343 1.2338665 0.9897398 0.0726520 1.0102137 0.9897398 0.0721666 9.0000000 0.8232944 
260512_Pybus_Point         0.0000010 0.0000000 0.0353343 1.2338665 0.9897398 0.0726520 1.0102137 0.9897398 0.0721666 9.0000000 0.8232944 
353246_Cottonwood_Creek    0.0353343 0.0353343 0.0000000 0.9897398 0.8117742 0.0353343 1.2024861 0.8117742 0.0351128 2.4913600 0.6789467 
353379_Skagit_River        1.2338665 1.2338665 0.9897398 0.0000000 0.0392085 1.2338665 0.1669152 0.0392085 1.1726054 0.3898970 0.0808478 
353401_Peace_River         0.9897398 0.9897398 0.8117742 0.0392085 0.0000000 0.9897398 0.1065486 0.0000010 0.9540141 0.3270985 0.0392085 
353407_Noatok              0.0726520 0.0726520 0.0353343 1.2338665 0.9897398 0.0000000 1.5558862 0.9897398 0.0721666 9.0000000 0.8232944 
353410_Horizon_Lake        1.0102137 1.0102137 1.2024861 0.1669152 0.1065486 1.5558862 0.0000000 0.1065486 1.4455021 0.4634036 0.1669152 
92319_Little_Lost          0.9897398 0.9897398 0.8117742 0.0392085 0.0000010 0.9897398 0.1065486 0.0000000 0.9540141 0.3270985 0.0392085 
GCA016432855_Lake_Trout    0.0721666 0.0721666 0.0351128 1.1726054 0.9540141 0.0721666 1.4455021 0.9540141 0.0000000 9.0000000 0.7993215 
GCF013265735_Rainbow_Trout 9.0000000 9.0000000 2.4913600 0.3898970 0.3270985 9.0000000 0.4634036 0.3270985 9.0000000 0.0000000 0.3898970 
GCF029448725_Brook_Trout   0.8232944 0.8232944 0.6789467 0.0808478 0.0392085 0.8232944 0.1669152 0.0392085 0.7993215 0.3898970 0.0000000 
