19
251140_Ward_Creek              0.0000000 0.0024701 0.0024738 0.0099470 0.0000010 0.0000010 0.0000010 0.0432589 0.0434120 0.0497355 0.0099272 0.0074374 0.0497355 0.0594579 0.0099426 0.0099420 0.2209455 0.0985284 0.0569969 
260512_Pybus_Point             0.0024701 0.0000000 0.0032491 0.0081508 0.0016218 0.0016218 0.0024701 0.0297893 0.0281030 0.0287246 0.0081402 0.0065075 0.0287246 0.0401270 0.0081484 0.0081481 0.1310579 0.0623790 0.0328265 
261935_Kenai_River             0.0024738 0.0032491 0.0000000 0.0048772 0.0016234 0.0016234 0.0024738 0.0264053 0.0281346 0.0264885 0.0048708 0.0032449 0.0264885 0.0401674 0.0048758 0.0048756 0.1287107 0.0605144 0.0306077 
353213_Cropley_Lake            0.0099470 0.0081508 0.0048772 0.0000000 0.0065160 0.0065160 0.0099470 0.0314674 0.0338977 0.0332689 0.0065057 0.0081402 0.0332689 0.0453512 0.0097851 0.0097847 0.1286638 0.0640717 0.0373428 
353219_Peterson_Creek          0.0000010 0.0016218 0.0016234 0.0065160 0.0000000 0.0000010 0.0000010 0.0281135 0.0262075 0.0264885 0.0065075 0.0048772 0.0264885 0.0384262 0.0065141 0.0065139 0.1310579 0.0623790 0.0306077 
353220_Fish_Creek              0.0000010 0.0016218 0.0016234 0.0065160 0.0000010 0.0000000 0.0000010 0.0281135 0.0262075 0.0264885 0.0065075 0.0048772 0.0264885 0.0384262 0.0065141 0.0065139 0.1310579 0.0623790 0.0306077 
353246_Cottonwood_Creek        0.0000010 0.0024701 0.0024738 0.0099470 0.0000010 0.0000010 0.0000000 0.0432589 0.0434120 0.0497355 0.0099272 0.0074374 0.0497355 0.0594579 0.0099426 0.0099420 0.2209455 0.0985284 0.0569969 
353379_Skagit_River            0.0432589 0.0297893 0.0264053 0.0314674 0.0281135 0.0281135 0.0432589 0.0000000 0.0493303 0.0043343 0.0314257 0.0297497 0.0043343 0.0469262 0.0314580 0.0314569 0.1369755 0.0675257 0.0000010 
353381_Dungeness_River         0.0434120 0.0281030 0.0281346 0.0338977 0.0262075 0.0262075 0.0434120 0.0493303 0.0000000 0.0559506 0.0338466 0.0319394 0.0559506 0.0634816 0.0338862 0.0338849 0.1742221 0.0923018 0.0605769 
353401_Peace_River             0.0497355 0.0287246 0.0264885 0.0332689 0.0264885 0.0264885 0.0497355 0.0043343 0.0559506 0.0000000 0.0332098 0.0309649 0.0000010 0.0470174 0.0332556 0.0332541 0.1634571 0.0724748 0.0044822 
353407_Noatok                  0.0099272 0.0081402 0.0048708 0.0065057 0.0065075 0.0065075 0.0099272 0.0314257 0.0338466 0.0332098 0.0000000 0.0081296 0.0332098 0.0452901 0.0097723 0.0097720 0.1286638 0.0622714 0.0372771 
353410_Horizon_Lake            0.0074374 0.0065075 0.0032449 0.0081402 0.0048772 0.0048772 0.0074374 0.0297497 0.0319394 0.0309649 0.0081296 0.0000000 0.0309649 0.0435799 0.0016220 0.0048741 0.1329732 0.0640717 0.0350495 
92319_Little_Lost              0.0497355 0.0287246 0.0264885 0.0332689 0.0264885 0.0264885 0.0497355 0.0043343 0.0559506 0.0000010 0.0332098 0.0309649 0.0000000 0.0470174 0.0332556 0.0332541 0.1634571 0.0724748 0.0044822 
GCA016432855_Lake_Trout        0.0594579 0.0401270 0.0401674 0.0453512 0.0384262 0.0384262 0.0594579 0.0469262 0.0634816 0.0470174 0.0452901 0.0435799 0.0470174 0.0000000 0.0453374 0.0453359 0.1202319 0.0339874 0.0509973 
GCA036784925_Maine_S_alpinus   0.0099426 0.0081484 0.0048758 0.0097851 0.0065141 0.0065141 0.0099426 0.0314580 0.0338862 0.0332556 0.0097723 0.0016220 0.0332556 0.0453374 0.0000000 0.0065100 0.1329732 0.0640717 0.0373280 
GCA045679555_Iceland_A_alpinus 0.0099420 0.0081481 0.0048756 0.0097847 0.0065139 0.0065139 0.0099420 0.0314569 0.0338849 0.0332541 0.0097720 0.0048741 0.0332541 0.0453359 0.0065100 0.0000000 0.1329732 0.0659239 0.0373263 
GCF013265735_Rainbow_Trout     0.2209455 0.1310579 0.1287107 0.1286638 0.1310579 0.1310579 0.2209455 0.1369755 0.1742221 0.1634571 0.1286638 0.1329732 0.1634571 0.1202319 0.1329732 0.1329732 0.0000000 0.1374859 0.1671430 
GCF029448725_Brook_Trout       0.0985284 0.0623790 0.0605144 0.0640717 0.0623790 0.0623790 0.0985284 0.0675257 0.0923018 0.0724748 0.0622714 0.0640717 0.0724748 0.0339874 0.0640717 0.0659239 0.1374859 0.0000000 0.0763757 
Methow_River_99895             0.0569969 0.0328265 0.0306077 0.0373428 0.0306077 0.0306077 0.0569969 0.0000010 0.0605769 0.0044822 0.0372771 0.0350495 0.0044822 0.0509973 0.0373280 0.0373263 0.1671430 0.0763757 0.0000000 
