17
251140_Ward_Creek              0.0000000 0.0074613 0.0302925 0.0074613 0.0302925 0.0000010 0.0243772 0.0074348 0.0149784 0.0000010 0.0074613 0.0540252 0.0149784 0.0149784 0.2663648 0.0862512 0.0074348 
260512_Pybus_Point             0.0074613 0.0000000 0.0225520 0.0000010 0.0225520 0.0074613 0.0000010 0.0149784 0.0074348 0.0074613 0.0150323 0.0622182 0.0074348 0.0074348 0.2778231 0.0948324 0.0149784 
261935_Kenai_River             0.0302925 0.0225520 0.0000000 0.0225520 0.0000010 0.0302925 0.0749797 0.0380110 0.0301828 0.0302925 0.0381494 0.0869111 0.0301828 0.0301828 0.3106803 0.1204738 0.0380110 
353213_Cropley_Lake            0.0074613 0.0000010 0.0225520 0.0000000 0.0225520 0.0074613 0.0000010 0.0149784 0.0074348 0.0074613 0.0150323 0.0622182 0.0074348 0.0074348 0.2778231 0.0948324 0.0149784 
353246_Cottonwood_Creek        0.0302925 0.0225520 0.0000010 0.0225520 0.0000000 0.0302925 0.0749797 0.0380110 0.0301828 0.0302925 0.0381494 0.0869111 0.0301828 0.0301828 0.3106803 0.1204738 0.0380110 
353379_Skagit_River            0.0000010 0.0074613 0.0302925 0.0074613 0.0302925 0.0000000 0.0243772 0.0074348 0.0149784 0.0000010 0.0074613 0.0540252 0.0149784 0.0149784 0.2663648 0.0862512 0.0074348 
353381_Dungeness_River         0.0243772 0.0000010 0.0749797 0.0000010 0.0749797 0.0243772 0.0000000 0.0243772 0.0000010 0.0243772 0.0499541 0.2257513 0.0240953 0.0240953 1.5555457 0.3608877 0.0243772 
353401_Peace_River             0.0074348 0.0149784 0.0380110 0.0149784 0.0380110 0.0074348 0.0243772 0.0000000 0.0225520 0.0074348 0.0149784 0.0619857 0.0225520 0.0225520 0.2765748 0.0944702 0.0000010 
353407_Noatok                  0.0149784 0.0074348 0.0301828 0.0074348 0.0301828 0.0149784 0.0000010 0.0225520 0.0000000 0.0149784 0.0226336 0.0702735 0.0149249 0.0149249 0.2881912 0.1031542 0.0225520 
353410_Horizon_Lake            0.0000010 0.0074613 0.0302925 0.0074613 0.0302925 0.0000010 0.0243772 0.0074348 0.0149784 0.0000000 0.0074613 0.0540252 0.0149784 0.0149784 0.1659850 0.0862512 0.0074348 
94280_St_Joe                   0.0074613 0.0150323 0.0381494 0.0150323 0.0381494 0.0074613 0.0499541 0.0149784 0.0226336 0.0074613 0.0000000 0.0622182 0.0226336 0.0226336 0.2778231 0.0948324 0.0149784 
GCA016432855_Lake_Trout        0.0540252 0.0622182 0.0869111 0.0622182 0.0869111 0.0540252 0.2257513 0.0619857 0.0702735 0.0540252 0.0622182 0.0000000 0.0542268 0.0542268 0.2562557 0.0951974 0.0619857 
GCA036784925_Maine_S_alpinus   0.0149784 0.0074348 0.0301828 0.0074348 0.0301828 0.0149784 0.0240953 0.0225520 0.0149249 0.0149784 0.0226336 0.0542268 0.0000000 0.0000010 0.2881912 0.1031542 0.0225520 
GCA045679555_Iceland_A_alpinus 0.0149784 0.0074348 0.0301828 0.0074348 0.0301828 0.0149784 0.0240953 0.0225520 0.0149249 0.0149784 0.0226336 0.0542268 0.0000010 0.0000000 0.2881912 0.1031542 0.0225520 
GCF013265735_Rainbow_Trout     0.2663648 0.2778231 0.3106803 0.2778231 0.3106803 0.2663648 1.5555457 0.2765748 0.2881912 0.1659850 0.2778231 0.2562557 0.2881912 0.2881912 0.0000000 0.3078253 0.2765748 
GCF029448725_Brook_Trout       0.0862512 0.0948324 0.1204738 0.0948324 0.1204738 0.0862512 0.3608877 0.0944702 0.1031542 0.0862512 0.0948324 0.0951974 0.1031542 0.1031542 0.3078253 0.0000000 0.0944702 
Methow_River_99895             0.0074348 0.0149784 0.0380110 0.0149784 0.0380110 0.0074348 0.0243772 0.0000010 0.0225520 0.0074348 0.0149784 0.0619857 0.0225520 0.0225520 0.2765748 0.0944702 0.0000000 
