18
251140_Ward_Creek              0.0000000 0.0058533 0.0058533 0.0849175 0.0821766 0.0849175 0.0767864 0.0794665 0.1901504 0.0794665 0.0811368 0.0913929 0.2253680 0.0821766 0.0794665 0.0767864 0.1975099 0.0933308 
260512_Pybus_Point             0.0058533 0.0000000 0.0000010 0.0767864 0.0794665 0.0767864 0.0849175 0.0876895 0.1751495 0.0876895 0.0867236 0.0945941 0.2392042 0.0904932 0.0821766 0.0849175 0.2020465 0.1020453 
261935_Kenai_River             0.0058533 0.0000010 0.0000000 0.0767864 0.0794665 0.0767864 0.0849175 0.0876895 0.1751495 0.0876895 0.0867236 0.0945941 0.2392042 0.0904932 0.0821766 0.0849175 0.2020465 0.1020453 
353213_Cropley_Lake            0.0849175 0.0767864 0.0767864 0.0000000 0.0019007 0.0000010 0.0057523 0.0077017 0.0034620 0.0077017 0.0058533 0.0042855 0.0668818 0.0096675 0.0038190 0.0057523 0.0817094 0.0177006 
353219_Peterson_Creek          0.0821766 0.0794665 0.0794665 0.0019007 0.0000000 0.0019007 0.0038190 0.0057523 0.0069763 0.0057523 0.0038858 0.0021329 0.0633955 0.0077017 0.0019007 0.0038190 0.0789408 0.0156658 
353220_Fish_Creek              0.0849175 0.0767864 0.0767864 0.0000010 0.0019007 0.0000000 0.0057523 0.0077017 0.0034620 0.0077017 0.0058533 0.0042855 0.0668818 0.0096675 0.0038190 0.0057523 0.0817094 0.0177006 
353246_Cottonwood_Creek        0.0767864 0.0849175 0.0849175 0.0057523 0.0038190 0.0057523 0.0000000 0.0019007 0.0105434 0.0019007 0.0019348 0.0021329 0.0599592 0.0038190 0.0019007 0.0000010 0.0789408 0.0116500 
353379_Skagit_River            0.0794665 0.0876895 0.0876895 0.0077017 0.0057523 0.0077017 0.0019007 0.0000000 0.0141677 0.0000010 0.0038858 0.0042855 0.0565716 0.0057523 0.0038190 0.0019007 0.0817094 0.0136494 
353381_Dungeness_River         0.1901504 0.1751495 0.1751495 0.0034620 0.0069763 0.0034620 0.0105434 0.0141677 0.0000000 0.0141677 0.0108886 0.0131857 0.2506160 0.0178480 0.0105434 0.0105434 0.1789007 0.0292482 
353401_Peace_River             0.0794665 0.0876895 0.0876895 0.0077017 0.0057523 0.0077017 0.0019007 0.0000010 0.0141677 0.0000000 0.0038858 0.0042855 0.0565716 0.0057523 0.0038190 0.0019007 0.0817094 0.0136494 
353407_Noatok                  0.0811368 0.0867236 0.0867236 0.0058533 0.0038858 0.0058533 0.0019348 0.0038858 0.0108886 0.0038858 0.0000000 0.0043697 0.0633955 0.0058533 0.0038858 0.0019348 0.0806381 0.0138930 
353410_Horizon_Lake            0.0913929 0.0945941 0.0945941 0.0042855 0.0021329 0.0042855 0.0021329 0.0042855 0.0131857 0.0042855 0.0043697 0.0000000 0.0766619 0.0064581 0.0000010 0.0021329 0.0846603 0.0153563 
92319_Little_Lost              0.2253680 0.2392042 0.2392042 0.0668818 0.0633955 0.0668818 0.0599592 0.0565716 0.2506160 0.0565716 0.0633955 0.0766619 0.0000000 0.0668818 0.0633955 0.0599592 0.0508359 0.0813561 
GCA016432855_Lake_Trout        0.0821766 0.0904932 0.0904932 0.0096675 0.0077017 0.0096675 0.0038190 0.0057523 0.0178480 0.0057523 0.0058533 0.0064581 0.0668818 0.0000000 0.0057523 0.0038190 0.0789408 0.0116500 
GCA036784925_Maine_S_alpinus   0.0794665 0.0821766 0.0821766 0.0038190 0.0019007 0.0038190 0.0019007 0.0038190 0.0105434 0.0038190 0.0038858 0.0000010 0.0633955 0.0057523 0.0000000 0.0019007 0.0762034 0.0136494 
GCA045679555_Iceland_A_alpinus 0.0767864 0.0849175 0.0849175 0.0057523 0.0038190 0.0057523 0.0000010 0.0019007 0.0105434 0.0019007 0.0019348 0.0021329 0.0599592 0.0038190 0.0019007 0.0000000 0.0789408 0.0116500 
GCF013265735_Rainbow_Trout     0.1975099 0.2020465 0.2020465 0.0817094 0.0789408 0.0817094 0.0789408 0.0817094 0.1789007 0.0817094 0.0806381 0.0846603 0.0508359 0.0789408 0.0762034 0.0789408 0.0000000 0.0902103 
GCF029448725_Brook_Trout       0.0933308 0.1020453 0.1020453 0.0177006 0.0156658 0.0177006 0.0116500 0.0136494 0.0292482 0.0136494 0.0138930 0.0153563 0.0813561 0.0116500 0.0136494 0.0116500 0.0902103 0.0000000 
