19
251140_Ward_Creek              0.0000000 0.0038846 0.0038846 0.0063385 0.0031631 0.0096315 0.0493489 0.0077927 0.0077271 0.0077927 0.0000010 0.0000010 0.0083738 0.0063419 0.0355615 0.1548681 0.1548681 0.0322772 0.0224319 
260512_Pybus_Point             0.0038846 0.0000000 0.0000010 0.0036789 0.0000010 0.0061004 0.0000010 0.0036813 0.0000010 0.0036813 0.0036813 0.0036813 0.0054378 0.0036813 0.0338022 0.1784203 0.1784203 0.0299910 0.0261742 
261935_Kenai_River             0.0038846 0.0000010 0.0000000 0.0036789 0.0000010 0.0061004 0.0000010 0.0036813 0.0000010 0.0036813 0.0036813 0.0036813 0.0054378 0.0036813 0.0338022 0.1784203 0.1784203 0.0299910 0.0261742 
353213_Cropley_Lake            0.0063385 0.0036789 0.0036789 0.0000000 0.0030156 0.0000010 0.0503316 0.0073789 0.0109670 0.0073789 0.0060454 0.0073789 0.0082279 0.0060454 0.0338670 0.1462577 0.1462577 0.0307406 0.0276080 
353219_Peterson_Creek          0.0031631 0.0000010 0.0000010 0.0030156 0.0000000 0.0044702 0.0466334 0.0036813 0.0072952 0.0036813 0.0030172 0.0036813 0.0041030 0.0030172 0.0307292 0.1423671 0.1423671 0.0276148 0.0244946 
353220_Fish_Creek              0.0096315 0.0061004 0.0061004 0.0000010 0.0044702 0.0000000 0.0822470 0.0122585 0.0181097 0.0122585 0.0089715 0.0122585 0.0147960 0.0089715 0.0459399 0.2384170 0.2384170 0.0460034 0.0365789 
353246_Cottonwood_Creek        0.0493489 0.0000010 0.0000010 0.0503316 0.0466334 0.0822470 0.0000000 0.0036813 0.0000010 0.0036813 0.0503640 0.0036813 0.0736303 0.0503640 0.0807401 0.2182041 0.2182041 0.0769301 0.0730776 
353379_Skagit_River            0.0077927 0.0036813 0.0036813 0.0073789 0.0036813 0.0122585 0.0036813 0.0000000 0.0036813 0.0000010 0.0073836 0.0073836 0.0000010 0.0000010 0.0299611 0.1835757 0.1835757 0.0261678 0.0223718 
353381_Dungeness_River         0.0077271 0.0000010 0.0000010 0.0109670 0.0072952 0.0181097 0.0000010 0.0036813 0.0000000 0.0036813 0.0109739 0.0036813 0.0161620 0.0109739 0.0410494 0.1859688 0.1859688 0.0372492 0.0334378 
353401_Peace_River             0.0077927 0.0036813 0.0036813 0.0073789 0.0036813 0.0122585 0.0036813 0.0000010 0.0036813 0.0000000 0.0073836 0.0073836 0.0000010 0.0000010 0.0299611 0.1835757 0.1835757 0.0261678 0.0223718 
353407_Noatok                  0.0000010 0.0036813 0.0036813 0.0060454 0.0030172 0.0089715 0.0503640 0.0073836 0.0109739 0.0073836 0.0000000 0.0000010 0.0082336 0.0060486 0.0338853 0.1463607 0.1463607 0.0307572 0.0213833 
353410_Horizon_Lake            0.0000010 0.0036813 0.0036813 0.0073789 0.0036813 0.0122585 0.0036813 0.0073836 0.0036813 0.0073836 0.0000010 0.0000000 0.0109219 0.0073836 0.0376697 0.1835757 0.1835757 0.0338399 0.0223718 
92319_Little_Lost              0.0083738 0.0054378 0.0054378 0.0082279 0.0041030 0.0147960 0.0736303 0.0000010 0.0161620 0.0000010 0.0082336 0.0109219 0.0000000 0.0000010 0.0377536 0.2137158 0.2137158 0.0334891 0.0249612 
94280_St_Joe                   0.0063419 0.0036813 0.0036813 0.0060454 0.0030172 0.0089715 0.0503640 0.0000010 0.0109739 0.0000010 0.0060486 0.0073836 0.0000010 0.0000000 0.0275923 0.1463607 0.1463607 0.0244897 0.0213833 
GCA016432855_Lake_Trout        0.0355615 0.0338022 0.0338022 0.0338670 0.0307292 0.0459399 0.0807401 0.0299611 0.0410494 0.0299611 0.0338853 0.0376697 0.0377536 0.0275923 0.0000000 0.1423569 0.1423569 0.0498100 0.0498002 
GCA036784925_Maine_S_alpinus   0.1548681 0.1784203 0.1784203 0.1462577 0.1423671 0.2384170 0.2182041 0.1835757 0.1859688 0.1835757 0.1463607 0.1835757 0.2137158 0.1463607 0.1423569 0.0000000 0.0000010 0.1705849 0.1745657 
GCA045679555_Iceland_A_alpinus 0.1548681 0.1784203 0.1784203 0.1462577 0.1423671 0.2384170 0.2182041 0.1835757 0.1859688 0.1835757 0.1463607 0.1835757 0.2137158 0.1463607 0.1423569 0.0000010 0.0000000 0.1705849 0.1745657 
GCF013265735_Rainbow_Trout     0.0322772 0.0299910 0.0299910 0.0307406 0.0276148 0.0460034 0.0769301 0.0261678 0.0372492 0.0261678 0.0307572 0.0338399 0.0334891 0.0244897 0.0498100 0.1705849 0.1705849 0.0000000 0.0466159 
GCF029448725_Brook_Trout       0.0224319 0.0261742 0.0261742 0.0276080 0.0244946 0.0365789 0.0730776 0.0223718 0.0334378 0.0223718 0.0213833 0.0223718 0.0249612 0.0213833 0.0498002 0.1745657 0.1745657 0.0466159 0.0000000 
