13
251140_Ward_Creek            0.0000000 0.0000010 0.0000010 0.1203075 0.0000010 0.0137793 0.0045638 0.0712716 0.0137793 0.0137793 0.0045638 0.2616062 0.1380679 
260512_Pybus_Point           0.0000010 0.0000000 0.0000010 0.0698431 0.0000010 0.0087280 0.0028976 0.0285428 0.0087280 0.0087280 0.0028976 0.1513439 0.0813723 
261935_Kenai_River           0.0000010 0.0000010 0.0000000 0.0698431 0.0000010 0.0087280 0.0028976 0.0285428 0.0087280 0.0087280 0.0028976 0.1513439 0.0813723 
353379_Skagit_River          0.1203075 0.0698431 0.0698431 0.0000000 0.1203075 0.0594064 0.0663167 0.1434019 0.0594064 0.0664036 0.0663167 0.1072095 0.0371464 
353381_Dungeness_River       0.0000010 0.0000010 0.0000010 0.1203075 0.0000000 0.0137793 0.0045638 0.0712716 0.0137793 0.0137793 0.0045638 0.2616062 0.1380679 
353401_Peace_River           0.0137793 0.0087280 0.0087280 0.0594064 0.0137793 0.0000000 0.0058036 0.0284895 0.0000010 0.0058102 0.0058036 0.1476345 0.0779864 
353407_Noatok                0.0045638 0.0028976 0.0028976 0.0663167 0.0045638 0.0058036 0.0000000 0.0236847 0.0058036 0.0058036 0.0000010 0.1474327 0.0778863 
353410_Horizon_Lake          0.0712716 0.0285428 0.0285428 0.1434019 0.0712716 0.0284895 0.0236847 0.0000000 0.0284895 0.0333799 0.0236847 0.2330560 0.1421632 
92319_Little_Lost            0.0137793 0.0087280 0.0087280 0.0594064 0.0137793 0.0000010 0.0058036 0.0284895 0.0000000 0.0058102 0.0058036 0.1476345 0.0779864 
GCA016432855_Lake_Trout      0.0137793 0.0087280 0.0087280 0.0664036 0.0137793 0.0058102 0.0058036 0.0333799 0.0058102 0.0000000 0.0058036 0.1476345 0.0779864 
GCA036784925_Maine_S_alpinus 0.0045638 0.0028976 0.0028976 0.0663167 0.0045638 0.0058036 0.0000010 0.0236847 0.0058036 0.0058036 0.0000000 0.1474327 0.0778863 
GCF013265735_Rainbow_Trout   0.2616062 0.1513439 0.1513439 0.1072095 0.2616062 0.1476345 0.1474327 0.2330560 0.1476345 0.1476345 0.1474327 0.0000000 0.0968104 
GCF029448725_Brook_Trout     0.1380679 0.0813723 0.0813723 0.0371464 0.1380679 0.0779864 0.0778863 0.1421632 0.0779864 0.0779864 0.0778863 0.0968104 0.0000000 
