18
251140_Ward_Creek              0.0000000 0.0049135 0.0098519 0.0000010 0.0098936 0.0577893 0.2128322 0.0577893 0.0149087 0.1076007 0.0667004 0.0506886 0.0401707 0.2162229 0.0997485 0.2389451 0.0458023 0.0614097 
260512_Pybus_Point             0.0049135 0.0000000 0.0148141 0.0049135 0.0148770 0.0632119 0.2232001 0.0632119 0.0199277 0.1152010 0.0720191 0.0559008 0.0453064 0.2248800 0.1072669 0.2320526 0.0406086 0.0667004 
261935_Kenai_River             0.0098519 0.0148141 0.0000000 0.0098519 0.0198853 0.0686632 0.2336764 0.0686632 0.0249718 0.1228591 0.0773661 0.0611397 0.0504676 0.2336123 0.1148419 0.2528726 0.0562702 0.0720191 
353213_Cropley_Lake            0.0000010 0.0049135 0.0098519 0.0000000 0.0098936 0.0577893 0.2128322 0.0577893 0.0149087 0.1076007 0.0667004 0.0506886 0.0401707 0.2162229 0.0997485 0.2389451 0.0458023 0.0614097 
353246_Cottonwood_Creek        0.0098936 0.0148770 0.0198853 0.0098936 0.0000000 0.0577893 0.2356316 0.0577893 0.0049239 0.1076007 0.0667004 0.0506886 0.0401707 0.2162229 0.0997485 0.2389451 0.0458023 0.0614097 
353379_Skagit_River            0.0577893 0.0632119 0.0686632 0.0577893 0.0577893 0.0000000 0.3408023 0.0000010 0.0633556 0.0430765 0.0205418 0.0050732 0.0792914 0.1466353 0.0356583 0.3057877 0.0857891 0.0153669 
353381_Dungeness_River         0.2128322 0.2232001 0.2336764 0.2128322 0.2356316 0.3408023 0.0000000 0.3408023 0.2473650 0.1671687 0.3666943 0.3274422 0.3015549 0.3851516 0.1524212 0.7651036 0.3200480 0.3544548 
353401_Peace_River             0.0577893 0.0632119 0.0686632 0.0577893 0.0577893 0.0000010 0.3408023 0.0000000 0.0633556 0.0430765 0.0205418 0.0050732 0.0792914 0.1466353 0.0356583 0.3057877 0.0857891 0.0153669 
353407_Noatok                  0.0149087 0.0199277 0.0249718 0.0149087 0.0049239 0.0633556 0.2473650 0.0633556 0.0000000 0.1155624 0.0721794 0.0560234 0.0454048 0.2256549 0.1076007 0.2465585 0.0511350 0.0668480 
353410_Horizon_Lake            0.1076007 0.1152010 0.1228591 0.1076007 0.1076007 0.0430765 0.1671687 0.0430765 0.1155624 0.0000000 0.0851386 0.0627871 0.1540884 0.0905982 0.0056787 0.4569438 0.1647049 0.0777615 
92319_Little_Lost              0.0667004 0.0720191 0.0773661 0.0667004 0.0667004 0.0205418 0.3666943 0.0205418 0.0721794 0.0851386 0.0000000 0.0148770 0.0877524 0.1906899 0.0775247 0.3217178 0.0942158 0.0049135 
94280_St_Joe                   0.0506886 0.0559008 0.0611397 0.0506886 0.0506886 0.0050732 0.3274422 0.0050732 0.0560234 0.0627871 0.0148770 0.0000000 0.0713852 0.1647049 0.0554482 0.2975223 0.0775388 0.0098936 
GCA016432855_Lake_Trout        0.0401707 0.0453064 0.0504676 0.0401707 0.0401707 0.0792914 0.3015549 0.0792914 0.0454048 0.1540884 0.0877524 0.0713852 0.0000000 0.2693192 0.1457250 0.2813151 0.0665531 0.0823734 
GCA036784925_Maine_S_alpinus   0.2162229 0.2248800 0.2336123 0.2162229 0.2162229 0.1466353 0.3851516 0.1466353 0.2256549 0.0905982 0.1906899 0.1647049 0.2693192 0.0000000 0.0840783 0.6538337 0.2834984 0.1823221 
GCA045679555_Iceland_A_alpinus 0.0997485 0.1072669 0.1148419 0.0997485 0.0997485 0.0356583 0.1524212 0.0356583 0.1076007 0.0056787 0.0775247 0.0554482 0.1457250 0.0840783 0.0000000 0.4427366 0.1560911 0.0702246 
GCF013265735_Rainbow_Trout     0.2389451 0.2320526 0.2528726 0.2389451 0.2389451 0.3057877 0.7651036 0.3057877 0.2465585 0.4569438 0.3217178 0.2975223 0.2813151 0.6538337 0.4427366 0.0000000 0.2780021 0.3141646 
GCF029448725_Brook_Trout       0.0458023 0.0406086 0.0562702 0.0458023 0.0458023 0.0857891 0.3200480 0.0857891 0.0511350 0.1647049 0.0942158 0.0775388 0.0665531 0.2834984 0.1560911 0.2780021 0.0000000 0.0887432 
Methow_River_99895             0.0614097 0.0667004 0.0720191 0.0614097 0.0614097 0.0153669 0.3544548 0.0153669 0.0668480 0.0777615 0.0049135 0.0098936 0.0823734 0.1823221 0.0702246 0.3141646 0.0887432 0.0000000 
