8
251140_Ward_Creek          0.0000000 0.0000010 0.0336374 0.0000010 0.0336374 0.0110624 0.0953054 0.0336374 
260512_Pybus_Point         0.0000010 0.0000000 0.0336374 0.0000010 0.0336374 0.0110624 0.0953054 0.0336374 
353379_Skagit_River        0.0336374 0.0336374 0.0000000 0.1064422 0.0000010 0.0222736 0.1080103 0.0451559 
353381_Dungeness_River     0.0000010 0.0000010 0.1064422 0.0000000 0.1064422 0.0000010 1.9954673 0.2274844 
353401_Peace_River         0.0336374 0.0336374 0.0000010 0.1064422 0.0000000 0.0222736 0.1080103 0.0451559 
GCA016432855_Lake_Trout    0.0110624 0.0110624 0.0222736 0.0000010 0.0222736 0.0000000 0.0827855 0.0222736 
GCF013265735_Rainbow_Trout 0.0953054 0.0953054 0.1080103 1.9954673 0.1080103 0.0827855 0.0000000 0.1080103 
GCF029448725_Brook_Trout   0.0336374 0.0336374 0.0451559 0.2274844 0.0451559 0.0222736 0.1080103 0.0000000 
