20
251140_Ward_Creek              0.0000000 0.0081962 0.0098859 0.0072237 0.0091864 0.0063383 0.0320205 0.0440782 0.0512050 0.0285908 0.0373982 0.0127389 0.0292582 0.0290561 0.0328730 0.0165324 0.0134786 0.0993658 0.0656172 0.0350805 
260512_Pybus_Point             0.0081962 0.0000000 0.0156408 0.0027251 0.0065828 0.0065257 0.0292524 0.0354994 0.0502914 0.0223840 0.0334930 0.0090538 0.0232270 0.0232593 0.0237133 0.0164999 0.0143781 0.0928407 0.0573767 0.0276775 
261935_Kenai_River             0.0098859 0.0156408 0.0000000 0.0127520 0.0098820 0.0086474 0.0283568 0.0470179 0.0529343 0.0297787 0.0352348 0.0109776 0.0315672 0.0285582 0.0316533 0.0184166 0.0171922 0.1132169 0.0821111 0.0347491 
353213_Cropley_Lake            0.0072237 0.0027251 0.0127520 0.0000000 0.0051784 0.0041672 0.0302278 0.0393279 0.0518253 0.0259734 0.0324296 0.0109107 0.0271590 0.0269716 0.0311730 0.0170767 0.0143399 0.0925911 0.0558314 0.0314401 
353219_Peterson_Creek          0.0091864 0.0065828 0.0098820 0.0051784 0.0000000 0.0032944 0.0357386 0.0425111 0.0529100 0.0274359 0.0277338 0.0091374 0.0284375 0.0262711 0.0321265 0.0192198 0.0121311 0.0968239 0.0580431 0.0309309 
353220_Fish_Creek              0.0063383 0.0065257 0.0086474 0.0041672 0.0032944 0.0000000 0.0326329 0.0434408 0.0373449 0.0283823 0.0312784 0.0115094 0.0297642 0.0271804 0.0325429 0.0177323 0.0126937 0.0986754 0.0611084 0.0320572 
353246_Cottonwood_Creek        0.0320205 0.0292524 0.0283568 0.0302278 0.0357386 0.0326329 0.0000000 0.0570211 0.1390748 0.0396075 0.0620309 0.0326391 0.0443142 0.0458472 0.0422517 0.0322544 0.0336472 0.1279058 0.1062359 0.0476961 
353379_Skagit_River            0.0440782 0.0354994 0.0470179 0.0393279 0.0425111 0.0434408 0.0570211 0.0000000 0.1188226 0.0104699 0.0369391 0.0345453 0.0129042 0.0133774 0.0319121 0.0370915 0.0347152 0.1064154 0.0636754 0.0146627 
353381_Dungeness_River         0.0512050 0.0502914 0.0529343 0.0518253 0.0529100 0.0373449 0.1390748 0.1188226 0.0000000 0.1050095 0.0700638 0.0723935 0.1014718 0.1057951 0.1096172 0.0792586 0.0681274 0.2068969 0.1371836 0.1060592 
353401_Peace_River             0.0285908 0.0223840 0.0297787 0.0259734 0.0274359 0.0283823 0.0396075 0.0104699 0.1050095 0.0000000 0.0395982 0.0207645 0.0033310 0.0027740 0.0192817 0.0245151 0.0223788 0.0925887 0.0622207 0.0038857 
353407_Noatok                  0.0373982 0.0334930 0.0352348 0.0324296 0.0277338 0.0312784 0.0620309 0.0369391 0.0700638 0.0395982 0.0000000 0.0280923 0.0411679 0.0385958 0.0504673 0.0421097 0.0323470 0.1164146 0.0578935 0.0419548 
353410_Horizon_Lake            0.0127389 0.0090538 0.0109776 0.0109107 0.0091374 0.0115094 0.0326391 0.0345453 0.0723935 0.0207645 0.0280923 0.0000000 0.0220612 0.0216331 0.0248129 0.0198956 0.0131621 0.1024332 0.0591251 0.0264022 
92319_Little_Lost              0.0292582 0.0232270 0.0315672 0.0271590 0.0284375 0.0297642 0.0443142 0.0129042 0.1014718 0.0033310 0.0411679 0.0220612 0.0000000 0.0018652 0.0227571 0.0282983 0.0262179 0.0961646 0.0646287 0.0072366 
94280_St_Joe                   0.0290561 0.0232593 0.0285582 0.0269716 0.0262711 0.0271804 0.0458472 0.0133774 0.1057951 0.0027740 0.0385958 0.0216331 0.0018652 0.0000000 0.0228066 0.0285030 0.0262634 0.0963596 0.0629174 0.0054038 
GCA016432855_Lake_Trout        0.0328730 0.0237133 0.0316533 0.0311730 0.0321265 0.0325429 0.0422517 0.0319121 0.1096172 0.0192817 0.0504673 0.0248129 0.0227571 0.0228066 0.0000000 0.0342462 0.0303967 0.0976102 0.0520029 0.0244758 
GCA036784925_Maine_S_alpinus   0.0165324 0.0164999 0.0184166 0.0170767 0.0192198 0.0177323 0.0322544 0.0370915 0.0792586 0.0245151 0.0421097 0.0198956 0.0282983 0.0285030 0.0342462 0.0000000 0.0103224 0.0990504 0.0650945 0.0299392 
GCA045679555_Iceland_A_alpinus 0.0134786 0.0143781 0.0171922 0.0143399 0.0121311 0.0126937 0.0336472 0.0347152 0.0681274 0.0223788 0.0323470 0.0131621 0.0262179 0.0262634 0.0303967 0.0103224 0.0000000 0.0880480 0.0535297 0.0277091 
GCF013265735_Rainbow_Trout     0.0993658 0.0928407 0.1132169 0.0925911 0.0968239 0.0986754 0.1279058 0.1064154 0.2068969 0.0925887 0.1164146 0.1024332 0.0961646 0.0963596 0.0976102 0.0990504 0.0880480 0.0000000 0.1232680 0.1022900 
GCF029448725_Brook_Trout       0.0656172 0.0573767 0.0821111 0.0558314 0.0580431 0.0611084 0.1062359 0.0636754 0.1371836 0.0622207 0.0578935 0.0591251 0.0646287 0.0629174 0.0520029 0.0650945 0.0535297 0.1232680 0.0000000 0.0712954 
Methow_River_99895             0.0350805 0.0276775 0.0347491 0.0314401 0.0309309 0.0320572 0.0476961 0.0146627 0.1060592 0.0038857 0.0419548 0.0264022 0.0072366 0.0054038 0.0244758 0.0299392 0.0277091 0.1022900 0.0712954 0.0000000 
