14
251140_Ward_Creek            0.0000000 0.0267581 0.0405328 0.0000010 0.0132699 0.0688565 0.2050194 0.0405328 0.0132699 0.0688565 0.0688809 0.0267730 0.7443246 0.4851854 
260512_Pybus_Point           0.0267581 0.0000000 0.0132457 0.0267581 0.0404690 0.0687430 0.2045410 0.0132457 0.0404690 0.0687430 0.0687673 0.0544419 0.7401630 0.4834460 
261935_Kenai_River           0.0405328 0.0132457 0.0000000 0.0405328 0.0544980 0.0833442 0.2246391 0.0000010 0.0544980 0.0833442 0.0833744 0.0687430 0.7856722 0.5130336 
353213_Cropley_Lake          0.0000010 0.0267581 0.0405328 0.0000000 0.0132699 0.0688565 0.2050194 0.0405328 0.0132699 0.0688565 0.0688809 0.0267730 0.7443246 0.4851854 
353246_Cottonwood_Creek      0.0132699 0.0404690 0.0544980 0.0132699 0.0000000 0.0833442 0.2246391 0.0544980 0.0000010 0.0833442 0.0833744 0.0132571 0.7011675 0.5130336 
353379_Skagit_River          0.0688565 0.0687430 0.0833442 0.0688565 0.0833442 0.0000000 0.1122197 0.0833442 0.0833442 0.0000010 0.0833744 0.0981498 0.7856722 0.5130336 
353401_Peace_River           0.2050194 0.2045410 0.2246391 0.2050194 0.2246391 0.1122197 0.0000000 0.2246391 0.2246391 0.1122197 0.2247579 0.2449445 2.0245238 0.5997763 
353407_Noatok                0.0405328 0.0132457 0.0000010 0.0405328 0.0544980 0.0833442 0.2246391 0.0000000 0.0544980 0.0833442 0.0833744 0.0687430 0.7856722 0.5130336 
353410_Horizon_Lake          0.0132699 0.0404690 0.0544980 0.0132699 0.0000010 0.0833442 0.2246391 0.0544980 0.0000000 0.0833442 0.0833744 0.0132571 0.7011675 0.5130336 
92319_Little_Lost            0.0688565 0.0687430 0.0833442 0.0688565 0.0833442 0.0000010 0.1122197 0.0833442 0.0833442 0.0000000 0.0833744 0.0981498 0.7856722 0.5130336 
GCA016432855_Lake_Trout      0.0688809 0.0687673 0.0833744 0.0688809 0.0833744 0.0833744 0.2247579 0.0833744 0.0833744 0.0833744 0.0000000 0.0981863 0.7868069 0.5134764 
GCA036784925_Maine_S_alpinus 0.0267730 0.0544419 0.0687430 0.0267730 0.0132571 0.0981498 0.2449445 0.0687430 0.0132571 0.0981498 0.0981863 0.0000000 0.7415657 0.5425418 
GCF013265735_Rainbow_Trout   0.7443246 0.7401630 0.7856722 0.7443246 0.7011675 0.7856722 2.0245238 0.7856722 0.7011675 0.7856722 0.7868069 0.7415657 0.0000000 1.0802508 
GCF029448725_Brook_Trout     0.4851854 0.4834460 0.5130336 0.4851854 0.5130336 0.5130336 0.5997763 0.5130336 0.5130336 0.5130336 0.5134764 0.5425418 1.0802508 0.0000000 
