15
251140_Ward_Creek              0.0000000 0.0084060 0.0084060 0.0000010 0.0168929 0.1540319 0.0000010 0.1540319 0.0172053 0.0140529 0.0595915 0.0084015 0.0140529 0.0889580 0.0225930 
260512_Pybus_Point             0.0084060 0.0000000 0.0000010 0.0084060 0.0140682 0.1344530 0.0095439 0.1344530 0.0114422 0.0112350 0.0481862 0.0055968 0.0056005 0.0717608 0.0140699 
261935_Kenai_River             0.0084060 0.0000010 0.0000000 0.0084060 0.0140682 0.1344530 0.0095439 0.1344530 0.0114422 0.0112350 0.0481862 0.0055968 0.0056005 0.0717608 0.0140699 
353213_Cropley_Lake            0.0000010 0.0084060 0.0084060 0.0000000 0.0168929 0.1540319 0.0000010 0.1540319 0.0172053 0.0140529 0.0595915 0.0084015 0.0140529 0.0889580 0.0225930 
353246_Cottonwood_Creek        0.0168929 0.0140682 0.0140682 0.0168929 0.0000000 0.1411696 0.0289517 0.1411696 0.0000010 0.0027973 0.0520230 0.0197428 0.0084170 0.0775726 0.0169155 
353379_Skagit_River            0.1540319 0.1344530 0.1344530 0.1540319 0.1411696 0.0000000 1.4987334 0.0000010 0.1370991 0.1344951 0.1109308 0.1474712 0.1344951 0.1980497 0.1280744 
353381_Dungeness_River         0.0000010 0.0095439 0.0095439 0.0000010 0.0289517 1.4987334 0.0000000 1.4987334 0.0289517 0.0240548 0.0762247 0.0095351 0.0191869 0.3889934 0.0338537 
353401_Peace_River             0.1540319 0.1344530 0.1344530 0.1540319 0.1411696 0.0000010 1.4987334 0.0000000 0.1370991 0.1344951 0.1109308 0.1474712 0.1344951 0.1980497 0.1280744 
353407_Noatok                  0.0172053 0.0114422 0.0114422 0.0172053 0.0000010 0.1370991 0.0289517 0.1370991 0.0000000 0.0028487 0.0493759 0.0172053 0.0057039 0.0744344 0.0143318 
353410_Horizon_Lake            0.0140529 0.0112350 0.0112350 0.0140529 0.0027973 0.1344951 0.0240548 0.1344951 0.0028487 0.0000000 0.0481943 0.0168929 0.0056010 0.0717794 0.0140716 
GCA016432855_Lake_Trout        0.0595915 0.0481862 0.0481862 0.0595915 0.0520230 0.1109308 0.0762247 0.1109308 0.0493759 0.0481943 0.0000000 0.0557776 0.0481943 0.2215946 0.0444232 
GCA036784925_Maine_S_alpinus   0.0084015 0.0055968 0.0055968 0.0084015 0.0197428 0.1474712 0.0095351 0.1474712 0.0172053 0.0168929 0.0557776 0.0000000 0.0112289 0.0831976 0.0197452 
GCA045679555_Iceland_A_alpinus 0.0140529 0.0056005 0.0056005 0.0140529 0.0084170 0.1344951 0.0191869 0.1344951 0.0057039 0.0056010 0.0481943 0.0112289 0.0000000 0.0717794 0.0140716 
GCF013265735_Rainbow_Trout     0.0889580 0.0717608 0.0717608 0.0889580 0.0775726 0.1980497 0.3889934 0.1980497 0.0744344 0.0717794 0.2215946 0.0831976 0.0717794 0.0000000 0.0775929 
GCF029448725_Brook_Trout       0.0225930 0.0140699 0.0140699 0.0225930 0.0169155 0.1280744 0.0338537 0.1280744 0.0143318 0.0140716 0.0444232 0.0197452 0.0140716 0.0775929 0.0000000 
