14
251140_Ward_Creek              0.0000000 0.0000010 0.5796304 0.3411494 0.5796304 0.5016762 0.4003254 0.7719210 0.7319387 0.1719399 0.2689328 2.6218386 0.8960458 0.9711610 
260512_Pybus_Point             0.0000010 0.0000000 0.5796304 0.3411494 0.5796304 0.5016762 0.4003254 0.7719210 0.7319387 0.1719399 0.2689328 2.6218386 0.8960458 0.9711610 
353379_Skagit_River            0.5796304 0.5796304 0.0000000 4.5525469 0.0000010 1.1663171 1.8867857 0.3993193 2.1014449 1.1659480 1.3002603 3.1998685 1.4591415 0.1048992 
353381_Dungeness_River         0.3411494 0.3411494 4.5525469 0.0000000 4.5525469 2.0489308 8.9999981 2.9526709 2.2070106 0.8184296 1.0808157 3.3195759 1.8834516 8.9999985 
353401_Peace_River             0.5796304 0.5796304 0.0000010 4.5525469 0.0000000 1.1663171 1.8867857 0.3993193 2.1014449 1.1659480 1.3002603 3.1998685 1.4591415 0.1048992 
353407_Noatok                  0.5016762 0.5016762 1.1663171 2.0489308 1.1663171 0.0000000 0.3553768 1.1709245 1.5102848 0.4471515 0.5664254 3.0538859 1.2269788 2.1489980 
353410_Horizon_Lake            0.4003254 0.4003254 1.8867857 8.9999981 1.8867857 0.3553768 0.0000000 1.8978066 1.9232032 0.3552042 0.4927193 3.0406745 1.5076747 4.1946361 
92319_Little_Lost              0.7719210 0.7719210 0.3993193 2.9526709 0.3993193 1.1709245 1.8978066 0.0000000 1.9899306 1.3226038 1.4057640 3.0440136 1.5108067 0.2245756 
GCA016432855_Lake_Trout        0.7319387 0.7319387 2.1014449 2.2070106 2.1014449 1.5102848 1.9232032 1.9899306 0.0000000 1.1801728 1.2684743 2.3462852 0.9717164 3.1852744 
GCA036784925_Maine_S_alpinus   0.1719399 0.1719399 1.1659480 0.8184296 1.1659480 0.4471515 0.3552042 1.3226038 1.1801728 0.0000000 0.0779015 2.8961997 1.2268246 1.9172118 
GCA045679555_Iceland_A_alpinus 0.2689328 0.2689328 1.3002603 1.0808157 1.3002603 0.5664254 0.4927193 1.4057640 1.2684743 0.0779015 0.0000000 2.8177833 1.2876895 1.8747476 
GCF013265735_Rainbow_Trout     2.6218386 2.6218386 3.1998685 3.3195759 3.1998685 3.0538859 3.0406745 3.0440136 2.3462852 2.8961997 2.8177833 0.0000000 2.4545690 3.4725132 
GCF029448725_Brook_Trout       0.8960458 0.8960458 1.4591415 1.8834516 1.4591415 1.2269788 1.5076747 1.5108067 0.9717164 1.2268246 1.2876895 2.4545690 0.0000000 1.8271887 
Methow_River_99895             0.9711610 0.9711610 0.1048992 8.9999985 0.1048992 2.1489980 4.1946361 0.2245756 3.1852744 1.9172118 1.8747476 3.4725132 1.8271887 0.0000000 
