19
251140_Ward_Creek              0.0000000 0.7750273 0.3362063 0.1885061 0.6202420 0.7494034 0.6954376 0.1504677 0.4339160 0.1504677 0.2544843 0.6491448 0.1638201 0.2133535 0.2008516 0.2008516 0.5763837 0.1757362 0.2778925 
260512_Pybus_Point             0.7750273 0.0000000 0.6656211 0.4058353 0.4725998 0.0104238 1.1724583 0.6326958 1.3504031 0.6326958 0.5050740 1.1155593 0.8881462 0.7704305 0.4227588 0.4227588 1.3851516 0.6920469 0.9969641 
261935_Kenai_River             0.3362063 0.6656211 0.0000000 0.1134767 1.2573302 0.6410156 0.9769856 0.2337205 0.2363985 0.2337205 0.4137389 0.8353085 0.2767735 0.3113029 0.1014951 0.1014951 0.8330124 0.2487438 0.3822126 
353213_Cropley_Lake            0.1885061 0.4058353 0.1134767 0.0000000 0.7664486 0.3891779 0.6498202 0.1129588 0.0378145 0.1129588 0.2337206 0.6085607 0.1159828 0.1711867 0.0291844 0.0291844 0.5364762 0.1362322 0.2272477 
353219_Peterson_Creek          0.6202420 0.4725998 1.2573302 0.7664486 0.0000000 0.4550016 0.6666223 0.6803274 5.6768638 0.6803274 0.3224493 0.5784719 0.9333451 0.6126104 0.7326460 0.7326460 1.6156068 0.7381731 0.8577579 
353220_Fish_Creek              0.7494034 0.0104238 0.6410156 0.3891779 0.4550016 0.0000000 1.1360689 0.6114144 1.2689042 0.6114144 0.4847430 1.0816318 0.8527886 0.7456419 0.4058353 0.4058353 1.3506739 0.6690399 0.9644271 
353246_Cottonwood_Creek        0.6954376 1.1724583 0.9769856 0.6498202 0.6666223 1.1360689 0.0000000 0.5726465 8.9999990 0.5726465 0.2300879 0.0618805 0.7728626 0.6934729 0.6714438 0.6714438 1.1719901 0.6243277 0.8456160 
353379_Skagit_River            0.1504677 0.6326958 0.2337205 0.1129588 0.6803274 0.6114144 0.5726465 0.0000000 0.2364687 0.0000010 0.1899848 0.5034309 0.0000010 0.1129588 0.1246562 0.1246562 0.4456784 0.0805691 0.0875401 
353381_Dungeness_River         0.4339160 1.3504031 0.2363985 0.0378145 5.6768638 1.2689042 8.9999990 0.2364687 0.0000000 0.2364687 0.6028013 7.2006996 0.2364687 0.5195684 0.0573020 0.0573020 1.2234295 0.4530221 0.5886139 
353401_Peace_River             0.1504677 0.6326958 0.2337205 0.1129588 0.6803274 0.6114144 0.5726465 0.0000010 0.2364687 0.0000000 0.1899848 0.5034309 0.0000010 0.1129588 0.1246562 0.1246562 0.4456784 0.0805691 0.0875401 
353407_Noatok                  0.2544843 0.5050740 0.4137389 0.2337206 0.3224493 0.4847430 0.2300879 0.1899848 0.6028013 0.1899848 0.0000000 0.1640663 0.2173712 0.2620037 0.2182211 0.2182211 0.6693140 0.2190441 0.3248518 
353410_Horizon_Lake            0.6491448 1.1155593 0.8353085 0.6085607 0.5784719 1.0816318 0.0618805 0.5034309 7.2006996 0.5034309 0.1640663 0.0000000 0.6546714 0.6085607 0.5448242 0.5448242 1.1640344 0.5479789 0.7333708 
92319_Little_Lost              0.1638201 0.8881462 0.2767735 0.1159828 0.9333451 0.8527886 0.7728626 0.0000010 0.2364687 0.0000010 0.2173712 0.6546714 0.0000000 0.1159828 0.1307564 0.1307564 0.5162887 0.0754617 0.1138861 
GCA016432855_Lake_Trout        0.2133535 0.7704305 0.3113029 0.1711867 0.6126104 0.7456419 0.6934729 0.1129588 0.5195684 0.1129588 0.2620037 0.6085607 0.1159828 0.0000000 0.1841678 0.1841678 0.4978079 0.1618960 0.1729561 
GCA036784925_Maine_S_alpinus   0.2008516 0.4227588 0.1014951 0.0291844 0.7326460 0.4058353 0.6714438 0.1246562 0.0573020 0.1246562 0.2182211 0.5448242 0.1307564 0.1841678 0.0000000 0.0000010 0.5597520 0.1484802 0.2426540 
GCA045679555_Iceland_A_alpinus 0.2008516 0.4227588 0.1014951 0.0291844 0.7326460 0.4058353 0.6714438 0.1246562 0.0573020 0.1246562 0.2182211 0.5448242 0.1307564 0.1841678 0.0000010 0.0000000 0.5597520 0.1484802 0.2426540 
GCF013265735_Rainbow_Trout     0.5763837 1.3851516 0.8330124 0.5364762 1.6156068 1.3506739 1.1719901 0.4456784 1.2234295 0.4456784 0.6693140 1.1640344 0.5162887 0.4978079 0.5597520 0.5597520 0.0000000 0.4283970 0.6607644 
GCF029448725_Brook_Trout       0.1757362 0.6920469 0.2487438 0.1362322 0.7381731 0.6690399 0.6243277 0.0805691 0.4530221 0.0805691 0.2190441 0.5479789 0.0754617 0.1618960 0.1484802 0.1484802 0.4283970 0.0000000 0.1869611 
Methow_River_99895             0.2778925 0.9969641 0.3822126 0.2272477 0.8577579 0.9644271 0.8456160 0.0875401 0.5886139 0.0875401 0.3248518 0.7333708 0.1138861 0.1729561 0.2426540 0.2426540 0.6607644 0.1869611 0.0000000 
