16
251140_Ward_Creek              0.0000000 0.0000010 0.0050990 0.0000010 0.0435847 8.9999983 0.0456303 0.2293469 0.0051162 0.0435847 0.0143158 0.0051131 0.0051131 0.2273726 0.0435960 0.0120832 
260512_Pybus_Point             0.0000010 0.0000000 0.0044927 0.0000010 0.0378725 8.9999983 0.0396332 0.1839156 0.0045060 0.0378725 0.0141867 0.0045036 0.0045036 0.1991615 0.0378809 0.0106268 
261935_Kenai_River             0.0050990 0.0044927 0.0000000 0.0044927 0.0396456 8.9999983 0.0414165 0.1806156 0.0060257 0.0396456 0.0158121 0.0090873 0.0090873 0.2024016 0.0396545 0.0121808 
353213_Cropley_Lake            0.0000010 0.0000010 0.0044927 0.0000000 0.0378725 8.9999983 0.0396332 0.1839156 0.0045060 0.0378725 0.0141867 0.0045036 0.0045036 0.1991615 0.0378809 0.0106268 
353379_Skagit_River            0.0435847 0.0378725 0.0396456 0.0378725 0.0000000 8.9999990 0.0014847 0.1373703 0.0362511 0.0000010 0.0449488 0.0397824 0.0397824 0.1417905 0.0121994 0.0256759 
353381_Dungeness_River         8.9999983 8.9999983 8.9999983 8.9999983 8.9999990 0.0000000 8.9999985 8.9999983 8.9999983 8.9999990 8.9999983 8.9999983 8.9999983 9.0000000 8.9999988 8.9999983 
353401_Peace_River             0.0456303 0.0396332 0.0414165 0.0396332 0.0014847 8.9999985 0.0000000 0.1402330 0.0380096 0.0014847 0.0468221 0.0415606 0.0415606 0.1444882 0.0137610 0.0273590 
353407_Noatok                  0.2293469 0.1839156 0.1806156 0.1839156 0.1373703 8.9999983 0.1402330 0.0000000 0.1891971 0.1373703 0.2085214 0.1789608 0.1789608 0.4021787 0.1270028 0.2027114 
353410_Horizon_Lake            0.0051162 0.0045060 0.0060257 0.0045060 0.0362511 8.9999983 0.0380096 0.1891971 0.0000000 0.0362511 0.0126153 0.0060424 0.0060424 0.1977710 0.0362592 0.0091123 
92319_Little_Lost              0.0435847 0.0378725 0.0396456 0.0378725 0.0000010 8.9999990 0.0014847 0.1373703 0.0362511 0.0000000 0.0449488 0.0397824 0.0397824 0.1417905 0.0121994 0.0256759 
GCA016432855_Lake_Trout        0.0143158 0.0141867 0.0158121 0.0141867 0.0449488 8.9999983 0.0468221 0.2085214 0.0126153 0.0449488 0.0000000 0.0158599 0.0158599 0.1954974 0.0372645 0.0158495 
GCA036784925_Maine_S_alpinus   0.0051131 0.0045036 0.0090873 0.0045036 0.0397824 8.9999983 0.0415606 0.1789608 0.0060424 0.0397824 0.0158599 0.0000000 0.0000010 0.2042506 0.0397913 0.0122157 
GCA045679555_Iceland_A_alpinus 0.0051131 0.0045036 0.0090873 0.0045036 0.0397824 8.9999983 0.0415606 0.1789608 0.0060424 0.0397824 0.0158599 0.0000010 0.0000000 0.2042506 0.0397913 0.0122157 
GCF013265735_Rainbow_Trout     0.2273726 0.1991615 0.2024016 0.1991615 0.1417905 9.0000000 0.1444882 0.4021787 0.1977710 0.1417905 0.1954974 0.2042506 0.2042506 0.0000000 0.1346044 0.2040030 
GCF029448725_Brook_Trout       0.0435960 0.0378809 0.0396545 0.0378809 0.0121994 8.9999988 0.0137610 0.1270028 0.0362592 0.0121994 0.0372645 0.0397913 0.0397913 0.1346044 0.0000000 0.0397628 
Methow_River_99895             0.0120832 0.0106268 0.0121808 0.0106268 0.0256759 8.9999983 0.0273590 0.2027114 0.0091123 0.0256759 0.0158495 0.0122157 0.0122157 0.2040030 0.0397628 0.0000000 
