19
251140_Ward_Creek              0.0000000 0.0000010 0.3587301 0.0193640 2.0270217 2.0270217 0.3232671 8.9999982 0.0796744 0.2715875 2.4028660 0.0796744 0.1015570 0.7231802 3.3973111 4.8924485 2.2960281 0.7404640 0.1015570 
260512_Pybus_Point             0.0000010 0.0000000 0.3587301 0.0193640 2.0270217 2.0270217 0.3232671 8.9999982 0.0796744 0.2715875 2.4028660 0.0796744 0.1015570 0.7231802 3.3973111 4.8924485 2.2960281 0.7404640 0.1015570 
261935_Kenai_River             0.3587301 0.3587301 0.0000000 0.4019135 4.4254073 4.4254073 1.3766006 8.9999984 0.4922375 1.1342957 4.5592780 0.4922375 0.5559482 1.8121871 5.5613766 8.9999986 2.9627673 1.7256877 0.5559482 
353213_Cropley_Lake            0.0193640 0.0193640 0.4019135 0.0000000 2.0298281 2.0298281 0.3497367 8.9999988 0.1005194 0.2462226 2.3470679 0.1005194 0.1230350 0.7612313 3.1827874 4.0554365 2.2868306 0.7768373 0.1230350 
353219_Peterson_Creek          2.0270217 2.0270217 4.4254073 2.0298281 0.0000000 0.0000010 1.0575793 4.3952281 2.0374019 0.6762874 0.0404973 2.0374019 2.2832842 2.7884731 0.2535011 0.2570205 1.8173297 2.2726568 2.2832842 
353246_Cottonwood_Creek        2.0270217 2.0270217 4.4254073 2.0298281 0.0000010 0.0000000 1.0575793 4.3952281 2.0374019 0.6762874 0.0404973 2.0374019 2.2832842 2.7884731 0.2535011 0.2570205 1.8173297 2.2726568 2.2832842 
353379_Skagit_River            0.3232671 0.3232671 1.3766006 0.3497367 1.0575793 1.0575793 0.0000000 4.3105185 0.2213154 0.1992002 1.2044206 0.2156969 0.2492366 0.4600425 1.6787827 1.8271850 1.8408661 0.4668576 0.2427504 
353381_Dungeness_River         8.9999982 8.9999982 8.9999984 8.9999988 4.3952281 4.3952281 4.3105185 0.0000000 6.2533511 4.3085709 4.5382344 6.2533511 8.9999989 5.2679715 6.6353518 8.9999987 2.8701963 4.0748613 8.9999989 
353401_Peace_River             0.0796744 0.0796744 0.4922375 0.1005194 2.0374019 2.0374019 0.2213154 6.2533511 0.0000000 0.3766611 2.2572671 0.0000010 0.0195120 0.8370067 2.8431859 3.2495287 2.2643813 0.8488056 0.0195120 
353407_Noatok                  0.2715875 0.2715875 1.1342957 0.2462226 0.6762874 0.6762874 0.1992002 4.3085709 0.3766611 0.0000000 0.7876526 0.3766611 0.4104410 0.4082040 1.1764132 1.2575614 1.8197124 0.4274454 0.4104410 
353410_Horizon_Lake            2.4028660 2.4028660 4.5592780 2.3470679 0.0404973 0.0404973 1.2044206 4.5382344 2.2572671 0.7876526 0.0000000 2.2572671 2.5106233 3.1256413 0.3103724 0.3150895 1.8904478 2.5015776 2.5106233 
92319_Little_Lost              0.0796744 0.0796744 0.4922375 0.1005194 2.0374019 2.0374019 0.2156969 6.2533511 0.0000010 0.3766611 2.2572671 0.0000000 0.0195120 0.8370067 2.8431859 3.2495287 2.2643813 0.8211537 0.0190740 
94280_St_Joe                   0.1015570 0.1015570 0.5559482 0.1230350 2.2832842 2.2832842 0.2492366 8.9999989 0.0195120 0.4104410 2.5106233 0.0195120 0.0000000 0.9029314 3.1146446 3.6436251 2.3406432 0.9114722 0.0000010 
GCA016432855_Lake_Trout        0.7231802 0.7231802 1.8121871 0.7612313 2.7884731 2.7884731 0.4600425 5.2679715 0.8370067 0.4082040 3.1256413 0.8370067 0.9029314 0.0000000 4.6182621 8.9999980 2.2960689 0.2009789 0.9029314 
GCA036784925_Maine_S_alpinus   3.3973111 3.3973111 5.5613766 3.1827874 0.2535011 0.2535011 1.6787827 6.6353518 2.8431859 1.1764132 0.3103724 2.8431859 3.1146446 4.6182621 0.0000000 0.0391347 1.4432787 3.2457855 3.1146446 
GCA045679555_Iceland_A_alpinus 4.8924485 4.8924485 8.9999986 4.0554365 0.2570205 0.2570205 1.8271850 8.9999987 3.2495287 1.2575614 0.3150895 3.2495287 3.6436251 8.9999980 0.0391347 0.0000000 1.4925757 3.9536886 3.6436251 
GCF013265735_Rainbow_Trout     2.2960281 2.2960281 2.9627673 2.2868306 1.8173297 1.8173297 1.8408661 2.8701963 2.2643813 1.8197124 1.8904478 2.2643813 2.3406432 2.2960689 1.4432787 1.4925757 0.0000000 2.3578223 2.3406432 
GCF029448725_Brook_Trout       0.7404640 0.7404640 1.7256877 0.7768373 2.2726568 2.2726568 0.4668576 4.0748613 0.8488056 0.4274454 2.5015776 0.8211537 0.9114722 0.2009789 3.2457855 3.9536886 2.3578223 0.0000000 0.8808315 
Methow_River_99895             0.1015570 0.1015570 0.5559482 0.1230350 2.2832842 2.2832842 0.2427504 8.9999989 0.0195120 0.4104410 2.5106233 0.0190740 0.0000010 0.9029314 3.1146446 3.6436251 2.3406432 0.8808315 0.0000000 
