10
251140_Ward_Creek          0.0000000 0.0000010 0.0143202 0.0000010 0.0143202 0.0071257 0.0289191 0.0823770 0.0363267 0.0215842 
260512_Pybus_Point         0.0000010 0.0000000 0.0143202 0.0000010 0.0143202 0.0071257 0.0289191 0.0823770 0.0363267 0.0215842 
353379_Skagit_River        0.0143202 0.0143202 0.0000000 0.1468084 0.0000010 0.0215842 0.0289191 0.0823770 0.0363267 0.0071257 
353381_Dungeness_River     0.0000010 0.0000010 0.1468084 0.0000000 0.1468084 0.0698178 0.3295250 1.2070784 0.4408400 0.2326162 
353401_Peace_River         0.0143202 0.0143202 0.0000010 0.1468084 0.0000000 0.0215842 0.0289191 0.0823770 0.0363267 0.0071257 
353407_Noatok              0.0071257 0.0071257 0.0215842 0.0698178 0.0215842 0.0000000 0.0363267 0.0903346 0.0438081 0.0289191 
GCA016432855_Lake_Trout    0.0289191 0.0289191 0.0289191 0.3295250 0.0289191 0.0363267 0.0000000 0.0823770 0.0071257 0.0363267 
GCF013265735_Rainbow_Trout 0.0823770 0.0823770 0.0823770 1.2070784 0.0823770 0.0903346 0.0823770 0.0000000 0.0903346 0.0903346 
GCF029448725_Brook_Trout   0.0363267 0.0363267 0.0363267 0.4408400 0.0363267 0.0438081 0.0071257 0.0903346 0.0000000 0.0438081 
Methow_River_99895         0.0215842 0.0215842 0.0071257 0.2326162 0.0071257 0.0289191 0.0363267 0.0903346 0.0438081 0.0000000 
