13
251140_Ward_Creek              0.0000000 0.0000010 0.0414537 0.0202393 0.0414537 0.0162451 0.0246278 0.0499918 0.0844949 0.0331938 0.0331938 0.3358259 0.1308431 
260512_Pybus_Point             0.0000010 0.0000000 0.0414537 0.0202393 0.0414537 0.0162451 0.0246278 0.0499918 0.0844949 0.0331938 0.0331938 0.3358259 0.1308431 
353379_Skagit_River            0.0414537 0.0414537 0.0000000 0.0866050 0.0000010 0.0244855 0.0329997 0.0080379 0.0756646 0.0416994 0.0416994 0.3232610 0.1214870 
353381_Dungeness_River         0.0202393 0.0202393 0.0866050 0.0000000 0.0866050 0.0631487 0.0866050 0.1096915 0.2049287 0.0866050 0.0866050 1.1923672 0.3483900 
353401_Peace_River             0.0414537 0.0414537 0.0000010 0.0866050 0.0000000 0.0244855 0.0329997 0.0080379 0.0756646 0.0416994 0.0416994 0.3232610 0.1214870 
353407_Noatok                  0.0162451 0.0162451 0.0244855 0.0631487 0.0244855 0.0000000 0.0080836 0.0328078 0.0665237 0.0163388 0.0163388 0.3083450 0.1115265 
353410_Horizon_Lake            0.0246278 0.0246278 0.0329997 0.0866050 0.0329997 0.0080836 0.0000000 0.0414537 0.0756646 0.0080836 0.0080836 0.3232610 0.1214870 
94280_St_Joe                   0.0499918 0.0499918 0.0080379 0.1096915 0.0080379 0.0328078 0.0414537 0.0000000 0.0844949 0.0502905 0.0502905 0.3358259 0.1308431 
GCA016432855_Lake_Trout        0.0844949 0.0844949 0.0756646 0.2049287 0.0756646 0.0665237 0.0756646 0.0844949 0.0000000 0.0850125 0.0850125 0.3330587 0.0934144 
GCA036784925_Maine_S_alpinus   0.0331938 0.0331938 0.0416994 0.0866050 0.0416994 0.0163388 0.0080836 0.0502905 0.0850125 0.0000000 0.0000010 0.3386459 0.1316840 
GCA045679555_Iceland_A_alpinus 0.0331938 0.0331938 0.0416994 0.0866050 0.0416994 0.0163388 0.0080836 0.0502905 0.0850125 0.0000010 0.0000000 0.3386459 0.1316840 
GCF013265735_Rainbow_Trout     0.3358259 0.3358259 0.3232610 1.1923672 0.3232610 0.3083450 0.3232610 0.3358259 0.3330587 0.3386459 0.3386459 0.0000000 0.4010320 
GCF029448725_Brook_Trout       0.1308431 0.1308431 0.1214870 0.3483900 0.1214870 0.1115265 0.1214870 0.1308431 0.0934144 0.1316840 0.1316840 0.4010320 0.0000000 
