16
251140_Ward_Creek              0.0000000 0.0070688 0.0142531 0.0070688 0.0000010 0.0317812 0.0447593 0.0360462 0.0142531 0.0362066 0.0360462 0.0990222 0.0288529 0.0288529 0.2780893 0.1075997 
260512_Pybus_Point             0.0070688 0.0000000 0.0176694 0.0176060 0.0070688 0.0317812 0.0425008 0.0356768 0.0176694 0.0358077 0.0356768 0.0870855 0.0297444 0.0297444 0.2359782 0.0939885 
261935_Kenai_River             0.0142531 0.0176694 0.0000000 0.0236338 0.0142531 0.0480814 0.0499929 0.0419100 0.0000010 0.0176694 0.0419100 0.0939885 0.0117426 0.0117426 0.2452479 0.1009946 
353213_Cropley_Lake            0.0070688 0.0176060 0.0236338 0.0000000 0.0070688 0.0480814 0.0497737 0.0417560 0.0236338 0.0419100 0.0417560 0.0936228 0.0358077 0.0358077 0.2441015 0.1005983 
353219_Peterson_Creek          0.0000010 0.0070688 0.0142531 0.0070688 0.0000000 0.0317812 0.0447593 0.0360462 0.0142531 0.0362066 0.0360462 0.0990222 0.0288529 0.0288529 0.2780893 0.1075997 
353246_Cottonwood_Creek        0.0317812 0.0317812 0.0480814 0.0480814 0.0317812 0.0000000 0.1810642 0.0997380 0.0480814 0.0997380 0.0997380 0.2884871 0.0823745 0.0823745 0.7850254 0.2884871 
353379_Skagit_River            0.0447593 0.0425008 0.0499929 0.0497737 0.0447593 0.1810642 0.0000000 0.0000010 0.0499929 0.0497737 0.0000010 0.0963604 0.0425008 0.0425008 0.1694885 0.1206199 
353401_Peace_River             0.0360462 0.0356768 0.0419100 0.0417560 0.0360462 0.0997380 0.0000010 0.0000000 0.0419100 0.0417560 0.0000010 0.0802828 0.0356768 0.0356768 0.2189208 0.1002048 
353407_Noatok                  0.0142531 0.0176694 0.0000010 0.0236338 0.0142531 0.0480814 0.0499929 0.0419100 0.0000000 0.0176694 0.0419100 0.0939885 0.0117426 0.0117426 0.2452479 0.1009946 
353410_Horizon_Lake            0.0362066 0.0358077 0.0176694 0.0419100 0.0362066 0.0997380 0.0497737 0.0417560 0.0176694 0.0000000 0.0417560 0.0870855 0.0058311 0.0058311 0.2441015 0.0939885 
92319_Little_Lost              0.0360462 0.0356768 0.0419100 0.0417560 0.0360462 0.0997380 0.0000010 0.0000010 0.0419100 0.0417560 0.0000000 0.0802828 0.0356768 0.0356768 0.2189208 0.1002048 
GCA016432855_Lake_Trout        0.0990222 0.0870855 0.0939885 0.0936228 0.0990222 0.2884871 0.0963604 0.0802828 0.0939885 0.0870855 0.0802828 0.0000000 0.0805922 0.0805922 0.2913482 0.0417560 
GCA036784925_Maine_S_alpinus   0.0288529 0.0297444 0.0117426 0.0358077 0.0288529 0.0823745 0.0425008 0.0356768 0.0117426 0.0058311 0.0356768 0.0805922 0.0000000 0.0000010 0.2359782 0.0874240 
GCA045679555_Iceland_A_alpinus 0.0288529 0.0297444 0.0117426 0.0358077 0.0288529 0.0823745 0.0425008 0.0356768 0.0117426 0.0058311 0.0356768 0.0805922 0.0000010 0.0000000 0.2359782 0.0874240 
GCF013265735_Rainbow_Trout     0.2780893 0.2359782 0.2452479 0.2441015 0.2780893 0.7850254 0.1694885 0.2189208 0.2452479 0.2441015 0.2189208 0.2913482 0.2359782 0.2359782 0.0000000 0.3193850 
GCF029448725_Brook_Trout       0.1075997 0.0939885 0.1009946 0.1005983 0.1075997 0.2884871 0.1206199 0.1002048 0.1009946 0.0939885 0.1002048 0.0417560 0.0874240 0.0874240 0.3193850 0.0000000 
