20
251140_Ward_Creek              0.0000000 0.0641422 0.0596780 0.0556610 0.0133549 0.0009502 0.0239095 0.0314719 0.0141289 0.0313038 0.0671032 0.0134257 0.0463840 0.0314719 0.0676815 0.0112540 0.0112540 0.2280128 0.0707616 0.0342741 
260512_Pybus_Point             0.0641422 0.0000000 0.0154856 0.0136813 0.0520028 0.0620124 0.1176472 0.1045337 0.0902014 0.1043006 0.1324752 0.0522881 0.1535573 0.1045337 0.1544097 0.0540357 0.0540357 0.3382270 0.1458258 0.1219028 
261935_Kenai_River             0.0596780 0.0154856 0.0000000 0.0009754 0.0502920 0.0577566 0.1043882 0.0809269 0.0558992 0.0806484 0.1069035 0.0537153 0.1461931 0.0809269 0.1165996 0.0505603 0.0505603 0.2871535 0.1151321 0.0924421 
353213_Cropley_Lake            0.0556610 0.0136813 0.0009754 0.0000000 0.0497844 0.0538434 0.1002599 0.0756964 0.0541205 0.0754213 0.1002331 0.0500250 0.1363168 0.0756964 0.1084085 0.0470376 0.0470376 0.2716788 0.1077728 0.0858584 
353219_Peterson_Creek          0.0133549 0.0520028 0.0502920 0.0497844 0.0000000 0.0122043 0.0000010 0.0382476 0.0233969 0.0380475 0.0543997 0.0078594 0.0611169 0.0382476 0.0548273 0.0038568 0.0038568 0.2121326 0.0589620 0.0420573 
353220_Fish_Creek              0.0009502 0.0620124 0.0577566 0.0538434 0.0122043 0.0000000 0.0216948 0.0300394 0.0128038 0.0298779 0.0651457 0.0122686 0.0445056 0.0300394 0.0654182 0.0101285 0.0101285 0.2253975 0.0686920 0.0326279 
353246_Cottonwood_Creek        0.0239095 0.1176472 0.1043882 0.1002599 0.0000010 0.0216948 0.0000000 0.0626147 0.0492969 0.0593896 0.0320670 0.0136341 0.0643504 0.0626147 0.1226133 0.0066046 0.0066046 0.3078275 0.1149246 0.0593896 
353379_Skagit_River            0.0314719 0.1045337 0.0809269 0.0756964 0.0382476 0.0300394 0.0626147 0.0000000 0.0231151 0.0019078 0.0561670 0.0305169 0.0294542 0.0000010 0.0683126 0.0327609 0.0327609 0.2172817 0.0713769 0.0010626 
353381_Dungeness_River         0.0141289 0.0902014 0.0558992 0.0541205 0.0233969 0.0128038 0.0492969 0.0231151 0.0000000 0.0229736 0.0610807 0.0166677 0.0652149 0.0231151 0.0720066 0.0193791 0.0193791 0.2447007 0.0751246 0.0250025 
353401_Peace_River             0.0313038 0.1043006 0.0806484 0.0754213 0.0380475 0.0298779 0.0593896 0.0019078 0.0229736 0.0000000 0.0559038 0.0303511 0.0292724 0.0019078 0.0679892 0.0325856 0.0325856 0.2174399 0.0710856 0.0000010 
353407_Noatok                  0.0671032 0.1324752 0.1069035 0.1002331 0.0543997 0.0651457 0.0320670 0.0561670 0.0610807 0.0559038 0.0000000 0.0485527 0.0488385 0.0561670 0.0782540 0.0510783 0.0510783 0.1778447 0.0820959 0.0254581 
353410_Horizon_Lake            0.0134257 0.0522881 0.0537153 0.0500250 0.0078594 0.0122686 0.0136341 0.0305169 0.0166677 0.0303511 0.0485527 0.0000000 0.0507832 0.0305169 0.0587876 0.0058701 0.0058701 0.2147365 0.0626099 0.0332037 
92319_Little_Lost              0.0463840 0.1535573 0.1461931 0.1363168 0.0611169 0.0445056 0.0643504 0.0294542 0.0652149 0.0292724 0.0488385 0.0507832 0.0000000 0.0294542 0.0957440 0.0536697 0.0536697 0.2291949 0.0963930 0.0103639 
94280_St_Joe                   0.0314719 0.1045337 0.0809269 0.0756964 0.0382476 0.0300394 0.0626147 0.0000010 0.0231151 0.0019078 0.0561670 0.0305169 0.0294542 0.0000000 0.0683126 0.0327609 0.0327609 0.2172817 0.0713769 0.0010626 
GCA016432855_Lake_Trout        0.0676815 0.1544097 0.1165996 0.1084085 0.0548273 0.0654182 0.1226133 0.0683126 0.0720066 0.0679892 0.0782540 0.0587876 0.0957440 0.0683126 0.0000000 0.0509704 0.0509704 0.2577431 0.0121845 0.0789651 
GCA036784925_Maine_S_alpinus   0.0112540 0.0540357 0.0505603 0.0470376 0.0038568 0.0101285 0.0066046 0.0327609 0.0193791 0.0325856 0.0510783 0.0058701 0.0536697 0.0327609 0.0509704 0.0000000 0.0000010 0.2012433 0.0554001 0.0357463 
GCA045679555_Iceland_A_alpinus 0.0112540 0.0540357 0.0505603 0.0470376 0.0038568 0.0101285 0.0066046 0.0327609 0.0193791 0.0325856 0.0510783 0.0058701 0.0536697 0.0327609 0.0509704 0.0000010 0.0000000 0.2012433 0.0554001 0.0357463 
GCF013265735_Rainbow_Trout     0.2280128 0.3382270 0.2871535 0.2716788 0.2121326 0.2253975 0.3078275 0.2172817 0.2447007 0.2174399 0.1778447 0.2147365 0.2291949 0.2172817 0.2577431 0.2012433 0.2012433 0.0000000 0.2421717 0.1967697 
GCF029448725_Brook_Trout       0.0707616 0.1458258 0.1151321 0.1077728 0.0589620 0.0686920 0.1149246 0.0713769 0.0751246 0.0710856 0.0820959 0.0626099 0.0963930 0.0713769 0.0121845 0.0554001 0.0554001 0.2421717 0.0000000 0.0791946 
Methow_River_99895             0.0342741 0.1219028 0.0924421 0.0858584 0.0420573 0.0326279 0.0593896 0.0010626 0.0250025 0.0000010 0.0254581 0.0332037 0.0103639 0.0010626 0.0789651 0.0357463 0.0357463 0.1967697 0.0791946 0.0000000 
