20
251140_Ward_Creek              0.0000000 0.0103686 0.0194450 0.0038369 0.0239728 0.0025284 0.0144998 0.0179669 0.4190626 0.0196981 0.0145035 0.0179629 0.0179669 0.0202299 0.0256527 0.0161440 0.0179629 0.2927547 0.0729749 0.0204099 
260512_Pybus_Point             0.0103686 0.0000000 0.0070942 0.0120005 0.0105670 0.0070906 0.0213336 0.0254543 0.2991130 0.0275059 0.0192881 0.0254490 0.0254543 0.0283349 0.0345379 0.0232786 0.0254490 0.3065129 0.0887156 0.0286156 
261935_Kenai_River             0.0194450 0.0070942 0.0000000 0.0213345 0.0087006 0.0155347 0.0153962 0.0280543 0.3235824 0.0301642 0.0102752 0.0155283 0.0280543 0.0310777 0.0234434 0.0136775 0.0155283 0.3102075 0.0737812 0.0313878 
353213_Cropley_Lake            0.0038369 0.0120005 0.0213345 0.0000000 0.0259832 0.0038368 0.0096316 0.0160188 0.3685035 0.0176906 0.0161440 0.0127910 0.0160188 0.0181587 0.0234500 0.0111415 0.0127910 0.2961232 0.0676217 0.0183175 
353219_Peterson_Creek          0.0239728 0.0105670 0.0087006 0.0259832 0.0000000 0.0197650 0.0192835 0.0323387 0.3737971 0.0345580 0.0213349 0.0232743 0.0323387 0.0356229 0.0231075 0.0211695 0.0232743 0.3176259 0.0739446 0.0359842 
353220_Fish_Creek              0.0025284 0.0070906 0.0155347 0.0038368 0.0197650 0.0000000 0.0111403 0.0143883 0.4190626 0.0160198 0.0111433 0.0143848 0.0143883 0.0164388 0.0216266 0.0126867 0.0143848 0.2927532 0.0676217 0.0165809 
353246_Cottonwood_Creek        0.0144998 0.0213336 0.0153962 0.0096316 0.0192835 0.0111403 0.0000000 0.0178307 0.4191275 0.0195539 0.0080888 0.0025069 0.0178307 0.0200804 0.0141481 0.0012287 0.0025069 0.2995554 0.0544299 0.0202586 
353379_Skagit_River            0.0179669 0.0254543 0.0280543 0.0160188 0.0323387 0.0143883 0.0178307 0.0000000 0.5541012 0.0012293 0.0219491 0.0179696 0.0000010 0.0012558 0.0178307 0.0161500 0.0179696 0.2759226 0.0623300 0.0012652 
353381_Dungeness_River         0.4190626 0.2991130 0.3235824 0.3685035 0.3737971 0.4190626 0.4191275 0.5541012 0.0000000 0.5809988 0.4970425 0.4713758 0.5541012 0.5809988 0.5540963 0.4450140 0.4713758 4.7754183 0.9355105 0.6204679 
353401_Peace_River             0.0196981 0.0275059 0.0301642 0.0176906 0.0345580 0.0160198 0.0195539 0.0012293 0.5809988 0.0000000 0.0237848 0.0197013 0.0012293 0.0000010 0.0195539 0.0178307 0.0197013 0.2725095 0.0649838 0.0000010 
353407_Noatok                  0.0145035 0.0192881 0.0102752 0.0161440 0.0213349 0.0111433 0.0080888 0.0219491 0.4970425 0.0237848 0.0000000 0.0081582 0.0219491 0.0244429 0.0179604 0.0066613 0.0081582 0.3063655 0.0623039 0.0246656 
353410_Horizon_Lake            0.0179629 0.0254490 0.0155283 0.0127910 0.0232743 0.0143848 0.0025069 0.0179696 0.4713758 0.0197013 0.0081582 0.0000000 0.0179696 0.0202334 0.0142629 0.0012389 0.0000010 0.2995409 0.0544931 0.0204134 
92319_Little_Lost              0.0179669 0.0254543 0.0280543 0.0160188 0.0323387 0.0143883 0.0178307 0.0000010 0.5541012 0.0012293 0.0219491 0.0179696 0.0000000 0.0012558 0.0178307 0.0161500 0.0179696 0.2759226 0.0623300 0.0012652 
94280_St_Joe                   0.0202299 0.0283349 0.0310777 0.0181587 0.0356229 0.0164388 0.0200804 0.0012558 0.5809988 0.0000010 0.0244429 0.0202334 0.0012558 0.0000000 0.0183067 0.0183058 0.0202334 0.2765535 0.0669266 0.0000010 
GCA016432855_Lake_Trout        0.0256527 0.0345379 0.0234434 0.0234500 0.0231075 0.0216266 0.0141481 0.0178307 0.5540963 0.0195539 0.0179604 0.0142629 0.0178307 0.0183067 0.0000000 0.0125776 0.0142629 0.2927220 0.0468439 0.0184674 
GCA036784925_Maine_S_alpinus   0.0161440 0.0232786 0.0136775 0.0111415 0.0211695 0.0126867 0.0012287 0.0161500 0.4450140 0.0178307 0.0066613 0.0012389 0.0161500 0.0183058 0.0125776 0.0000000 0.0012389 0.2961775 0.0519268 0.0184665 
GCA045679555_Iceland_A_alpinus 0.0179629 0.0254490 0.0155283 0.0127910 0.0232743 0.0143848 0.0025069 0.0179696 0.4713758 0.0197013 0.0081582 0.0000010 0.0179696 0.0202334 0.0142629 0.0012389 0.0000000 0.2995409 0.0544931 0.0204134 
GCF013265735_Rainbow_Trout     0.2927547 0.3065129 0.3102075 0.2961232 0.3176259 0.2927532 0.2995554 0.2759226 4.7754183 0.2725095 0.3063655 0.2995409 0.2759226 0.2765535 0.2927220 0.2961775 0.2995409 0.0000000 0.2597777 0.2790419 
GCF029448725_Brook_Trout       0.0729749 0.0887156 0.0737812 0.0676217 0.0739446 0.0676217 0.0544299 0.0623300 0.9355105 0.0649838 0.0623039 0.0544931 0.0623300 0.0669266 0.0468439 0.0519268 0.0544931 0.2597777 0.0000000 0.0675832 
Methow_River_99895             0.0204099 0.0286156 0.0313878 0.0183175 0.0359842 0.0165809 0.0202586 0.0012652 0.6204679 0.0000010 0.0246656 0.0204134 0.0012652 0.0000010 0.0184674 0.0184665 0.0204134 0.2790419 0.0675832 0.0000000 
