20
251140_Ward_Creek              0.0000000 0.0304485 0.0037635 0.0000010 0.0018635 0.0025952 0.0191351 0.0362241 0.0117394 0.0466749 0.0082379 0.0177330 0.0656228 0.0423750 0.0468572 0.0177942 0.0218051 0.1095099 0.0546042 0.0445345 
260512_Pybus_Point             0.0304485 0.0000000 0.0392282 0.0285785 0.0321049 0.0299329 0.0159632 0.0316663 0.0416409 0.0411769 0.0313286 0.0148551 0.0570058 0.0375438 0.0403786 0.0149054 0.0186207 0.1335369 0.0983539 0.0377968 
261935_Kenai_River             0.0037635 0.0392282 0.0000000 0.0035319 0.0014411 0.0038247 0.0248523 0.0426000 0.0219843 0.0553241 0.0080732 0.0191572 0.0715392 0.0495626 0.0543570 0.0209984 0.0239659 0.1185396 0.0656521 0.0527915 
353213_Cropley_Lake            0.0000010 0.0285785 0.0035319 0.0000000 0.0017677 0.0024565 0.0179933 0.0339190 0.0107946 0.0436177 0.0078073 0.0167468 0.0603591 0.0397783 0.0437677 0.0168021 0.0205640 0.1030915 0.0521993 0.0410047 
353219_Peterson_Creek          0.0018635 0.0321049 0.0014411 0.0017677 0.0000000 0.0018886 0.0176206 0.0311847 0.0143108 0.0408533 0.0054794 0.0143928 0.0596006 0.0384085 0.0423737 0.0158618 0.0182086 0.1000297 0.0520011 0.0376363 
353220_Fish_Creek              0.0025952 0.0299329 0.0038247 0.0024565 0.0018886 0.0000000 0.0227323 0.0367069 0.0106979 0.0472523 0.0083479 0.0179729 0.0678582 0.0428850 0.0464013 0.0195570 0.0220986 0.0964411 0.0563253 0.0452266 
353246_Cottonwood_Creek        0.0191351 0.0159632 0.0248523 0.0179933 0.0176206 0.0227323 0.0000000 0.0149005 0.0305552 0.0178534 0.0164089 0.0023602 0.0268236 0.0185800 0.0248672 0.0023685 0.0054776 0.1172018 0.0794209 0.0165382 
353379_Skagit_River            0.0362241 0.0316663 0.0426000 0.0339190 0.0311847 0.0367069 0.0149005 0.0000000 0.0343963 0.0073408 0.0279900 0.0134102 0.0145472 0.0079800 0.0172603 0.0148383 0.0171178 0.1104202 0.0723053 0.0014078 
353381_Dungeness_River         0.0117394 0.0416409 0.0219843 0.0107946 0.0143108 0.0106979 0.0305552 0.0343963 0.0000000 0.0437880 0.0137717 0.0275096 0.0695106 0.0385938 0.0447081 0.0276210 0.0297900 0.1026615 0.0551701 0.0443053 
353401_Peace_River             0.0466749 0.0411769 0.0553241 0.0436177 0.0408533 0.0472523 0.0178534 0.0073408 0.0437880 0.0000000 0.0368191 0.0239352 0.0050007 0.0005689 0.0196156 0.0224588 0.0249852 0.1118471 0.0780895 0.0014078 
353407_Noatok                  0.0082379 0.0313286 0.0080732 0.0078073 0.0054794 0.0083479 0.0164089 0.0279900 0.0137717 0.0368191 0.0000000 0.0127090 0.0518621 0.0336501 0.0369221 0.0140538 0.0161940 0.0924347 0.0559462 0.0321054 
353410_Horizon_Lake            0.0177330 0.0148551 0.0191572 0.0167468 0.0143928 0.0179729 0.0023602 0.0134102 0.0275096 0.0239352 0.0127090 0.0000000 0.0317676 0.0217623 0.0209189 0.0011053 0.0028180 0.1105442 0.0720769 0.0148410 
92319_Little_Lost              0.0656228 0.0570058 0.0715392 0.0603591 0.0596006 0.0678582 0.0268236 0.0145472 0.0695106 0.0050007 0.0518621 0.0317676 0.0000000 0.0057381 0.0207608 0.0328665 0.0372493 0.1517542 0.0764765 0.0073747 
94280_St_Joe                   0.0423750 0.0375438 0.0495626 0.0397783 0.0384085 0.0428850 0.0185800 0.0079800 0.0385938 0.0005689 0.0336501 0.0217623 0.0057381 0.0000000 0.0176612 0.0203845 0.0227172 0.1062064 0.0714057 0.0021205 
GCA016432855_Lake_Trout        0.0468572 0.0403786 0.0543570 0.0437677 0.0423737 0.0464013 0.0248672 0.0172603 0.0447081 0.0196156 0.0369221 0.0209189 0.0207608 0.0176612 0.0000000 0.0224959 0.0250313 0.1186748 0.0573277 0.0184132 
GCA036784925_Maine_S_alpinus   0.0177942 0.0149054 0.0209984 0.0168021 0.0158618 0.0195570 0.0023685 0.0148383 0.0276210 0.0224588 0.0140538 0.0011053 0.0328665 0.0203845 0.0224959 0.0000000 0.0028079 0.1131168 0.0732137 0.0166062 
GCA045679555_Iceland_A_alpinus 0.0218051 0.0186207 0.0239659 0.0205640 0.0182086 0.0220986 0.0054776 0.0171178 0.0297900 0.0249852 0.0161940 0.0028180 0.0372493 0.0227172 0.0250313 0.0028079 0.0000000 0.1169400 0.0777046 0.0194455 
GCF013265735_Rainbow_Trout     0.1095099 0.1335369 0.1185396 0.1030915 0.1000297 0.0964411 0.1172018 0.1104202 0.1026615 0.1118471 0.0924347 0.1105442 0.1517542 0.1062064 0.1186748 0.1131168 0.1169400 0.0000000 0.1251236 0.1156039 
GCF029448725_Brook_Trout       0.0546042 0.0983539 0.0656521 0.0521993 0.0520011 0.0563253 0.0794209 0.0723053 0.0551701 0.0780895 0.0559462 0.0720769 0.0764765 0.0714057 0.0573277 0.0732137 0.0777046 0.1251236 0.0000000 0.0677827 
Methow_River_99895             0.0445345 0.0377968 0.0527915 0.0410047 0.0376363 0.0452266 0.0165382 0.0014078 0.0443053 0.0014078 0.0321054 0.0148410 0.0073747 0.0021205 0.0184132 0.0166062 0.0194455 0.1156039 0.0677827 0.0000000 
