16
251140_Ward_Creek              0.0000000 0.0207690 0.0217717 0.0207690 0.0217717 0.0319007 0.1509610 0.0319007 0.0257998 0.0237914 0.0761845 0.0290362 0.0248093 0.0296816 0.0926782 0.0376992 
260512_Pybus_Point             0.0207690 0.0000000 0.0009385 0.0000010 0.0009385 0.0103957 0.0875583 0.0103957 0.0047044 0.0028201 0.0231490 0.0075910 0.0037639 0.0077515 0.0660399 0.0135851 
261935_Kenai_River             0.0217717 0.0009385 0.0000000 0.0009385 0.0000010 0.0094450 0.0851864 0.0094450 0.0037614 0.0018790 0.0210165 0.0066383 0.0028213 0.0067784 0.0648322 0.0125319 
353213_Cropley_Lake            0.0207690 0.0000010 0.0009385 0.0000000 0.0009385 0.0103957 0.0875583 0.0103957 0.0047044 0.0028201 0.0231490 0.0075910 0.0037639 0.0077515 0.0660399 0.0135851 
353219_Peterson_Creek          0.0217717 0.0009385 0.0000010 0.0009385 0.0000000 0.0094450 0.0851864 0.0094450 0.0037614 0.0018790 0.0210165 0.0066383 0.0028213 0.0067784 0.0648322 0.0125319 
353379_Skagit_River            0.0319007 0.0103957 0.0094450 0.0103957 0.0094450 0.0000000 0.1045140 0.0000010 0.0094420 0.0075465 0.0020752 0.0047349 0.0084984 0.0126411 0.0672666 0.0156965 
353381_Dungeness_River         0.1509610 0.0875583 0.0851864 0.0875583 0.0851864 0.1045140 0.0000000 0.1045140 0.0923814 0.0900243 0.2809621 0.0986136 0.0925026 0.0838553 0.1994860 0.1087673 
353401_Peace_River             0.0319007 0.0103957 0.0094450 0.0103957 0.0094450 0.0000010 0.1045140 0.0000000 0.0094420 0.0075465 0.0020752 0.0047349 0.0084984 0.0126411 0.0672666 0.0156965 
353407_Noatok                  0.0257998 0.0047044 0.0037614 0.0047044 0.0037614 0.0094420 0.0923814 0.0094420 0.0000000 0.0018784 0.0210017 0.0066362 0.0028204 0.0067763 0.0648053 0.0125275 
353410_Horizon_Lake            0.0237914 0.0028201 0.0018790 0.0028201 0.0018790 0.0075465 0.0900243 0.0075465 0.0018784 0.0000000 0.0167662 0.0047358 0.0009393 0.0048350 0.0624174 0.0104287 
92319_Little_Lost              0.0761845 0.0231490 0.0210165 0.0231490 0.0210165 0.0020752 0.2809621 0.0020752 0.0210017 0.0167662 0.0000000 0.0104389 0.0189047 0.0291848 0.0868769 0.0347908 
GCA016432855_Lake_Trout        0.0290362 0.0075910 0.0066383 0.0075910 0.0066383 0.0047349 0.0986136 0.0047349 0.0066362 0.0047358 0.0104389 0.0000000 0.0056887 0.0087828 0.0636640 0.0126151 
GCA036784925_Maine_S_alpinus   0.0248093 0.0037639 0.0028213 0.0037639 0.0028213 0.0084984 0.0925026 0.0084984 0.0028204 0.0009393 0.0189047 0.0056887 0.0000000 0.0058079 0.0636533 0.0114845 
GCA045679555_Iceland_A_alpinus 0.0296816 0.0077515 0.0067784 0.0077515 0.0067784 0.0126411 0.0838553 0.0126411 0.0067763 0.0048350 0.0291848 0.0087828 0.0058079 0.0000000 0.0708007 0.0161775 
GCF013265735_Rainbow_Trout     0.0926782 0.0660399 0.0648322 0.0660399 0.0648322 0.0672666 0.1994860 0.0672666 0.0648053 0.0624174 0.0868769 0.0636640 0.0636533 0.0708007 0.0000000 0.0774227 
GCF029448725_Brook_Trout       0.0376992 0.0135851 0.0125319 0.0135851 0.0125319 0.0156965 0.1087673 0.0156965 0.0125275 0.0104287 0.0347908 0.0126151 0.0114845 0.0161775 0.0774227 0.0000000 
