19
251140_Ward_Creek              0.0000000 0.0047437 0.0023668 0.0023691 0.0023668 0.0023668 0.0000010 0.0143266 1.9402340 0.0143266 0.0071239 0.0047437 0.0178900 0.0047437 0.0047437 0.0047437 0.1427605 0.1011105 0.0143407 
260512_Pybus_Point             0.0047437 0.0000000 0.0023691 0.0023668 0.0023691 0.0023691 0.0047437 0.0191678 2.0025407 0.0191678 0.0119129 0.0095191 0.0230847 0.0095191 0.0095191 0.0095191 0.1486257 0.1068449 0.0191867 
261935_Kenai_River             0.0023668 0.0023691 0.0000000 0.0047437 0.0000010 0.0000010 0.0023668 0.0167352 1.9402340 0.0167352 0.0095098 0.0071239 0.0204718 0.0071239 0.0071239 0.0071239 0.1456064 0.1039143 0.0167517 
353213_Cropley_Lake            0.0023691 0.0023668 0.0047437 0.0000000 0.0047437 0.0047437 0.0023691 0.0167517 2.0025407 0.0167517 0.0095191 0.0071309 0.0204935 0.0071309 0.0071309 0.0071309 0.1457682 0.1040298 0.0167673 
353219_Peterson_Creek          0.0023668 0.0023691 0.0000010 0.0047437 0.0000000 0.0000010 0.0023668 0.0167352 1.9402340 0.0167352 0.0095098 0.0071239 0.0204718 0.0071239 0.0071239 0.0071239 0.1456064 0.1039143 0.0167517 
353220_Fish_Creek              0.0023668 0.0023691 0.0000010 0.0047437 0.0000010 0.0000000 0.0023668 0.0167352 1.9402340 0.0167352 0.0095098 0.0071239 0.0204718 0.0071239 0.0071239 0.0071239 0.1456064 0.1039143 0.0167517 
353246_Cottonwood_Creek        0.0000010 0.0047437 0.0023668 0.0023691 0.0023668 0.0023668 0.0000000 0.0143266 1.9402340 0.0143266 0.0071239 0.0047437 0.0178900 0.0047437 0.0047437 0.0047437 0.1427605 0.1011105 0.0143407 
353379_Skagit_River            0.0143266 0.0191678 0.0167352 0.0167517 0.0167352 0.0167352 0.0143266 0.0000000 1.7644354 0.0000010 0.0167187 0.0141113 0.0125410 0.0141113 0.0141113 0.0141113 0.1462907 0.1107170 0.0046770 
353381_Dungeness_River         1.9402340 2.0025407 1.9402340 2.0025407 1.9402340 1.9402340 1.9402340 1.7644354 0.0000000 1.7644354 1.9523585 1.7336686 3.0555452 1.7033960 1.7336686 1.7336686 1.1134663 1.0016054 1.7644354 
353401_Peace_River             0.0143266 0.0191678 0.0167352 0.0167517 0.0167352 0.0167352 0.0143266 0.0000010 1.7644354 0.0000000 0.0167187 0.0141113 0.0125410 0.0141113 0.0141113 0.0141113 0.1462907 0.1107170 0.0046770 
353407_Noatok                  0.0071239 0.0119129 0.0095098 0.0095191 0.0095098 0.0095098 0.0071239 0.0167187 1.9523585 0.0167187 0.0000000 0.0023668 0.0204502 0.0071170 0.0023668 0.0023668 0.1454449 0.1037991 0.0167352 
353410_Horizon_Lake            0.0047437 0.0095191 0.0071239 0.0071309 0.0071239 0.0071239 0.0047437 0.0141113 1.7336686 0.0141113 0.0023668 0.0000000 0.0176014 0.0046725 0.0046725 0.0046725 0.1403735 0.0994113 0.0141250 
92319_Little_Lost              0.0178900 0.0230847 0.0204718 0.0204935 0.0204718 0.0204718 0.0178900 0.0125410 3.0555452 0.0125410 0.0204502 0.0176014 0.0000000 0.0176014 0.0176014 0.0176014 0.1604712 0.1222342 0.0074981 
GCA016432855_Lake_Trout        0.0047437 0.0095191 0.0071239 0.0071309 0.0071239 0.0071239 0.0047437 0.0141113 1.7033960 0.0141113 0.0071170 0.0046725 0.0176014 0.0000000 0.0046725 0.0046725 0.1403735 0.0994113 0.0141250 
GCA036784925_Maine_S_alpinus   0.0047437 0.0095191 0.0071239 0.0071309 0.0071239 0.0071239 0.0047437 0.0141113 1.7336686 0.0141113 0.0023668 0.0046725 0.0176014 0.0046725 0.0000000 0.0000010 0.1403735 0.0994113 0.0141250 
GCA045679555_Iceland_A_alpinus 0.0047437 0.0095191 0.0071239 0.0071309 0.0071239 0.0071239 0.0047437 0.0141113 1.7336686 0.0141113 0.0023668 0.0046725 0.0176014 0.0046725 0.0000010 0.0000000 0.1403735 0.0994113 0.0141250 
GCF013265735_Rainbow_Trout     0.1427605 0.1486257 0.1456064 0.1457682 0.1456064 0.1456064 0.1427605 0.1462907 1.1134663 0.1462907 0.1454449 0.1403735 0.1604712 0.1403735 0.1403735 0.1403735 0.0000000 0.0710604 0.1464511 
GCF029448725_Brook_Trout       0.1011105 0.1068449 0.1039143 0.1040298 0.1039143 0.1039143 0.1011105 0.1107170 1.0016054 0.1107170 0.1037991 0.0994113 0.1222342 0.0994113 0.0994113 0.0994113 0.0710604 0.0000000 0.1108389 
Methow_River_99895             0.0143407 0.0191867 0.0167517 0.0167673 0.0167517 0.0167517 0.0143407 0.0046770 1.7644354 0.0046770 0.0167352 0.0141250 0.0074981 0.0141250 0.0141250 0.0141250 0.1464511 0.1108389 0.0000000 
