14
251140_Ward_Creek              0.0000000 0.0000010 0.0099610 3.8747078 0.0276609 3.4524578 0.1425653 0.0961541 3.4524578 2.5047538 4.2069194 0.0968411 1.1261137 3.6333772 
260512_Pybus_Point             0.0000010 0.0000000 0.0099610 3.8747078 0.0276609 3.4524578 0.1425653 0.0961541 3.4524578 2.5047538 4.2069194 0.0968411 1.1261137 3.6333772 
261935_Kenai_River             0.0099610 0.0099610 0.0000000 4.1081691 0.0420546 3.6216288 0.1552557 0.1079911 3.6216288 2.5898714 4.4896589 0.1087734 1.1700065 3.7976128 
353379_Skagit_River            3.8747078 3.8747078 4.1081691 0.0000000 8.9999986 0.0408668 2.6583452 2.8410900 0.0408668 0.3101716 8.6057697 2.8100146 3.7222775 0.2714740 
353381_Dungeness_River         0.0276609 0.0276609 0.0420546 8.9999986 0.0000000 8.9999989 0.2403474 0.1712067 8.9999989 4.0316568 8.9867595 0.1844446 1.9726162 7.6242014 
353401_Peace_River             3.4524578 3.4524578 3.6216288 0.0408668 8.9999989 0.0000000 2.4531325 2.5976534 0.0000010 0.2473565 8.9999986 2.5742592 3.5429534 0.2132336 
353407_Noatok                  0.1425653 0.1425653 0.1552557 2.6583452 0.2403474 2.4531325 0.0000000 0.0401668 2.4531325 3.0388730 2.9146779 0.0401668 0.8352554 2.6242290 
353410_Horizon_Lake            0.0961541 0.0961541 0.1079911 2.8410900 0.1712067 2.5976534 0.0401668 0.0000000 2.5976534 3.3290217 2.9309742 0.0000010 0.8187278 2.7855779 
92319_Little_Lost              3.4524578 3.4524578 3.6216288 0.0408668 8.9999989 0.0000010 2.4531325 2.5976534 0.0000000 0.2473565 8.9999986 2.5742592 3.5429534 0.2132336 
GCA016432855_Lake_Trout        2.5047538 2.5047538 2.5898714 0.3101716 4.0316568 0.2473565 3.0388730 3.3290217 0.2473565 0.0000000 8.9999990 3.1879454 3.8347250 0.2473183 
GCA036784925_Maine_S_alpinus   4.2069194 4.2069194 4.4896589 8.6057697 8.9867595 8.9999986 2.9146779 2.9309742 8.9999986 8.9999990 0.0000000 2.8009014 3.5686583 8.8258519 
GCA045679555_Iceland_A_alpinus 0.0968411 0.0968411 0.1087734 2.8100146 0.1844446 2.5742592 0.0401668 0.0000010 2.5742592 3.1879454 2.8009014 0.0000000 0.7906823 2.6910080 
GCF013265735_Rainbow_Trout     1.1261137 1.1261137 1.1700065 3.7222775 1.9726162 3.5429534 0.8352554 0.8187278 3.5429534 3.8347250 3.5686583 0.7906823 0.0000000 3.5562489 
GCF029448725_Brook_Trout       3.6333772 3.6333772 3.7976128 0.2714740 7.6242014 0.2132336 2.6242290 2.7855779 0.2132336 0.2473183 8.8258519 2.6910080 3.5562489 0.0000000 
