11
251140_Ward_Creek            0.0000000 0.0194417 0.0000010 0.0000010 0.0194417 0.0194417 0.0194417 0.0514526 0.0194417 0.4575303 0.1031101 
260512_Pybus_Point           0.0194417 0.0000000 0.0274450 0.0194417 0.0000010 0.0393150 0.0393150 0.0783188 0.0393150 0.4922671 0.1252051 
261935_Kenai_River           0.0000010 0.0274450 0.0000000 0.0000010 0.0274450 0.0274450 0.0274450 0.0409232 0.0274450 0.7759484 0.1493362 
353213_Cropley_Lake          0.0000010 0.0194417 0.0000010 0.0000000 0.0194417 0.0194417 0.0194417 0.0514526 0.0194417 0.4575303 0.1031101 
353219_Peterson_Creek        0.0194417 0.0000010 0.0274450 0.0194417 0.0000000 0.0393150 0.0393150 0.0783188 0.0393150 0.4922671 0.1252051 
353379_Skagit_River          0.0194417 0.0393150 0.0274450 0.0194417 0.0393150 0.0000000 0.0000010 0.0783188 0.0393150 0.4922671 0.1252051 
353401_Peace_River           0.0194417 0.0393150 0.0274450 0.0194417 0.0393150 0.0000010 0.0000000 0.0783188 0.0393150 0.4922671 0.1252051 
GCA016432855_Lake_Trout      0.0514526 0.0783188 0.0409232 0.0514526 0.0783188 0.0783188 0.0783188 0.0000000 0.0783188 0.6809989 0.1980679 
GCA036784925_Maine_S_alpinus 0.0194417 0.0393150 0.0274450 0.0194417 0.0393150 0.0393150 0.0393150 0.0783188 0.0000000 0.4922671 0.1252051 
GCF013265735_Rainbow_Trout   0.4575303 0.4922671 0.7759484 0.4575303 0.4922671 0.4922671 0.4922671 0.6809989 0.4922671 0.0000000 0.6578817 
GCF029448725_Brook_Trout     0.1031101 0.1252051 0.1493362 0.1031101 0.1252051 0.1252051 0.1252051 0.1980679 0.1252051 0.6578817 0.0000000 
