20
251140_Ward_Creek              0.0000000 0.0905008 0.0400175 0.1238216 0.0956319 0.0985022 0.1934244 0.3548031 0.1906890 0.2498917 0.0852325 0.2184408 0.2126881 0.2075977 0.2480178 0.2251186 0.2416660 1.6310363 0.3042405 0.2190878 
260512_Pybus_Point             0.0905008 0.0000000 0.1508471 0.0268400 0.0000010 0.0000010 0.0786476 0.1709527 0.0128457 0.1118581 0.1859985 0.0815133 0.0986780 0.0910474 0.1227755 0.1046277 0.1179861 1.2889100 0.1839590 0.1000196 
261935_Kenai_River             0.0400175 0.1508471 0.0000000 0.1795945 0.1605786 0.1501945 0.1781635 0.3774005 0.2737702 0.2831709 0.0562551 0.2373020 0.2533210 0.2352942 0.2815348 0.2274392 0.2394567 1.8474835 0.3485932 0.2492636 
353213_Cropley_Lake            0.1238216 0.0268400 0.1795945 0.0000000 0.0280872 0.0288305 0.0860812 0.1429830 0.0325336 0.0991645 0.1876841 0.1183885 0.0882717 0.0817455 0.0881840 0.0808415 0.0957972 1.0770595 0.1460535 0.0897395 
353219_Peterson_Creek          0.0956319 0.0000010 0.1605786 0.0280872 0.0000000 0.0000010 0.0829171 0.1835983 0.0127772 0.1187441 0.1974979 0.0815133 0.1042391 0.0959870 0.1296095 0.1103768 0.1245184 1.3621673 0.1893788 0.1054891 
353220_Fish_Creek              0.0985022 0.0000010 0.1501945 0.0288305 0.0000010 0.0000000 0.0853010 0.1709527 0.0127870 0.1226119 0.2038972 0.0896040 0.1073449 0.0987402 0.1334101 0.1135786 0.1281518 1.4396224 0.2004662 0.1085358 
353246_Cottonwood_Creek        0.1934244 0.0786476 0.1781635 0.0860812 0.0829171 0.0853010 0.0000000 0.1550161 0.1016305 0.0981393 0.0841809 0.0511563 0.0860085 0.0788009 0.0941846 0.0605742 0.0723854 1.2330318 0.1498797 0.0877136 
353379_Skagit_River            0.3548031 0.1709527 0.3774005 0.1429830 0.1835983 0.1709527 0.1550161 0.0000000 0.2412184 0.0769433 0.3191181 0.1689012 0.0704788 0.0632305 0.1274606 0.1281563 0.1490698 1.4933332 0.2078367 0.0680632 
353381_Dungeness_River         0.1906890 0.0128457 0.2737702 0.0325336 0.0127772 0.0127870 0.1016305 0.2412184 0.0000000 0.1451588 0.3172508 0.1119468 0.1164436 0.1018972 0.1263194 0.1162332 0.1397414 1.1196872 0.2558691 0.1179350 
353401_Peace_River             0.2498917 0.1118581 0.2831709 0.0991645 0.1187441 0.1226119 0.0981393 0.0769433 0.1451588 0.0000000 0.2241620 0.0935955 0.0106040 0.0077667 0.0774416 0.1556816 0.1594247 1.1915367 0.1442670 0.0000010 
353407_Noatok                  0.0852325 0.1859985 0.0562551 0.1876841 0.1974979 0.2038972 0.0841809 0.3191181 0.3172508 0.2241620 0.0000000 0.1697983 0.1990135 0.1864344 0.1969888 0.1556267 0.1694106 1.5030485 0.2457108 0.1973773 
353410_Horizon_Lake            0.2184408 0.0815133 0.2373020 0.1183885 0.0815133 0.0896040 0.0511563 0.1689012 0.1119468 0.0935955 0.1697983 0.0000000 0.0799302 0.0718563 0.1184452 0.0367828 0.0509691 1.5146320 0.1843057 0.0821016 
92319_Little_Lost              0.2126881 0.0986780 0.2533210 0.0882717 0.1042391 0.1073449 0.0860085 0.0704788 0.1164436 0.0106040 0.1990135 0.0799302 0.0000000 0.0036231 0.0682141 0.1426984 0.1423206 1.0622403 0.1298089 0.0109343 
94280_St_Joe                   0.2075977 0.0910474 0.2352942 0.0817455 0.0959870 0.0987402 0.0788009 0.0632305 0.1018972 0.0077667 0.1864344 0.0718563 0.0036231 0.0000000 0.0623957 0.0626433 0.0781565 1.0145635 0.1217847 0.0070678 
GCA016432855_Lake_Trout        0.2480178 0.1227755 0.2815348 0.0881840 0.1296095 0.1334101 0.0941846 0.1274606 0.1263194 0.0774416 0.1969888 0.1184452 0.0682141 0.0623957 0.0000000 0.0691975 0.0831025 1.0337504 0.1112231 0.0701688 
GCA036784925_Maine_S_alpinus   0.2251186 0.1046277 0.2274392 0.0808415 0.1103768 0.1135786 0.0605742 0.1281563 0.1162332 0.1556816 0.1556267 0.0367828 0.1426984 0.0626433 0.0691975 0.0000000 0.0426977 1.0454444 0.1228131 0.0704512 
GCA045679555_Iceland_A_alpinus 0.2416660 0.1179861 0.2394567 0.0957972 0.1245184 0.1281518 0.0723854 0.1490698 0.1397414 0.1594247 0.1694106 0.0509691 0.1423206 0.0781565 0.0831025 0.0426977 0.0000000 1.0796706 0.1377026 0.0861433 
GCF013265735_Rainbow_Trout     1.6310363 1.2889100 1.8474835 1.0770595 1.3621673 1.4396224 1.2330318 1.4933332 1.1196872 1.1915367 1.5030485 1.5146320 1.0622403 1.0145635 1.0337504 1.0454444 1.0796706 0.0000000 1.1563074 1.0372717 
GCF029448725_Brook_Trout       0.3042405 0.1839590 0.3485932 0.1460535 0.1893788 0.2004662 0.1498797 0.2078367 0.2558691 0.1442670 0.2457108 0.1843057 0.1298089 0.1217847 0.1112231 0.1228131 0.1377026 1.1563074 0.0000000 0.1302387 
Methow_River_99895             0.2190878 0.1000196 0.2492636 0.0897395 0.1054891 0.1085358 0.0877136 0.0680632 0.1179350 0.0000010 0.1973773 0.0821016 0.0109343 0.0070678 0.0701688 0.0704512 0.0861433 1.0372717 0.1302387 0.0000000 
