13
251140_Ward_Creek            0.0000000 0.0000010 0.0334676 0.0185783 0.0045974 0.0046100 0.0045974 0.0046620 0.0045974 0.0139379 0.0045974 0.0759540 0.0186295 
260512_Pybus_Point           0.0000010 0.0000000 0.0334676 0.0185783 0.0045974 0.0046100 0.0045974 0.0046620 0.0045974 0.0139379 0.0045974 0.0759540 0.0186295 
353246_Cottonwood_Creek      0.0334676 0.0334676 0.0000000 0.1843682 0.0681508 0.0000010 0.0334676 0.0759154 0.0681508 0.0681508 0.0334676 0.7934570 0.1041245 
353379_Skagit_River          0.0185783 0.0185783 0.1843682 0.0000000 0.0138997 0.0233440 0.0232795 0.0140957 0.0138997 0.0329359 0.0232795 0.0975623 0.0377350 
353401_Peace_River           0.0045974 0.0045974 0.0681508 0.0138997 0.0000000 0.0092439 0.0092188 0.0000010 0.0000010 0.0186295 0.0092188 0.0812374 0.0233440 
353407_Noatok                0.0046100 0.0046100 0.0000010 0.0233440 0.0092439 0.0000000 0.0092439 0.0093739 0.0092439 0.0092439 0.0092439 0.0704860 0.0138997 
353410_Horizon_Lake          0.0045974 0.0045974 0.0334676 0.0232795 0.0092188 0.0092439 0.0000000 0.0093480 0.0092188 0.0186295 0.0000010 0.0812374 0.0233440 
92319_Little_Lost            0.0046620 0.0046620 0.0759154 0.0140957 0.0000010 0.0093739 0.0093480 0.0000000 0.0000010 0.0188935 0.0093480 0.0824946 0.0236758 
94280_St_Joe                 0.0045974 0.0045974 0.0681508 0.0138997 0.0000010 0.0092439 0.0092188 0.0000010 0.0000000 0.0186295 0.0092188 0.0812374 0.0233440 
GCA016432855_Lake_Trout      0.0139379 0.0139379 0.0681508 0.0329359 0.0186295 0.0092439 0.0186295 0.0188935 0.0186295 0.0000000 0.0186295 0.0812374 0.0233440 
GCA036784925_Maine_S_alpinus 0.0045974 0.0045974 0.0334676 0.0232795 0.0092188 0.0092439 0.0000010 0.0093480 0.0092188 0.0186295 0.0000000 0.0812374 0.0233440 
GCF013265735_Rainbow_Trout   0.0759540 0.0759540 0.7934570 0.0975623 0.0812374 0.0704860 0.0812374 0.0824946 0.0812374 0.0812374 0.0812374 0.0000000 0.0865496 
GCF029448725_Brook_Trout     0.0186295 0.0186295 0.1041245 0.0377350 0.0233440 0.0138997 0.0233440 0.0236758 0.0233440 0.0233440 0.0233440 0.0865496 0.0000000 
