16
251140_Ward_Creek            0.0000000 0.0203286 0.0101108 0.0203884 0.0152062 0.0000010 0.0413404 0.0360749 0.0360749 0.0203286 0.0255538 0.2095027 0.0308381 0.0203286 0.0968256 0.0509790 
260512_Pybus_Point           0.0203286 0.0000000 0.0100522 0.0307467 0.0151179 0.0203286 0.0410942 0.0358608 0.0358608 0.0306559 0.0359676 0.2610914 0.0306559 0.0306559 0.0962181 0.0506044 
261935_Kenai_River           0.0101108 0.0100522 0.0000000 0.0203884 0.0050130 0.0101108 0.0306559 0.0254785 0.0254785 0.0203286 0.0255538 0.1482110 0.0203286 0.0203286 0.0850452 0.0377030 
353213_Cropley_Lake          0.0203884 0.0307467 0.0203884 0.0000000 0.0255538 0.0203884 0.0412169 0.0254038 0.0254038 0.0100814 0.0152062 0.1439844 0.0202691 0.0100814 0.0847814 0.0375663 
353219_Peterson_Creek        0.0152062 0.0151179 0.0050130 0.0255538 0.0000000 0.0152062 0.0358608 0.0306559 0.0306559 0.0254785 0.0307467 0.2030741 0.0254785 0.0254785 0.0906161 0.0441323 
353220_Fish_Creek            0.0000010 0.0203286 0.0101108 0.0203884 0.0152062 0.0000000 0.0413404 0.0360749 0.0360749 0.0203286 0.0255538 0.2095027 0.0308381 0.0203286 0.0968256 0.0509790 
353246_Cottonwood_Creek      0.0413404 0.0410942 0.0306559 0.0412169 0.0358608 0.0413404 0.0000000 0.0358608 0.0358608 0.0410942 0.0464947 0.2610914 0.0306559 0.0410942 0.0962181 0.0506044 
353379_Skagit_River          0.0360749 0.0358608 0.0254785 0.0254038 0.0306559 0.0360749 0.0358608 0.0000000 0.0000010 0.0254785 0.0307467 0.0000010 0.0151179 0.0254785 0.0790171 0.0310908 
353401_Peace_River           0.0360749 0.0358608 0.0254785 0.0254038 0.0306559 0.0360749 0.0358608 0.0000010 0.0000000 0.0254785 0.0307467 0.0000010 0.0151179 0.0254785 0.0790171 0.0310908 
353407_Noatok                0.0203286 0.0306559 0.0203286 0.0100814 0.0254785 0.0203286 0.0410942 0.0254785 0.0254785 0.0000000 0.0050275 0.2030741 0.0306559 0.0000010 0.0962181 0.0506044 
353410_Horizon_Lake          0.0255538 0.0359676 0.0255538 0.0152062 0.0307467 0.0255538 0.0464947 0.0307467 0.0307467 0.0050275 0.0000000 0.2697459 0.0359676 0.0050275 0.1021734 0.0573308 
92319_Little_Lost            0.2095027 0.2610914 0.1482110 0.1439844 0.2030741 0.2095027 0.2610914 0.0000010 0.0000010 0.2030741 0.2697459 0.0000000 0.0444858 0.2030741 0.3746024 0.1439844 
GCA016432855_Lake_Trout      0.0308381 0.0306559 0.0203286 0.0202691 0.0254785 0.0308381 0.0306559 0.0151179 0.0151179 0.0306559 0.0359676 0.0444858 0.0000000 0.0306559 0.0735451 0.0123164 
GCA036784925_Maine_S_alpinus 0.0203286 0.0306559 0.0203286 0.0100814 0.0254785 0.0203286 0.0410942 0.0254785 0.0254785 0.0000010 0.0050275 0.2030741 0.0306559 0.0000000 0.0962181 0.0506044 
GCF013265735_Rainbow_Trout   0.0968256 0.0962181 0.0850452 0.0847814 0.0906161 0.0968256 0.0962181 0.0790171 0.0790171 0.0962181 0.1021734 0.3746024 0.0735451 0.0962181 0.0000000 0.0903639 
GCF029448725_Brook_Trout     0.0509790 0.0506044 0.0377030 0.0375663 0.0441323 0.0509790 0.0506044 0.0310908 0.0310908 0.0506044 0.0573308 0.1439844 0.0123164 0.0506044 0.0903639 0.0000000 
