7
251140_Ward_Creek          0.0000000 0.0000010 0.0365926 0.0365926 0.1156130 9.0000000 0.1156130 
260512_Pybus_Point         0.0000010 0.0000000 0.0365926 0.0365926 0.1156130 9.0000000 0.1156130 
353379_Skagit_River        0.0365926 0.0365926 0.0000000 0.0000010 0.1584818 9.0000000 0.1584818 
353401_Peace_River         0.0365926 0.0365926 0.0000010 0.0000000 0.1584818 9.0000000 0.1584818 
GCA016432855_Lake_Trout    0.1156130 0.1156130 0.1584818 0.1584818 0.0000000 9.0000000 0.1584818 
GCF013265735_Rainbow_Trout 9.0000000 9.0000000 9.0000000 9.0000000 9.0000000 0.0000000 9.0000000 
GCF029448725_Brook_Trout   0.1156130 0.1156130 0.1584818 0.1584818 0.1584818 9.0000000 0.0000000 
