14
251140_Ward_Creek            0.0000000 0.0000010 0.2810116 0.0000010 0.2601539 0.0827176 0.0319623 0.2601539 0.3067395 0.3783763 0.0319623 1.1168582 0.1969514 0.2810116 
260512_Pybus_Point           0.0000010 0.0000000 0.2810116 0.0000010 0.2601539 0.0827176 0.0319623 0.2601539 0.3067395 0.3783763 0.0319623 1.1168582 0.1969514 0.2810116 
353379_Skagit_River          0.2810116 0.2810116 0.0000000 1.8365143 0.0156612 0.3022973 0.2363022 0.0156612 0.0158638 0.4460092 0.2363022 1.2135816 0.3366184 0.0000010 
353381_Dungeness_River       0.0000010 0.0000010 1.8365143 0.0000000 1.8365143 0.4987411 0.1006990 1.8365143 1.8933490 1.1789915 0.1006990 3.0220699 1.4142461 1.8365143 
353401_Peace_River           0.2601539 0.2601539 0.0156612 1.8365143 0.0000000 0.2811670 0.2163685 0.0000010 0.0319706 0.4211677 0.2163685 1.1974969 0.3157462 0.0156612 
353407_Noatok                0.0827176 0.0827176 0.3022973 0.4987411 0.2811670 0.0000000 0.0483497 0.2811670 0.3286342 0.4035360 0.0483497 1.1388383 0.2167621 0.3022973 
353410_Horizon_Lake          0.0319623 0.0319623 0.2363022 0.1006990 0.2163685 0.0483497 0.0000000 0.2163685 0.2603022 0.3239980 0.0000010 1.0317897 0.1565352 0.2363022 
92319_Little_Lost            0.2601539 0.2601539 0.0156612 1.8365143 0.0000010 0.2811670 0.2163685 0.0000000 0.0319706 0.4211677 0.2163685 1.1974969 0.3157462 0.0156612 
94280_St_Joe                 0.3067395 0.3067395 0.0158638 1.8933490 0.0319706 0.3286342 0.2603022 0.0319706 0.0000000 0.4792180 0.2603022 1.2310924 0.3629984 0.0158638 
GCA016432855_Lake_Trout      0.3783763 0.3783763 0.4460092 1.1789915 0.4211677 0.4035360 0.3239980 0.4211677 0.4792180 0.0000000 0.3239980 1.3759773 0.2499590 0.4460092 
GCA036784925_Maine_S_alpinus 0.0319623 0.0319623 0.2363022 0.1006990 0.2163685 0.0483497 0.0000010 0.2163685 0.2603022 0.3239980 0.0000000 1.0317897 0.1565352 0.2363022 
GCF013265735_Rainbow_Trout   1.1168582 1.1168582 1.2135816 3.0220699 1.1974969 1.1388383 1.0317897 1.1974969 1.2310924 1.3759773 1.0317897 0.0000000 0.9941166 1.2135816 
GCF029448725_Brook_Trout     0.1969514 0.1969514 0.3366184 1.4142461 0.3157462 0.2167621 0.1565352 0.3157462 0.3629984 0.2499590 0.1565352 0.9941166 0.0000000 0.3366184 
Methow_River_99895           0.2810116 0.2810116 0.0000010 1.8365143 0.0156612 0.3022973 0.2363022 0.0156612 0.0158638 0.4460092 0.2363022 1.2135816 0.3366184 0.0000000 
