12
251140_Ward_Creek          0.0000000 0.0000010 0.0000010 0.0059761 0.0120001 0.0000010 0.0120001 0.0059761 0.0180732 0.0241956 0.1322094 0.0303679 
260512_Pybus_Point         0.0000010 0.0000000 0.0000010 0.0059761 0.0120001 0.0000010 0.0120001 0.0059761 0.0180732 0.0241956 0.1322094 0.0303679 
353219_Peterson_Creek      0.0000010 0.0000010 0.0000000 0.0283052 0.0577206 0.0000010 0.0577206 0.0283052 0.0883373 0.1202570 0.4408400 0.1535958 
353246_Cottonwood_Creek    0.0059761 0.0059761 0.0283052 0.0000000 0.0059761 0.0577208 0.0059761 0.0000010 0.0120001 0.0180732 0.1250151 0.0241956 
353379_Skagit_River        0.0120001 0.0120001 0.0577206 0.0059761 0.0000000 0.1202570 0.0000010 0.0059761 0.0059761 0.0120001 0.1178892 0.0180732 
353381_Dungeness_River     0.0000010 0.0000010 0.0000010 0.0577208 0.1202570 0.0000000 0.1202570 0.0577208 0.1884858 0.2635484 1.6479184 0.3469676 
353401_Peace_River         0.0120001 0.0120001 0.0577206 0.0059761 0.0000010 0.1202570 0.0000000 0.0059761 0.0059761 0.0120001 0.1178892 0.0180732 
353407_Noatok              0.0059761 0.0059761 0.0283052 0.0000010 0.0059761 0.0577208 0.0059761 0.0000000 0.0120001 0.0180732 0.1250151 0.0241956 
353410_Horizon_Lake        0.0180732 0.0180732 0.0883373 0.0120001 0.0059761 0.1884858 0.0059761 0.0120001 0.0000000 0.0180732 0.1250151 0.0241956 
GCA016432855_Lake_Trout    0.0241956 0.0241956 0.1202570 0.0180732 0.0120001 0.2635484 0.0120001 0.0180732 0.0180732 0.0000000 0.1322094 0.0303679 
GCF013265735_Rainbow_Trout 0.1322094 0.1322094 0.4408400 0.1250151 0.1178892 1.6479184 0.1178892 0.1250151 0.1250151 0.1322094 0.0000000 0.1394734 
GCF029448725_Brook_Trout   0.0303679 0.0303679 0.1535958 0.0241956 0.0180732 0.3469676 0.0180732 0.0241956 0.0241956 0.0303679 0.1394734 0.0000000 
