15
251140_Ward_Creek              0.0000000 0.1872776 0.0000010 0.0070424 0.0070424 0.0000010 0.0358976 0.0358976 0.0433245 0.0070576 0.0286400 0.0213172 0.0141682 6.0887973 0.0540379 
260512_Pybus_Point             0.1872776 0.0000000 0.1872776 0.1778615 0.1778615 0.1794274 0.2367511 0.2367511 0.2473057 0.1971671 0.2271475 0.2162152 0.2067801 0.3883794 0.2549614 
261935_Kenai_River             0.0000010 0.1872776 0.0000000 0.0070424 0.0070424 0.0000010 0.0358976 0.0358976 0.0433245 0.0070576 0.0286400 0.0213172 0.0141682 6.0887973 0.0540379 
353213_Cropley_Lake            0.0070424 0.1778615 0.0070424 0.0000000 0.0000010 0.0000010 0.0432276 0.0432276 0.0507231 0.0141631 0.0359245 0.0285205 0.0213250 6.3166426 0.0619913 
353219_Peterson_Creek          0.0070424 0.1778615 0.0070424 0.0000010 0.0000000 0.0000010 0.0432276 0.0432276 0.0507231 0.0141631 0.0359245 0.0285205 0.0213250 6.3166426 0.0619913 
353246_Cottonwood_Creek        0.0000010 0.1794274 0.0000010 0.0000010 0.0000010 0.0000000 0.0361445 0.0361445 0.0436240 0.0071054 0.0288365 0.0214624 0.0142644 6.7666857 0.0544373 
353379_Skagit_River            0.0358976 0.2367511 0.0358976 0.0432276 0.0432276 0.0361445 0.0000000 0.0000010 0.0657522 0.0285498 0.0359161 0.0431224 0.0358243 5.8385716 0.0619740 
353401_Peace_River             0.0358976 0.2367511 0.0358976 0.0432276 0.0432276 0.0361445 0.0000010 0.0000000 0.0657522 0.0285498 0.0359161 0.0431224 0.0358243 5.8385716 0.0619740 
353407_Noatok                  0.0433245 0.2473057 0.0433245 0.0507231 0.0507231 0.0436240 0.0657522 0.0657522 0.0000000 0.0358906 0.0582826 0.0505996 0.0432355 8.4079275 0.0865338 
353410_Horizon_Lake            0.0070576 0.1971671 0.0070576 0.0141631 0.0141631 0.0071054 0.0285498 0.0285498 0.0358906 0.0000000 0.0213548 0.0141297 0.0070435 4.6705490 0.0460246 
GCA016432855_Lake_Trout        0.0286400 0.2271475 0.0286400 0.0359245 0.0359245 0.0288365 0.0359161 0.0359161 0.0582826 0.0213548 0.0000000 0.0358376 0.0285817 5.4002983 0.0540667 
GCA036784925_Maine_S_alpinus   0.0213172 0.2162152 0.0213172 0.0285205 0.0285205 0.0214624 0.0431224 0.0431224 0.0505996 0.0141297 0.0358376 0.0000000 0.0212742 5.1186022 0.0618279 
GCA045679555_Iceland_A_alpinus 0.0141682 0.2067801 0.0141682 0.0213250 0.0213250 0.0142644 0.0358243 0.0358243 0.0432355 0.0070435 0.0285817 0.0212742 0.0000000 5.1286240 0.0539192 
GCF013265735_Rainbow_Trout     6.0887973 0.3883794 6.0887973 6.3166426 6.3166426 6.7666857 5.8385716 5.8385716 8.4079275 4.6705490 5.4002983 5.1186022 5.1286240 0.0000000 9.0000000 
GCF029448725_Brook_Trout       0.0540379 0.2549614 0.0540379 0.0619913 0.0619913 0.0544373 0.0619740 0.0619740 0.0865338 0.0460246 0.0540667 0.0618279 0.0539192 9.0000000 0.0000000 
