11
251140_Ward_Creek              0.0000000 0.0000010 8.9999986 8.9999985 8.9999985 8.9999986 8.9999984 8.9999984 8.9999984 8.9999989 8.9999985 
260512_Pybus_Point             0.0000010 0.0000000 8.9999986 8.9999985 8.9999985 8.9999986 8.9999984 8.9999984 8.9999984 8.9999989 8.9999985 
261935_Kenai_River             8.9999986 8.9999986 0.0000000 8.9999989 8.9999989 0.0000010 8.9999984 8.9999984 8.9999989 9.0000000 8.9999989 
353379_Skagit_River            8.9999985 8.9999985 8.9999989 0.0000000 0.0000010 8.9999989 0.8515065 8.9999985 8.9999984 8.9999987 8.9999985 
353401_Peace_River             8.9999985 8.9999985 8.9999989 0.0000010 0.0000000 8.9999989 0.8515065 8.9999985 8.9999984 8.9999987 8.9999985 
353407_Noatok                  8.9999986 8.9999986 0.0000010 8.9999989 8.9999989 0.0000000 8.9999984 8.9999984 8.9999989 9.0000000 8.9999989 
GCA016432855_Lake_Trout        8.9999984 8.9999984 8.9999984 0.8515065 0.8515065 8.9999984 0.0000000 8.9999984 8.9999990 8.9999987 0.8657858 
GCA036784925_Maine_S_alpinus   8.9999984 8.9999984 8.9999984 8.9999985 8.9999985 8.9999984 8.9999984 0.0000000 0.8278301 8.9999984 8.9999981 
GCA045679555_Iceland_A_alpinus 8.9999984 8.9999984 8.9999989 8.9999984 8.9999984 8.9999989 8.9999990 0.8278301 0.0000000 8.9999989 8.9999983 
GCF013265735_Rainbow_Trout     8.9999989 8.9999989 9.0000000 8.9999987 8.9999987 9.0000000 8.9999987 8.9999984 8.9999989 0.0000000 8.9999984 
GCF029448725_Brook_Trout       8.9999985 8.9999985 8.9999989 8.9999985 8.9999985 8.9999989 0.8657858 8.9999981 8.9999983 8.9999984 0.0000000 
