16
251140_Ward_Creek            0.0000000 0.0050600 0.0953174 0.0050600 0.0787523 0.9037920 0.0787523 0.0101478 0.0415767 0.1172192 0.0787523 0.0790852 0.0101478 0.2946562 0.1022120 0.2328960 
260512_Pybus_Point           0.0050600 0.0000000 0.0884410 0.0000010 0.0731546 0.8699198 0.0731546 0.0050511 0.0362098 0.1080155 0.0731546 0.0734611 0.0050511 0.2865928 0.0963549 0.2256015 
261935_Kenai_River           0.0953174 0.0884410 0.0000000 0.0884410 0.1854139 0.5405257 0.1782163 0.0950916 0.1373625 0.3244480 0.1782163 0.1864875 0.0950916 0.5049653 0.2030676 0.4004103 
353213_Cropley_Lake          0.0050600 0.0000010 0.0884410 0.0000000 0.0731546 0.8699198 0.0731546 0.0050511 0.0362098 0.1080155 0.0731546 0.0734611 0.0050511 0.2865928 0.0963549 0.2256015 
353379_Skagit_River          0.0787523 0.0731546 0.1854139 0.0731546 0.0000000 1.1643664 0.0101280 0.0677496 0.1015099 0.0158802 0.0101280 0.0734583 0.0677496 0.2794800 0.0963505 0.1487414 
353381_Dungeness_River       0.9037920 0.8699198 0.5405257 0.8699198 1.1643664 0.0000000 1.1426190 0.8927319 1.0809985 4.0206428 1.1426190 1.2010635 0.8927319 2.2399031 1.3160106 2.4740318 
353401_Peace_River           0.0787523 0.0731546 0.1782163 0.0731546 0.0101280 1.1426190 0.0000000 0.0677496 0.1015099 0.0000010 0.0000010 0.0734583 0.0677496 0.2794800 0.0963505 0.1364961 
353407_Noatok                0.0101478 0.0050511 0.0950916 0.0050511 0.0677496 0.8927319 0.0677496 0.0000000 0.0309543 0.0992862 0.0677496 0.0680316 0.0000010 0.2794488 0.0907510 0.2189744 
353410_Horizon_Lake          0.0415767 0.0362098 0.1373625 0.0362098 0.1015099 1.0809985 0.1015099 0.0309543 0.0000000 0.1550626 0.1015099 0.0903099 0.0309543 0.2619368 0.1138569 0.2322040 
92319_Little_Lost            0.1172192 0.1080155 0.3244480 0.1080155 0.0158802 4.0206428 0.0000010 0.0992862 0.1550626 0.0000000 0.0000010 0.0999745 0.0992862 0.4599790 0.1376979 0.0163466 
94280_St_Joe                 0.0787523 0.0731546 0.1782163 0.0731546 0.0101280 1.1426190 0.0000010 0.0677496 0.1015099 0.0000010 0.0000000 0.0734583 0.0677496 0.2794800 0.0963505 0.1364961 
GCA016432855_Lake_Trout      0.0790852 0.0734611 0.1864875 0.0734611 0.0734583 1.2010635 0.0734583 0.0680316 0.0903099 0.0999745 0.0734583 0.0000000 0.0680316 0.2722528 0.0257354 0.2267920 
GCA036784925_Maine_S_alpinus 0.0101478 0.0050511 0.0950916 0.0050511 0.0677496 0.8927319 0.0677496 0.0000010 0.0309543 0.0992862 0.0677496 0.0680316 0.0000000 0.2794488 0.0907510 0.2189744 
GCF013265735_Rainbow_Trout   0.2946562 0.2865928 0.5049653 0.2865928 0.2794800 2.2399031 0.2794800 0.2794488 0.2619368 0.4599790 0.2794800 0.2722528 0.2794488 0.0000000 0.3120977 0.5032594 
GCF029448725_Brook_Trout     0.1022120 0.0963549 0.2030676 0.0963549 0.0963505 1.3160106 0.0963505 0.0907510 0.1138569 0.1376979 0.0963505 0.0257354 0.0907510 0.3120977 0.0000000 0.2569191 
Methow_River_99895           0.2328960 0.2256015 0.4004103 0.2256015 0.1487414 2.4740318 0.1364961 0.2189744 0.2322040 0.0163466 0.1364961 0.2267920 0.2189744 0.5032594 0.2569191 0.0000000 
