18
251140_Ward_Creek              0.0000000 0.0182883 0.2057328 0.2118292 0.0571430 0.0000010 0.0000010 0.3751747 0.0737346 0.3481051 0.2440624 0.1884444 0.3481051 0.2946947 0.1883331 0.1883331 1.7647046 0.5579626 
260512_Pybus_Point             0.0182883 0.0000000 0.2314167 0.2355246 0.0769485 0.0182883 0.0703961 0.4027232 0.1537198 0.3752863 0.2694065 0.2116738 0.3752863 0.3209809 0.2115487 0.2115487 1.7628829 0.5900896 
261935_Kenai_River             0.2057328 0.2314167 0.0000000 0.0604485 0.1334812 0.2057328 2.9410936 0.2242148 1.6419235 0.1996597 0.0398672 0.0814280 0.1996597 0.1516600 0.0813795 0.0813795 1.6916599 0.3771331 
353213_Cropley_Lake            0.2118292 0.2355246 0.0604485 0.0000000 0.1448235 0.2118292 0.9376378 0.2059667 0.6529598 0.1836128 0.0575726 0.0183468 0.1836128 0.1398060 0.0560678 0.0560678 1.6011625 0.3420289 
353219_Peterson_Creek          0.0571430 0.0769485 0.1334812 0.1448235 0.0000000 0.0571430 0.2468907 0.3504176 0.3658634 0.3237417 0.1728073 0.1672492 0.3237417 0.2711493 0.1671500 0.1671500 1.7960802 0.5275780 
353220_Fish_Creek              0.0000010 0.0182883 0.2057328 0.2118292 0.0571430 0.0000000 0.0000010 0.3751747 0.0737346 0.3481051 0.2440624 0.1884444 0.3481051 0.2946947 0.1883331 0.1883331 1.7647046 0.5579626 
353246_Cottonwood_Creek        0.0000010 0.0703961 2.9410936 0.9376378 0.2468907 0.0000010 0.0000000 2.0734972 0.0737346 2.1851259 2.9896476 0.7604965 2.1851259 2.1832748 0.9305120 0.9305120 3.4387002 2.7669631 
353379_Skagit_River            0.3751747 0.4027232 0.2242148 0.2059667 0.3504176 0.3751747 2.0734972 0.0000000 1.6373051 0.0183268 0.2366979 0.1834124 0.0183268 0.1395742 0.1833073 0.1833073 1.4781554 0.3414348 
353381_Dungeness_River         0.0737346 0.1537198 1.6419235 0.6529598 0.3658634 0.0737346 0.0737346 1.6373051 0.0000000 1.6161357 1.5204036 0.5170674 1.6161357 1.6183430 0.6486192 0.6486192 3.2400211 2.4366363 
353401_Peace_River             0.3481051 0.3752863 0.1996597 0.1836128 0.3237417 0.3481051 2.1851259 0.0183268 1.6161357 0.0000000 0.2129510 0.1614645 0.0000010 0.1184577 0.1613720 0.1613720 1.4693447 0.3154868 
353407_Noatok                  0.2440624 0.2694065 0.0398672 0.0575726 0.1728073 0.2440624 2.9896476 0.2366979 1.5204036 0.2129510 0.0000000 0.0775384 0.2129510 0.1664730 0.0774943 0.0774943 1.5965563 0.3850518 
353410_Horizon_Lake            0.1884444 0.2116738 0.0814280 0.0183468 0.1672492 0.1884444 0.7604965 0.1834124 0.5170674 0.1614645 0.0775384 0.0000000 0.1614645 0.1185254 0.0369935 0.0369935 1.5958629 0.3156760 
92319_Little_Lost              0.3481051 0.3752863 0.1996597 0.1836128 0.3237417 0.3481051 2.1851259 0.0183268 1.6161357 0.0000010 0.2129510 0.1614645 0.0000000 0.1184577 0.1613720 0.1613720 1.4693447 0.3154868 
GCA016432855_Lake_Trout        0.2946947 0.3209809 0.1516600 0.1398060 0.2711493 0.2946947 2.1832748 0.1395742 1.6183430 0.1184577 0.1664730 0.1185254 0.1184577 0.0000000 0.1184577 0.1184577 1.6104706 0.2152871 
GCA036784925_Maine_S_alpinus   0.1883331 0.2115487 0.0813795 0.0560678 0.1671500 0.1883331 0.9305120 0.1833073 0.6486192 0.1613720 0.0774943 0.0369935 0.1613720 0.1184577 0.0000000 0.0000010 1.5957850 0.3154868 
GCA045679555_Iceland_A_alpinus 0.1883331 0.2115487 0.0813795 0.0560678 0.1671500 0.1883331 0.9305120 0.1833073 0.6486192 0.1613720 0.0774943 0.0369935 0.1613720 0.1184577 0.0000010 0.0000000 1.5957850 0.3154868 
GCF013265735_Rainbow_Trout     1.7647046 1.7628829 1.6916599 1.6011625 1.7960802 1.7647046 3.4387002 1.4781554 3.2400211 1.4693447 1.5965563 1.5958629 1.4693447 1.6104706 1.5957850 1.5957850 0.0000000 1.8241707 
GCF029448725_Brook_Trout       0.5579626 0.5900896 0.3771331 0.3420289 0.5275780 0.5579626 2.7669631 0.3414348 2.4366363 0.3154868 0.3850518 0.3156760 0.3154868 0.2152871 0.3154868 0.3154868 1.8241707 0.0000000 
