16
251140_Ward_Creek              0.0000000 0.0000010 0.0074672 3.2949603 0.5108177 0.1021423 0.0379404 0.0616032 0.0936350 0.1088929 0.2105101 0.0301537 0.0301537 4.3981471 0.2190735 0.1021423 
260512_Pybus_Point             0.0000010 0.0000000 0.0074672 3.2949603 0.5108177 0.1021423 0.0379404 0.0616032 0.0936350 0.1088929 0.2105101 0.0301537 0.0301537 4.3981471 0.2190735 0.1021423 
353246_Cottonwood_Creek        0.0074672 0.0074672 0.0000000 3.4436477 0.5340236 0.1107630 0.0458274 0.0697699 0.1021336 0.1198364 0.2206397 0.0379368 0.0379368 4.5754690 0.2292733 0.1107630 
353379_Skagit_River            3.2949603 3.2949603 3.4436477 0.0000000 4.6029106 3.3893403 3.3232031 3.4775741 3.1903803 6.6571909 4.1018665 3.1787122 3.1787122 9.0000000 3.8603829 3.3893403 
353381_Dungeness_River         0.5108177 0.5108177 0.5340236 4.6029106 0.0000000 0.6554005 0.5934357 0.6616716 0.6287814 1.1334412 1.0013198 0.5685705 0.5685705 2.9193540 0.9852511 0.6554005 
353401_Peace_River             0.1021423 0.1021423 0.1107630 3.3893403 0.6554005 0.0000000 0.0766266 0.0848635 0.0073622 0.0000010 0.1275330 0.0685017 0.0685017 4.4476322 0.1528132 0.0000010 
353407_Noatok                  0.0379404 0.0379404 0.0458274 3.3232031 0.5934357 0.0766266 0.0000000 0.0375623 0.0685017 0.0665853 0.1803582 0.0073583 0.0073583 4.4605042 0.1887013 0.0766266 
353410_Horizon_Lake            0.0616032 0.0616032 0.0697699 3.4775741 0.6616716 0.0848635 0.0375623 0.0000000 0.0766256 0.0870723 0.1899935 0.0298542 0.0298542 5.2175598 0.1984051 0.0848635 
92319_Little_Lost              0.0936350 0.0936350 0.1021336 3.1903803 0.6287814 0.0073622 0.0685017 0.0766256 0.0000000 0.0000010 0.1187057 0.0604869 0.0604869 4.4476322 0.1437215 0.0073622 
94280_St_Joe                   0.1088929 0.1088929 0.1198364 6.6571909 1.1334412 0.0000010 0.0665853 0.0870723 0.0000010 0.0000000 0.1405850 0.0665853 0.0665853 4.4014106 0.1845537 0.0000010 
GCA016432855_Lake_Trout        0.2105101 0.2105101 0.2206397 4.1018665 1.0013198 0.1275330 0.1803582 0.1899935 0.1187057 0.1405850 0.0000000 0.1708725 0.1708725 5.4631964 0.1187041 0.1275330 
GCA036784925_Maine_S_alpinus   0.0301537 0.0301537 0.0379368 3.1787122 0.5685705 0.0685017 0.0073583 0.0298542 0.0604869 0.0665853 0.1708725 0.0000000 0.0000010 4.4605042 0.1791480 0.0685017 
GCA045679555_Iceland_A_alpinus 0.0301537 0.0301537 0.0379368 3.1787122 0.5685705 0.0685017 0.0073583 0.0298542 0.0604869 0.0665853 0.1708725 0.0000010 0.0000000 4.4605042 0.1791480 0.0685017 
GCF013265735_Rainbow_Trout     4.3981471 4.3981471 4.5754690 9.0000000 2.9193540 4.4476322 4.4605042 5.2175598 4.4476322 4.4014106 5.4631964 4.4605042 4.4605042 0.0000000 5.4671479 4.4476322 
GCF029448725_Brook_Trout       0.2190735 0.2190735 0.2292733 3.8603829 0.9852511 0.1528132 0.1887013 0.1984051 0.1437215 0.1845537 0.1187041 0.1791480 0.1791480 5.4671479 0.0000000 0.1528132 
Methow_River_99895             0.1021423 0.1021423 0.1107630 3.3893403 0.6554005 0.0000010 0.0766266 0.0848635 0.0073622 0.0000010 0.1275330 0.0685017 0.0685017 4.4476322 0.1528132 0.0000000 
