19
251140_Ward_Creek              0.0000000 0.0117160 0.2948258 0.0234634 0.0116637 0.0000010 0.0355651 0.6838850 0.0000010 0.6356555 0.2642810 0.0235704 0.7770322 0.6356555 1.2493574 0.3170112 0.0235704 5.1493852 0.7685729 
260512_Pybus_Point             0.0117160 0.0000000 0.3178667 0.0355651 0.0235704 0.0117160 0.0479296 0.7330682 0.0121644 0.6737986 0.2821349 0.0357319 0.8312934 0.6737986 1.3679085 0.3396064 0.0357319 5.3302622 0.8174969 
261935_Kenai_River             0.2948258 0.3178667 0.0000000 0.3150420 0.3150420 0.2948258 0.2220164 8.9999980 0.3121101 1.9931900 0.0112507 0.2726706 3.3572081 1.9931900 0.6943680 0.8941534 0.2726706 5.7266400 2.5643784 
353213_Cropley_Lake            0.0234634 0.0355651 0.3150420 0.0000000 0.0116637 0.0234634 0.0117160 0.6498425 0.0243625 0.6081506 0.2642810 0.0235704 0.7414438 0.6081506 1.1967465 0.3170112 0.0235704 5.2666937 0.7360784 
353219_Peterson_Creek          0.0116637 0.0235704 0.3150420 0.0116637 0.0000000 0.0116637 0.0235704 0.6838850 0.0121079 0.6356555 0.2801990 0.0355651 0.7770322 0.6356555 1.2493574 0.3366450 0.0355651 5.1493852 0.7685729 
353220_Fish_Creek              0.0000010 0.0117160 0.2948258 0.0234634 0.0116637 0.0000000 0.0355651 0.6838850 0.0000010 0.6356555 0.2642810 0.0235704 0.7770322 0.6356555 1.2493574 0.3170112 0.0235704 5.1493852 0.7685729 
353246_Cottonwood_Creek        0.0355651 0.0479296 0.2220164 0.0117160 0.0235704 0.0355651 0.0000000 0.6065483 0.0369447 0.5735225 0.1972611 0.0116637 0.6937825 0.5735225 1.1033210 0.2892199 0.0116637 4.5188796 0.6924179 
353379_Skagit_River            0.6838850 0.7330682 8.9999980 0.6498425 0.6838850 0.6838850 0.6065483 0.0000000 0.6838850 0.0446971 1.3687121 0.6065483 0.0509020 0.0446971 0.4290931 1.3006993 0.6065483 3.6116885 0.2128650 
353381_Dungeness_River         0.0000010 0.0121644 0.3121101 0.0243625 0.0121079 0.0000010 0.0369447 0.6838850 0.0000000 0.6356555 0.2765002 0.0244790 0.7770322 0.6356555 1.4417132 0.3181420 0.0244790 5.1493852 0.8353131 
353401_Peace_River             0.6356555 0.6737986 1.9931900 0.6081506 0.6356555 0.6356555 0.5735225 0.0446971 0.6356555 0.0000000 1.1229419 0.5735225 0.0000010 0.0000010 0.4253172 1.8480648 0.5735225 3.2377630 0.2370771 
353407_Noatok                  0.2642810 0.2821349 0.0112507 0.2642810 0.2801990 0.2642810 0.1972611 1.3687121 0.2765002 1.1229419 0.0000000 0.2316023 1.4829156 1.1229419 0.4994184 0.6363103 0.2316023 4.7827245 1.3762380 
353410_Horizon_Lake            0.0235704 0.0357319 0.2726706 0.0235704 0.0355651 0.0235704 0.0116637 0.6065483 0.0244790 0.5735225 0.2316023 0.0000000 0.6937825 0.5735225 1.1033210 0.2764821 0.0000010 5.0878724 0.6924179 
92319_Little_Lost              0.7770322 0.8312934 3.3572081 0.7414438 0.7770322 0.7770322 0.6937825 0.0509020 0.7770322 0.0000010 1.4829156 0.6937825 0.0000000 0.0000010 0.5059688 4.2144422 0.6937825 3.4975595 0.2750671 
94280_St_Joe                   0.6356555 0.6737986 1.9931900 0.6081506 0.6356555 0.6356555 0.5735225 0.0446971 0.6356555 0.0000010 1.1229419 0.5735225 0.0000010 0.0000000 0.4253172 1.8480648 0.5735225 3.2377630 0.2370771 
GCA016432855_Lake_Trout        1.2493574 1.3679085 0.6943680 1.1967465 1.2493574 1.2493574 1.1033210 0.4290931 1.4417132 0.4253172 0.4994184 1.1033210 0.5059688 0.4253172 0.0000000 8.9999989 1.1033210 3.5235864 0.3873447 
GCA036784925_Maine_S_alpinus   0.3170112 0.3396064 0.8941534 0.3170112 0.3366450 0.3170112 0.2892199 1.3006993 0.3181420 1.8480648 0.6363103 0.2764821 4.2144422 1.8480648 8.9999989 0.0000000 0.2764821 5.9376387 3.0116377 
GCA045679555_Iceland_A_alpinus 0.0235704 0.0357319 0.2726706 0.0235704 0.0355651 0.0235704 0.0116637 0.6065483 0.0244790 0.5735225 0.2316023 0.0000010 0.6937825 0.5735225 1.1033210 0.2764821 0.0000000 5.0878724 0.6924179 
GCF013265735_Rainbow_Trout     5.1493852 5.3302622 5.7266400 5.2666937 5.1493852 5.1493852 4.5188796 3.6116885 5.1493852 3.2377630 4.7827245 5.0878724 3.4975595 3.2377630 3.5235864 5.9376387 5.0878724 0.0000000 2.8279152 
GCF029448725_Brook_Trout       0.7685729 0.8174969 2.5643784 0.7360784 0.7685729 0.7685729 0.6924179 0.2128650 0.8353131 0.2370771 1.3762380 0.6924179 0.2750671 0.2370771 0.3873447 3.0116377 0.6924179 2.8279152 0.0000000 
