17
251140_Ward_Creek              0.0000000 0.0000010 0.0089190 0.0088898 0.0089190 0.0880775 0.0646105 0.1703107 0.0741860 0.0270903 0.0551233 0.0646105 0.2384951 0.0741860 0.0646105 2.3407508 0.6124440 
260512_Pybus_Point             0.0000010 0.0000000 0.0089190 0.0088898 0.0089190 0.0880775 0.0646105 0.1703107 0.0741860 0.0270903 0.0551233 0.0646105 0.2384951 0.0741860 0.0646105 2.3407508 0.6124440 
261935_Kenai_River             0.0089190 0.0089190 0.0000000 0.0179184 0.0000010 0.1018217 0.0744540 0.2041606 0.0841576 0.0364100 0.0648410 0.0744540 0.2513853 0.0841576 0.0744540 2.4451584 0.6354441 
353213_Cropley_Lake            0.0088898 0.0088898 0.0179184 0.0000000 0.0179184 0.1013095 0.0741860 0.2016192 0.0838509 0.0362857 0.0646105 0.0741860 0.2502050 0.0838509 0.0741860 2.3504142 0.6300729 
353219_Peterson_Creek          0.0089190 0.0089190 0.0000010 0.0179184 0.0000000 0.1018217 0.0744540 0.2041606 0.0841576 0.0364100 0.0648410 0.0744540 0.2513853 0.0841576 0.0744540 2.4451584 0.6354441 
353246_Cottonwood_Creek        0.0880775 0.0880775 0.1018217 0.1013095 0.1018217 0.0000000 0.1427924 0.0000010 0.1568082 0.0880775 0.1289577 0.1427924 0.2334765 0.1568082 0.1427924 4.4672259 1.0488409 
353379_Skagit_River            0.0646105 0.0646105 0.0744540 0.0741860 0.0744540 0.1427924 0.0000000 0.3462981 0.0088898 0.0551233 0.0643816 0.0000010 0.2031884 0.0835465 0.0739200 2.2427693 0.5902567 
353381_Dungeness_River         0.1703107 0.1703107 0.2041606 0.2016192 0.2041606 0.0000010 0.3462981 0.0000000 0.3838856 0.2041606 0.3098108 0.3462981 0.6280082 0.3838856 0.3462981 8.9999985 4.7995967 
353401_Peace_River             0.0741860 0.0741860 0.0841576 0.0838509 0.0841576 0.1568082 0.0088898 0.3838856 0.0000000 0.0646105 0.0739200 0.0088898 0.2144753 0.0932620 0.0835465 2.2552188 0.6074551 
353407_Noatok                  0.0270903 0.0270903 0.0364100 0.0362857 0.0364100 0.0880775 0.0551233 0.2041606 0.0646105 0.0000000 0.0269992 0.0551233 0.2269061 0.0454085 0.0361622 2.3304063 0.5950082 
353410_Horizon_Lake            0.0551233 0.0551233 0.0648410 0.0646105 0.0648410 0.1289577 0.0643816 0.3098108 0.0739200 0.0269992 0.0000000 0.0643816 0.2373991 0.0178591 0.0088898 2.2552188 0.6074551 
92319_Little_Lost              0.0646105 0.0646105 0.0744540 0.0741860 0.0744540 0.1427924 0.0000010 0.3462981 0.0088898 0.0551233 0.0643816 0.0000000 0.2031884 0.0835465 0.0739200 2.2427693 0.5902567 
GCA016432855_Lake_Trout        0.2384951 0.2384951 0.2513853 0.2502050 0.2513853 0.2334765 0.2031884 0.6280082 0.2144753 0.2269061 0.2373991 0.2031884 0.0000000 0.2607962 0.2490380 2.9834116 0.7155880 
GCA036784925_Maine_S_alpinus   0.0741860 0.0741860 0.0841576 0.0838509 0.0841576 0.1568082 0.0835465 0.3838856 0.0932620 0.0454085 0.0178591 0.0835465 0.2607962 0.0000000 0.0088898 2.2779482 0.6423982 
GCA045679555_Iceland_A_alpinus 0.0646105 0.0646105 0.0744540 0.0741860 0.0744540 0.1427924 0.0739200 0.3462981 0.0835465 0.0361622 0.0088898 0.0739200 0.2490380 0.0088898 0.0000000 2.2669255 0.6248369 
GCF013265735_Rainbow_Trout     2.3407508 2.3407508 2.4451584 2.3504142 2.4451584 4.4672259 2.2427693 8.9999985 2.2552188 2.3304063 2.2552188 2.2427693 2.9834116 2.2779482 2.2669255 0.0000000 2.6643110 
GCF029448725_Brook_Trout       0.6124440 0.6124440 0.6354441 0.6300729 0.6354441 1.0488409 0.5902567 4.7995967 0.6074551 0.5950082 0.6074551 0.5902567 0.7155880 0.6423982 0.6248369 2.6643110 0.0000000 
