13
251140_Ward_Creek              0.0000000 0.0000010 0.1942349 0.6959146 1.4457519 0.6959146 0.7371858 0.7550255 0.6331710 1.0093741 1.3492782 1.6294452 1.0031053 
260512_Pybus_Point             0.0000010 0.0000000 0.1942349 0.6959146 1.4457519 0.6959146 0.7371858 0.7550255 0.6331710 1.0093741 1.3492782 1.6294452 1.0031053 
261935_Kenai_River             0.1942349 0.1942349 0.0000000 0.8312157 1.8475930 0.8312157 0.6081687 1.0053377 0.8066877 1.3492782 1.8034279 1.7840382 1.1641587 
353379_Skagit_River            0.6959146 0.6959146 0.8312157 0.0000000 1.6481253 0.0000010 0.4300056 0.4919341 0.4277553 0.6840900 0.9705690 1.7554833 0.8288264 
353381_Dungeness_River         1.4457519 1.4457519 1.8475930 1.6481253 0.0000000 1.6481253 1.7501532 2.5369157 1.9323865 3.0878915 3.7817462 2.1348175 1.9631186 
353401_Peace_River             0.6959146 0.6959146 0.8312157 0.0000010 1.6481253 0.0000000 0.4300056 0.4919341 0.4277553 0.6840900 0.9705690 1.7554833 0.8288264 
353407_Noatok                  0.7371858 0.7371858 0.6081687 0.4300056 1.7501532 0.4300056 0.0000000 0.5311591 0.4534700 0.7662985 1.1606493 1.7642930 0.8852480 
353410_Horizon_Lake            0.7550255 0.7550255 1.0053377 0.4919341 2.5369157 0.4919341 0.5311591 0.0000000 0.3375264 0.0605961 0.1369557 1.9500562 1.0008000 
GCA016432855_Lake_Trout        0.6331710 0.6331710 0.8066877 0.4277553 1.9323865 0.4277553 0.4534700 0.3375264 0.0000000 0.5403266 1.1151961 1.8841846 0.3559199 
GCA036784925_Maine_S_alpinus   1.0093741 1.0093741 1.3492782 0.6840900 3.0878915 0.6840900 0.7662985 0.0605961 0.5403266 0.0000000 0.0603931 1.8508394 1.3445140 
GCA045679555_Iceland_A_alpinus 1.3492782 1.3492782 1.8034279 0.9705690 3.7817462 0.9705690 1.1606493 0.1369557 1.1151961 0.0603931 0.0000000 1.9507748 1.8004942 
GCF013265735_Rainbow_Trout     1.6294452 1.6294452 1.7840382 1.7554833 2.1348175 1.7554833 1.7642930 1.9500562 1.8841846 1.8508394 1.9507748 0.0000000 1.9025856 
GCF029448725_Brook_Trout       1.0031053 1.0031053 1.1641587 0.8288264 1.9631186 0.8288264 0.8852480 1.0008000 0.3559199 1.3445140 1.8004942 1.9025856 0.0000000 
