12
251140_Ward_Creek            0.0000000 0.0000010 0.0000010 0.0224233 0.1092775 0.1092775 0.0281416 0.0055133 0.0223600 0.0055133 0.2250989 0.0569638 
260512_Pybus_Point           0.0000010 0.0000000 0.0000010 0.0687493 0.4469324 0.4469324 0.0869287 0.0163451 0.0504578 0.0163451 0.8465416 0.1413014 
261935_Kenai_River           0.0000010 0.0000010 0.0000000 0.0224233 0.1092775 0.1092775 0.0281416 0.0055133 0.0223600 0.0055133 0.2250989 0.0569638 
353246_Cottonwood_Creek      0.0224233 0.0687493 0.0224233 0.0000000 0.1229579 0.1229579 0.0281057 0.0281277 0.0337275 0.0281277 0.2249627 0.0687489 
353379_Skagit_River          0.1092775 0.4469324 0.1092775 0.1229579 0.0000000 0.0000010 0.1014271 0.1161881 0.0952190 0.1161881 0.3081731 0.1362372 
353401_Peace_River           0.1092775 0.4469324 0.1092775 0.1229579 0.0000010 0.0000000 0.1014271 0.1161881 0.0952190 0.1161881 0.3081731 0.1362372 
353407_Noatok                0.0281416 0.0869287 0.0281416 0.0281057 0.1014271 0.1014271 0.0000000 0.0338883 0.0395042 0.0338883 0.2321877 0.0747632 
353410_Horizon_Lake          0.0055133 0.0163451 0.0055133 0.0281277 0.1161881 0.1161881 0.0338883 0.0000000 0.0280473 0.0000010 0.2325242 0.0628838 
GCA016432855_Lake_Trout      0.0223600 0.0504578 0.0223600 0.0337275 0.0952190 0.0952190 0.0395042 0.0280473 0.0000000 0.0280473 0.2096059 0.0335726 
GCA036784925_Maine_S_alpinus 0.0055133 0.0163451 0.0055133 0.0281277 0.1161881 0.1161881 0.0338883 0.0000010 0.0280473 0.0000000 0.2325242 0.0628838 
GCF013265735_Rainbow_Trout   0.2250989 0.8465416 0.2250989 0.2249627 0.3081731 0.3081731 0.2321877 0.2325242 0.2096059 0.2325242 0.0000000 0.2531226 
GCF029448725_Brook_Trout     0.0569638 0.1413014 0.0569638 0.0687489 0.1362372 0.1362372 0.0747632 0.0628838 0.0335726 0.0628838 0.2531226 0.0000000 
