13
251140_Ward_Creek              0.0000000 0.0000010 0.1587133 0.1659423 0.1659423 0.1694325 0.1587133 0.0384708 0.0087682 0.1587133 0.0748286 0.1587133 0.1707108 
260512_Pybus_Point             0.0000010 0.0000000 0.1587133 0.1659423 0.1659423 0.1694325 0.1587133 0.0384708 0.0087682 0.1587133 0.0748286 0.1587133 0.1707108 
261935_Kenai_River             0.1587133 0.1587133 0.0000000 0.2773738 0.2773738 0.0033976 0.0000010 0.2948119 0.1209204 0.0016959 0.3103854 0.0019678 0.2866226 
353379_Skagit_River            0.1659423 0.1659423 0.2773738 0.0000000 0.0000010 0.2873735 0.2773738 0.2999599 0.1596200 0.2773738 0.4008807 0.2773738 0.0051994 
353401_Peace_River             0.1659423 0.1659423 0.2773738 0.0000010 0.0000000 0.2873735 0.2773738 0.2999599 0.1596200 0.2773738 0.4008807 0.2773738 0.0051994 
353407_Noatok                  0.1694325 0.1694325 0.0033976 0.2873735 0.2873735 0.0000000 0.0033976 0.3059155 0.1289127 0.0051008 0.3233835 0.0059192 0.2967434 
353410_Horizon_Lake            0.1587133 0.1587133 0.0000010 0.2773738 0.2773738 0.0033976 0.0000000 0.2948119 0.1209204 0.0016959 0.3103854 0.0019678 0.2866226 
GCA016432855_Lake_Trout        0.0384708 0.0384708 0.2948119 0.2999599 0.2999599 0.3059155 0.2948119 0.0000000 0.0836494 0.2948119 0.0508795 0.2948119 0.3065885 
GCA036784925_Maine_S_alpinus   0.0087682 0.0087682 0.1209204 0.1596200 0.1596200 0.1289127 0.1209204 0.0836494 0.0000000 0.1209204 0.1064389 0.1141286 0.1661107 
GCA045679555_Iceland_A_alpinus 0.1587133 0.1587133 0.0016959 0.2773738 0.2773738 0.0051008 0.0016959 0.2948119 0.1209204 0.0000000 0.3103854 0.0019678 0.2866226 
GCF013265735_Rainbow_Trout     0.0748286 0.0748286 0.3103854 0.4008807 0.4008807 0.3233835 0.3103854 0.0508795 0.1064389 0.3103854 0.0000000 0.3103854 0.4008807 
GCF029448725_Brook_Trout       0.1587133 0.1587133 0.0019678 0.2773738 0.2773738 0.0059192 0.0019678 0.2948119 0.1141286 0.0019678 0.3103854 0.0000000 0.2866226 
Methow_River_99895             0.1707108 0.1707108 0.2866226 0.0051994 0.0051994 0.2967434 0.2866226 0.3065885 0.1661107 0.2866226 0.4008807 0.2866226 0.0000000 
