13
251140_Ward_Creek              0.0000000 0.0000010 0.0128183 0.2137181 0.0000010 0.2137181 0.0128183 0.1846828 0.2024772 0.1675487 0.1675487 1.3298202 0.3922877 
260512_Pybus_Point             0.0000010 0.0000000 0.0128183 0.2137181 0.0000010 0.2137181 0.0128183 0.1846828 0.2024772 0.1675487 0.1675487 1.3298202 0.3922877 
261935_Kenai_River             0.0128183 0.0128183 0.0000000 0.2320574 0.0217546 0.2320574 0.0000010 0.1827533 0.2209857 0.1846828 0.1846828 1.3979214 0.4241049 
353379_Skagit_River            0.2137181 0.2137181 0.2320574 0.0000000 0.1633800 0.0000010 0.2320574 0.1390686 0.0943880 0.1230747 0.1230747 1.1419805 0.5882203 
353381_Dungeness_River         0.0000010 0.0000010 0.0217546 0.1633800 0.0000000 0.1633800 0.0217546 0.1158660 0.1431509 0.0668284 0.0668284 2.2971225 1.0407112 
353401_Peace_River             0.2137181 0.2137181 0.2320574 0.0000010 0.1633800 0.0000000 0.2320574 0.1390686 0.0943880 0.1230747 0.1230747 1.1419805 0.5882203 
353407_Noatok                  0.0128183 0.0128183 0.0000010 0.2320574 0.0217546 0.2320574 0.0000000 0.1827533 0.2209857 0.1846828 0.1846828 1.3979214 0.4241049 
353410_Horizon_Lake            0.1846828 0.1846828 0.1827533 0.1390686 0.1158660 0.1390686 0.1827533 0.0000000 0.1267249 0.0389926 0.0389926 1.3390010 0.6618169 
GCA016432855_Lake_Trout        0.2024772 0.2024772 0.2209857 0.0943880 0.1431509 0.0943880 0.2209857 0.1267249 0.0000000 0.1107121 0.1107121 1.0962383 0.4642053 
GCA036784925_Maine_S_alpinus   0.1675487 0.1675487 0.1846828 0.1230747 0.0668284 0.1230747 0.1846828 0.0389926 0.1107121 0.0000000 0.0000010 1.2621021 0.6173686 
GCA045679555_Iceland_A_alpinus 0.1675487 0.1675487 0.1846828 0.1230747 0.0668284 0.1230747 0.1846828 0.0389926 0.1107121 0.0000010 0.0000000 1.2621021 0.6173686 
GCF013265735_Rainbow_Trout     1.3298202 1.3298202 1.3979214 1.1419805 2.2971225 1.1419805 1.3979214 1.3390010 1.0962383 1.2621021 1.2621021 0.0000000 1.9686458 
GCF029448725_Brook_Trout       0.3922877 0.3922877 0.4241049 0.5882203 1.0407112 0.5882203 0.4241049 0.6618169 0.4642053 0.6173686 0.6173686 1.9686458 0.0000000 
