14
251140_Ward_Creek              0.0000000 0.0701899 0.0679851 0.0679851 0.1946779 0.1946779 0.1683660 0.1159291 1.7691856 0.4019725 0.1159291 0.0916907 1.9121245 1.4362981 
260512_Pybus_Point             0.0701899 0.0000000 0.0000010 0.0000010 0.1181903 0.1181903 0.0934888 0.0451547 1.4475274 0.3028113 0.0451547 0.0223299 1.7654733 1.2583274 
261935_Kenai_River             0.0679851 0.0000010 0.0000000 0.0000010 0.1144467 0.1144467 0.0905584 0.0437861 1.3345964 0.2915689 0.0437861 0.0216602 1.8087470 1.1938716 
353213_Cropley_Lake            0.0679851 0.0000010 0.0000010 0.0000000 0.1144467 0.1144467 0.0905584 0.0437861 1.3345964 0.2915689 0.0437861 0.0216602 1.8087470 1.1938716 
353379_Skagit_River            0.1946779 0.1181903 0.1144467 0.1144467 0.0000000 0.0000010 0.1643952 0.1133694 0.9139164 0.3888800 0.1133694 0.0897147 1.8941394 1.2468260 
353401_Peace_River             0.1946779 0.1181903 0.1144467 0.1144467 0.0000010 0.0000000 0.1643952 0.1133694 0.9139164 0.3888800 0.1133694 0.0897147 1.8941394 1.2468260 
353407_Noatok                  0.1683660 0.0934888 0.0905584 0.0905584 0.1643952 0.1643952 0.0000000 0.0897147 1.5395827 0.3564059 0.0897147 0.0665549 1.8954052 1.3237395 
353410_Horizon_Lake            0.1159291 0.0451547 0.0437861 0.0437861 0.1133694 0.1133694 0.0897147 0.0000000 1.3025340 0.2883587 0.0433916 0.0214670 1.7917283 1.1754525 
92319_Little_Lost              1.7691856 1.4475274 1.3345964 1.3345964 0.9139164 0.9139164 1.5395827 1.3025340 0.0000000 2.4208945 1.2407112 1.2407112 3.5837895 1.3677589 
GCA016432855_Lake_Trout        0.4019725 0.3028113 0.2915689 0.2915689 0.3888800 0.3888800 0.3564059 0.2883587 2.4208945 0.0000000 0.2883587 0.2587561 2.1034431 0.9453066 
GCA036784925_Maine_S_alpinus   0.1159291 0.0451547 0.0437861 0.0437861 0.1133694 0.1133694 0.0897147 0.0433916 1.2407112 0.2883587 0.0000000 0.0214670 1.7917283 1.1754525 
GCA045679555_Iceland_A_alpinus 0.0916907 0.0223299 0.0216602 0.0216602 0.0897147 0.0897147 0.0665549 0.0214670 1.2407112 0.2587561 0.0214670 0.0000000 1.7850996 1.1336279 
GCF013265735_Rainbow_Trout     1.9121245 1.7654733 1.8087470 1.8087470 1.8941394 1.8941394 1.8954052 1.7917283 3.5837895 2.1034431 1.7917283 1.7850996 0.0000000 2.7636122 
GCF029448725_Brook_Trout       1.4362981 1.2583274 1.1938716 1.1938716 1.2468260 1.2468260 1.3237395 1.1754525 1.3677589 0.9453066 1.1754525 1.1336279 2.7636122 0.0000000 
