13
251140_Ward_Creek              0.0000000 0.0000010 0.0032904 0.0165336 0.0219863 0.0165336 0.0132290 0.0065795 0.0199118 0.0655220 0.0726823 0.1659339 0.0266406 
260512_Pybus_Point             0.0000010 0.0000000 0.0032904 0.0165336 0.0219863 0.0165336 0.0132290 0.0065795 0.0199118 0.0655220 0.0726823 0.1659339 0.0266406 
353220_Fish_Creek              0.0032904 0.0032904 0.0000000 0.0199118 0.0333789 0.0199118 0.0165959 0.0099038 0.0233145 0.0692330 0.0764346 0.1706429 0.0300796 
353379_Skagit_River            0.0165336 0.0165336 0.0199118 0.0000000 0.0444801 0.0000010 0.0232704 0.0165336 0.0300224 0.0762821 0.0835213 0.1789235 0.0300224 
353381_Dungeness_River         0.0219863 0.0219863 0.0333789 0.0444801 0.0000000 0.0444801 0.0562842 0.0331686 0.0792169 0.2627313 0.2932318 1.0791660 0.0797362 
353401_Peace_River             0.0165336 0.0165336 0.0199118 0.0000010 0.0444801 0.0000000 0.0232704 0.0165336 0.0300224 0.0762821 0.0835213 0.1789235 0.0300224 
353407_Noatok                  0.0132290 0.0132290 0.0165959 0.0232704 0.0562842 0.0232704 0.0000000 0.0132290 0.0334796 0.0728272 0.0800552 0.1837237 0.0334796 
353410_Horizon_Lake            0.0065795 0.0065795 0.0099038 0.0165336 0.0331686 0.0165336 0.0132290 0.0000000 0.0266406 0.0584135 0.0655220 0.1745754 0.0266406 
GCA016432855_Lake_Trout        0.0199118 0.0199118 0.0233145 0.0300224 0.0792169 0.0300224 0.0334796 0.0266406 0.0000000 0.0873364 0.0946728 0.1663201 0.0266912 
GCA036784925_Maine_S_alpinus   0.0655220 0.0655220 0.0692330 0.0762821 0.2627313 0.0762821 0.0728272 0.0584135 0.0873364 0.0000000 0.0065795 0.2568696 0.0873364 
GCA045679555_Iceland_A_alpinus 0.0726823 0.0726823 0.0764346 0.0835213 0.2932318 0.0835213 0.0800552 0.0655220 0.0946728 0.0065795 0.0000000 0.2665187 0.0946728 
GCF013265735_Rainbow_Trout     0.1659339 0.1659339 0.1706429 0.1789235 1.0791660 0.1789235 0.1837237 0.1745754 0.1663201 0.2568696 0.2665187 0.0000000 0.1663201 
GCF029448725_Brook_Trout       0.0266406 0.0266406 0.0300796 0.0300224 0.0797362 0.0300224 0.0334796 0.0266406 0.0266912 0.0873364 0.0946728 0.1663201 0.0000000 
