15
251140_Ward_Creek            0.0000000 0.0033152 0.0067279 0.0033152 0.0066427 0.0269999 0.0040438 0.0269999 0.0034127 0.0099811 0.0304942 0.0348340 0.0096937 0.0990654 0.0467784 
260512_Pybus_Point           0.0033152 0.0000000 0.0000010 0.0000010 0.0033152 0.0235796 0.0000010 0.0235796 0.0000010 0.0066410 0.0270539 0.0297721 0.0048331 0.0951915 0.0430909 
261935_Kenai_River           0.0067279 0.0000010 0.0000000 0.0000010 0.0067279 0.0415595 0.0000010 0.0415595 0.0000010 0.0134993 0.0415595 0.0788268 0.0185496 0.1874005 0.0867625 
353213_Cropley_Lake          0.0033152 0.0000010 0.0000010 0.0000000 0.0033152 0.0235796 0.0000010 0.0235796 0.0000010 0.0066410 0.0270539 0.0297721 0.0048331 0.0951915 0.0430909 
353219_Peterson_Creek        0.0066427 0.0033152 0.0067279 0.0033152 0.0000000 0.0269999 0.0040438 0.0269999 0.0034127 0.0099811 0.0304942 0.0348340 0.0096937 0.0990654 0.0467784 
353379_Skagit_River          0.0269999 0.0235796 0.0415595 0.0235796 0.0269999 0.0000000 0.0288629 0.0000010 0.0207825 0.0235720 0.0033203 0.0610454 0.0346568 0.1035003 0.0544532 
353381_Dungeness_River       0.0040438 0.0000010 0.0000010 0.0000010 0.0040438 0.0288629 0.0000000 0.0288629 0.0000010 0.0081038 0.0331463 0.0336464 0.0065551 0.1040114 0.0488240 
353401_Peace_River           0.0269999 0.0235796 0.0415595 0.0235796 0.0269999 0.0000010 0.0288629 0.0000000 0.0207825 0.0235720 0.0033203 0.0610454 0.0346568 0.1035003 0.0544532 
353407_Noatok                0.0034127 0.0000010 0.0000010 0.0000010 0.0034127 0.0207825 0.0000010 0.0207825 0.0000000 0.0034133 0.0243441 0.0297721 0.0048331 0.0951915 0.0406910 
353410_Horizon_Lake          0.0099811 0.0066410 0.0134993 0.0066410 0.0099811 0.0235720 0.0081038 0.0235720 0.0034133 0.0000000 0.0270452 0.0348419 0.0096958 0.0990826 0.0430766 
94280_St_Joe                 0.0304942 0.0270539 0.0415595 0.0270539 0.0304942 0.0033203 0.0331463 0.0033203 0.0243441 0.0270452 0.0000000 0.0665298 0.0398379 0.1076639 0.0583305 
GCA016432855_Lake_Trout      0.0348340 0.0297721 0.0788268 0.0297721 0.0348340 0.0610454 0.0336464 0.0610454 0.0297721 0.0348419 0.0665298 0.0000000 0.0348121 0.1590194 0.0836443 
GCA036784925_Maine_S_alpinus 0.0096937 0.0048331 0.0185496 0.0048331 0.0096937 0.0346568 0.0065551 0.0346568 0.0048331 0.0096958 0.0398379 0.0348121 0.0000000 0.1392890 0.0653749 
GCF013265735_Rainbow_Trout   0.0990654 0.0951915 0.1874005 0.0951915 0.0990654 0.1035003 0.1040114 0.1035003 0.0951915 0.0990826 0.1076639 0.1590194 0.1392890 0.0000000 0.1261946 
GCF029448725_Brook_Trout     0.0467784 0.0430909 0.0867625 0.0430909 0.0467784 0.0544532 0.0488240 0.0544532 0.0406910 0.0430766 0.0583305 0.0836443 0.0653749 0.1261946 0.0000000 
