11
251140_Ward_Creek          0.0000000 0.0000010 0.0049191 0.0049161 0.0408244 0.0468603 0.0408244 0.0408244 0.0298791 1.6629438 0.0298842 
260512_Pybus_Point         0.0000010 0.0000000 0.0049191 0.0049161 0.0408244 0.0468603 0.0408244 0.0408244 0.0298791 1.6629438 0.0298842 
261935_Kenai_River         0.0049191 0.0049191 0.0000000 0.0098580 0.0460468 0.0521932 0.0460468 0.0460468 0.0349530 1.7588014 0.0349591 
353246_Cottonwood_Creek    0.0049161 0.0049161 0.0098580 0.0000000 0.0460136 0.0521541 0.0460136 0.0460136 0.0349292 1.6990383 0.0349353 
353379_Skagit_River        0.0408244 0.0408244 0.0460468 0.0460136 0.0000000 0.0049899 0.0000010 0.0000010 0.0616800 1.9110305 0.0616920 
353401_Peace_River         0.0468603 0.0468603 0.0521932 0.0521541 0.0049899 0.0000000 0.0049899 0.0049899 0.0681298 2.0373559 0.0681436 
92319_Little_Lost          0.0408244 0.0408244 0.0460468 0.0460136 0.0000010 0.0049899 0.0000000 0.0000010 0.0616800 1.9110305 0.0616920 
94280_St_Joe               0.0408244 0.0408244 0.0460468 0.0460136 0.0000010 0.0049899 0.0000010 0.0000000 0.0616800 1.9110305 0.0616920 
GCA016432855_Lake_Trout    0.0298791 0.0298791 0.0349530 0.0349292 0.0616800 0.0681298 0.0616800 0.0616800 0.0000000 1.7051627 0.0297726 
GCF013265735_Rainbow_Trout 1.6629438 1.6629438 1.7588014 1.6990383 1.9110305 2.0373559 1.9110305 1.9110305 1.7051627 0.0000000 1.6702269 
GCF029448725_Brook_Trout   0.0298842 0.0298842 0.0349591 0.0349353 0.0616920 0.0681436 0.0616920 0.0616920 0.0297726 1.6702269 0.0000000 
