11
251140_Ward_Creek          0.0000000 0.0114312 0.0000010 0.0056983 0.2359706 0.0116692 0.0230759 0.7302068 0.0056983 0.0719354 0.0056983 
260512_Pybus_Point         0.0114312 0.0000000 0.0114312 0.0171979 0.2359706 0.0234824 0.0348238 0.7302068 0.0171979 0.0844600 0.0171979 
261935_Kenai_River         0.0000010 0.0114312 0.0000000 0.0056983 0.2359706 0.0116692 0.0230759 0.7302068 0.0056983 0.0719354 0.0056983 
353379_Skagit_River        0.0056983 0.0171979 0.0056983 0.0000000 0.2471353 0.0175580 0.0289321 0.7740917 0.0114312 0.0781777 0.0114312 
353381_Dungeness_River     0.2359706 0.2359706 0.2359706 0.2471353 0.0000000 0.2067291 0.2715040 0.0000010 0.2359706 0.3758286 0.2471353 
353407_Noatok              0.0116692 0.0234824 0.0116692 0.0175580 0.2067291 0.0000000 0.0355626 0.6334937 0.0116692 0.0863285 0.0175580 
353410_Horizon_Lake        0.0230759 0.0348238 0.0230759 0.0289321 0.2715040 0.0355626 0.0000000 0.8660349 0.0289321 0.0716844 0.0289321 
92319_Little_Lost          0.7302068 0.7302068 0.7302068 0.7740917 0.0000010 0.6334937 0.8660349 0.0000000 0.7302068 1.4007135 0.7740917 
GCA016432855_Lake_Trout    0.0056983 0.0171979 0.0056983 0.0114312 0.2359706 0.0116692 0.0289321 0.7302068 0.0000000 0.0781777 0.0114312 
GCF013265735_Rainbow_Trout 0.0719354 0.0844600 0.0719354 0.0781777 0.3758286 0.0863285 0.0716844 1.4007135 0.0781777 0.0000000 0.0781777 
GCF029448725_Brook_Trout   0.0056983 0.0171979 0.0056983 0.0114312 0.2471353 0.0175580 0.0289321 0.7740917 0.0114312 0.0781777 0.0000000 
