16
251140_Ward_Creek              0.0000000 0.0036043 0.0000010 0.0072091 0.0000010 0.0642667 0.0077347 0.0642667 0.0640826 0.0678489 0.0724495 0.0441277 0.1120833 0.0639534 0.3635192 0.3923260 
260512_Pybus_Point             0.0036043 0.0000000 0.0036043 0.0108536 0.0035027 0.0701072 0.0155927 0.0701072 0.0659786 0.0775636 0.0839583 0.0541742 0.1211362 0.0737273 0.3749334 0.5446763 
261935_Kenai_River             0.0000010 0.0036043 0.0000000 0.0072091 0.0000010 0.0642667 0.0077347 0.0642667 0.0640826 0.0678489 0.0724495 0.0441277 0.1120833 0.0639534 0.3635192 0.3923260 
353219_Peterson_Creek          0.0072091 0.0108536 0.0072091 0.0000000 0.0072091 0.0642815 0.0233902 0.0642815 0.0640973 0.0678645 0.0724696 0.0441375 0.1039638 0.0717574 0.3581869 0.3925087 
353246_Cottonwood_Creek        0.0000010 0.0035027 0.0000010 0.0072091 0.0000000 0.0740773 0.0077347 0.0740773 0.0699081 0.0735834 0.0839583 0.0503737 0.1168772 0.0697698 0.3684109 0.5328057 
353379_Skagit_River            0.0642667 0.0701072 0.0642667 0.0642815 0.0740773 0.0000000 0.0811349 0.0000010 0.1183312 0.1145449 0.0000010 0.0737047 0.1348665 0.1266863 0.3973185 0.5725080 
353381_Dungeness_River         0.0077347 0.0155927 0.0077347 0.0233902 0.0077347 0.0811349 0.0000000 0.0811349 0.1552218 0.1637472 0.1130927 0.0972868 0.2017434 0.1452811 0.5525092 2.2062595 
353401_Peace_River             0.0642667 0.0701072 0.0642667 0.0642815 0.0740773 0.0000010 0.0811349 0.0000000 0.1183312 0.1145449 0.0000010 0.0737047 0.1348665 0.1266863 0.3973185 0.5725080 
353407_Noatok                  0.0640826 0.0659786 0.0640826 0.0640973 0.0699081 0.1183312 0.1552218 0.1183312 0.0000000 0.0104917 0.1427254 0.1086416 0.0537775 0.0175447 0.4495354 0.5331917 
353410_Horizon_Lake            0.0678489 0.0775636 0.0678489 0.0678645 0.0735834 0.1145449 0.1637472 0.1145449 0.0104917 0.0000000 0.1329186 0.0966643 0.0427146 0.0210542 0.4309347 0.5302052 
92319_Little_Lost              0.0724495 0.0839583 0.0724495 0.0724696 0.0839583 0.0000010 0.1130927 0.0000010 0.1427254 0.1329186 0.0000000 0.0834532 0.1575553 0.1476271 0.4455347 0.7622891 
GCA016432855_Lake_Trout        0.0441277 0.0541742 0.0441277 0.0441375 0.0503737 0.0737047 0.0972868 0.0737047 0.1086416 0.0966643 0.0834532 0.0000000 0.1247721 0.1083864 0.3683452 0.5075927 
GCA036784925_Maine_S_alpinus   0.1120833 0.1211362 0.1120833 0.1039638 0.1168772 0.1348665 0.2017434 0.1348665 0.0537775 0.0427146 0.1575553 0.1247721 0.0000000 0.0427110 0.4476139 0.5386689 
GCA045679555_Iceland_A_alpinus 0.0639534 0.0737273 0.0639534 0.0717574 0.0697698 0.1266863 0.1452811 0.1266863 0.0175447 0.0210542 0.1476271 0.1083864 0.0427110 0.0000000 0.4477082 0.5297610 
GCF013265735_Rainbow_Trout     0.3635192 0.3749334 0.3635192 0.3581869 0.3684109 0.3973185 0.5525092 0.3973185 0.4495354 0.4309347 0.4455347 0.3683452 0.4476139 0.4477082 0.0000000 1.5940007 
GCF029448725_Brook_Trout       0.3923260 0.5446763 0.3923260 0.3925087 0.5328057 0.5725080 2.2062595 0.5725080 0.5331917 0.5302052 0.7622891 0.5075927 0.5386689 0.5297610 1.5940007 0.0000000 
