20
251140_Ward_Creek              0.0000000 0.0062515 0.0088089 0.0081602 0.0062515 0.0062593 0.0100626 0.0685007 0.0098526 0.0675249 0.0101544 0.0121126 0.0685137 0.0684412 0.1185121 0.0108205 0.0095274 0.3185873 0.1981860 0.0684412 
260512_Pybus_Point             0.0062515 0.0000000 0.0037281 0.0094445 0.0011313 0.0024806 0.0100606 0.0728695 0.0035309 0.0718685 0.0114600 0.0121006 0.0728831 0.0728046 0.1197993 0.0108097 0.0095396 0.3175445 0.2030363 0.0728046 
261935_Kenai_River             0.0088089 0.0037281 0.0000000 0.0107150 0.0037281 0.0049931 0.0075018 0.0765064 0.0071275 0.0754829 0.0101446 0.0094964 0.0765204 0.0764367 0.1255013 0.0108014 0.0108230 0.3300197 0.2116989 0.0764367 
353213_Cropley_Lake            0.0081602 0.0094445 0.0107150 0.0000000 0.0094445 0.0094137 0.0043366 0.0734399 0.0134538 0.0724390 0.0069325 0.0088620 0.0734535 0.0733743 0.1216629 0.0075845 0.0075824 0.3277685 0.2077601 0.0733743 
353219_Peterson_Creek          0.0062515 0.0011313 0.0037281 0.0094445 0.0000000 0.0024806 0.0100606 0.0728695 0.0044189 0.0718685 0.0114600 0.0121006 0.0728831 0.0728046 0.1197993 0.0108097 0.0108313 0.3200968 0.2030363 0.0728046 
353220_Fish_Creek              0.0062593 0.0024806 0.0049931 0.0094137 0.0024806 0.0000000 0.0100279 0.0709863 0.0008708 0.0699967 0.0088592 0.0094950 0.0709996 0.0709238 0.1189169 0.0082167 0.0108452 0.3264387 0.1966494 0.0709238 
353246_Cottonwood_Creek        0.0100626 0.0100606 0.0075018 0.0043366 0.0100606 0.0100279 0.0000000 0.0758261 0.0134123 0.0748152 0.0062826 0.0069285 0.0758400 0.0757579 0.1250684 0.0082176 0.0082153 0.3310185 0.2119059 0.0757579 
353379_Skagit_River            0.0685007 0.0728695 0.0765064 0.0734399 0.0728695 0.0709863 0.0758261 0.0000000 0.1100047 0.0006131 0.0719239 0.0746007 0.0012296 0.0012287 0.2658218 0.0746321 0.0745996 0.2729772 0.4402773 0.0012287 
353381_Dungeness_River         0.0098526 0.0035309 0.0071275 0.0134538 0.0044189 0.0008708 0.0134123 0.1100047 0.0000000 0.1082064 0.0127062 0.0126973 0.1100294 0.1098290 0.2366834 0.0117786 0.0137275 2.4782927 0.5731658 0.1098290 
353401_Peace_River             0.0675249 0.0718685 0.0754829 0.0724390 0.0718685 0.0699967 0.0748152 0.0006131 0.1082064 0.0000000 0.0709184 0.0735795 0.0006132 0.0006128 0.2623355 0.0736103 0.0735785 0.2698593 0.4391256 0.0006128 
353407_Noatok                  0.0101544 0.0114600 0.0101446 0.0069325 0.0114600 0.0088592 0.0062826 0.0719239 0.0127062 0.0709184 0.0000000 0.0018708 0.0719375 0.0718595 0.1220525 0.0043889 0.0069451 0.3110744 0.1989297 0.0718595 
353410_Horizon_Lake            0.0121126 0.0121006 0.0094964 0.0088620 0.0121006 0.0094950 0.0069285 0.0746007 0.0126973 0.0735795 0.0018708 0.0000000 0.0746146 0.0745329 0.1246558 0.0050176 0.0088783 0.3174983 0.2024867 0.0745329 
92319_Little_Lost              0.0685137 0.0728831 0.0765204 0.0734535 0.0728831 0.0709996 0.0758400 0.0012296 0.1100294 0.0006132 0.0719375 0.0746146 0.0000000 0.0012289 0.2658154 0.0746460 0.0746135 0.2729688 0.4379830 0.0012289 
94280_St_Joe                   0.0684412 0.0728046 0.0764367 0.0733743 0.0728046 0.0709238 0.0757579 0.0012287 0.1098290 0.0006128 0.0718595 0.0745329 0.0012289 0.0000000 0.2650700 0.0745642 0.0745318 0.2722917 0.4443792 0.0000010 
GCA016432855_Lake_Trout        0.1185121 0.1197993 0.1255013 0.1216629 0.1197993 0.1189169 0.1250684 0.2658218 0.2366834 0.2623355 0.1220525 0.1246558 0.2658154 0.2650700 0.0000000 0.1247377 0.1250101 1.9846411 0.3019407 0.2650700 
GCA036784925_Maine_S_alpinus   0.0108205 0.0108097 0.0108014 0.0075845 0.0108097 0.0082167 0.0082176 0.0746321 0.0117786 0.0736103 0.0043889 0.0050176 0.0746460 0.0745642 0.1247377 0.0000000 0.0050285 0.3166271 0.2026876 0.0745642 
GCA045679555_Iceland_A_alpinus 0.0095274 0.0095396 0.0108230 0.0075824 0.0108313 0.0108452 0.0082153 0.0745996 0.0137275 0.0735785 0.0069451 0.0088783 0.0746135 0.0745318 0.1250101 0.0050285 0.0000000 0.3123384 0.2091790 0.0745318 
GCF013265735_Rainbow_Trout     0.3185873 0.3175445 0.3300197 0.3277685 0.3200968 0.3264387 0.3310185 0.2729772 2.4782927 0.2698593 0.3110744 0.3174983 0.2729688 0.2722917 1.9846411 0.3166271 0.3123384 0.0000000 5.0831401 0.2722917 
GCF029448725_Brook_Trout       0.1981860 0.2030363 0.2116989 0.2077601 0.2030363 0.1966494 0.2119059 0.4402773 0.5731658 0.4391256 0.1989297 0.2024867 0.4379830 0.4443792 0.3019407 0.2026876 0.2091790 5.0831401 0.0000000 0.4443792 
Methow_River_99895             0.0684412 0.0728046 0.0764367 0.0733743 0.0728046 0.0709238 0.0757579 0.0012287 0.1098290 0.0006128 0.0718595 0.0745329 0.0012289 0.0000010 0.2650700 0.0745642 0.0745318 0.2722917 0.4443792 0.0000000 
