13
251140_Ward_Creek            0.0000000 0.0000010 0.0029300 0.0020953 0.0105383 0.0108942 0.0105383 0.0062971 0.0020942 0.0062957 0.0020942 0.3150583 0.0147658 
260512_Pybus_Point           0.0000010 0.0000000 0.0029300 0.0020953 0.0105383 0.0108942 0.0105383 0.0062971 0.0020942 0.0062957 0.0020942 0.3150583 0.0147658 
353219_Peterson_Creek        0.0029300 0.0029300 0.0000000 0.0058745 0.0177697 0.0154831 0.0177697 0.0117801 0.0058702 0.0117766 0.0058702 1.3227209 0.0237213 
353220_Fish_Creek            0.0020953 0.0020953 0.0058745 0.0000000 0.0126666 0.0130951 0.0126666 0.0084108 0.0041951 0.0084090 0.0041951 0.3224451 0.0169025 
353379_Skagit_River          0.0105383 0.0105383 0.0177697 0.0126666 0.0000000 0.0175268 0.0000010 0.0126625 0.0084214 0.0126598 0.0084214 0.3231460 0.0212068 
353381_Dungeness_River       0.0108942 0.0108942 0.0154831 0.0130951 0.0175268 0.0000000 0.0175268 0.0130908 0.0087049 0.0130878 0.0087049 0.3638726 0.0219269 
353401_Peace_River           0.0105383 0.0105383 0.0177697 0.0126666 0.0000010 0.0175268 0.0000000 0.0126625 0.0084214 0.0126598 0.0084214 0.3231460 0.0212068 
353407_Noatok                0.0062971 0.0062971 0.0117801 0.0084108 0.0126625 0.0130908 0.0126625 0.0000000 0.0041937 0.0084063 0.0041937 0.3080419 0.0168971 
353410_Horizon_Lake          0.0020942 0.0020942 0.0058702 0.0041951 0.0084214 0.0087049 0.0084214 0.0041937 0.0000000 0.0041929 0.0000010 0.3084686 0.0126426 
GCA016432855_Lake_Trout      0.0062957 0.0062957 0.0117766 0.0084090 0.0126598 0.0130878 0.0126598 0.0084063 0.0041929 0.0000000 0.0041929 0.3084686 0.0084099 
GCA036784925_Maine_S_alpinus 0.0020942 0.0020942 0.0058702 0.0041951 0.0084214 0.0087049 0.0084214 0.0041937 0.0000010 0.0041929 0.0000000 0.3084686 0.0126426 
GCF013265735_Rainbow_Trout   0.3150583 0.3150583 1.3227209 0.3224451 0.3231460 0.3638726 0.3231460 0.3080419 0.3084686 0.3084686 0.3084686 0.0000000 0.3365147 
GCF029448725_Brook_Trout     0.0147658 0.0147658 0.0237213 0.0169025 0.0212068 0.0219269 0.0212068 0.0168971 0.0126426 0.0084099 0.0126426 0.3365147 0.0000000 
