20
251140_Ward_Creek              0.0000000 0.0143736 0.0039570 0.0177252 0.0294023 0.0057636 0.0048440 0.0173702 0.0516922 0.0187315 0.0352995 0.0084804 0.0224977 0.0173702 0.0580792 0.0127182 0.0084806 0.2778049 0.0335372 0.0173702 
260512_Pybus_Point             0.0143736 0.0000000 0.0174082 0.0022899 0.0504899 0.0129776 0.0162218 0.0353328 0.0123638 0.0368146 0.0537430 0.0182866 0.0451762 0.0353328 0.0763639 0.0257366 0.0207349 0.3003946 0.0510423 0.0353328 
261935_Kenai_River             0.0039570 0.0174082 0.0000000 0.0204524 0.0267555 0.0087435 0.0061322 0.0204284 0.0655544 0.0217412 0.0318677 0.0060719 0.0259610 0.0204284 0.0590468 0.0097315 0.0060720 0.2690068 0.0356283 0.0204284 
353213_Cropley_Lake            0.0177252 0.0022899 0.0204524 0.0000000 0.0452219 0.0091089 0.0160057 0.0335056 0.0078474 0.0348687 0.0505002 0.0179215 0.0420100 0.0335056 0.0742261 0.0224702 0.0179191 0.2843073 0.0487570 0.0335056 
353219_Peterson_Creek          0.0294023 0.0504899 0.0267555 0.0452219 0.0000000 0.0303374 0.0317038 0.0521292 0.1533146 0.0536436 0.0063509 0.0316503 0.0660263 0.0521292 0.0282560 0.0344461 0.0289281 0.2630388 0.0677780 0.0521292 
353220_Fish_Creek              0.0057636 0.0129776 0.0087435 0.0091089 0.0303374 0.0000000 0.0052542 0.0189724 0.0393064 0.0202430 0.0354969 0.0068128 0.0239981 0.0189724 0.0588730 0.0105041 0.0068120 0.2632812 0.0343226 0.0189724 
353246_Cottonwood_Creek        0.0048440 0.0162218 0.0061322 0.0160057 0.0317038 0.0052542 0.0000000 0.0134172 0.0587686 0.0145694 0.0288863 0.0044622 0.0168486 0.0134172 0.0545426 0.0079439 0.0044623 0.2596500 0.0304878 0.0134172 
353379_Skagit_River            0.0173702 0.0353328 0.0204284 0.0335056 0.0521292 0.0189724 0.0134172 0.0000000 0.1034584 0.0007555 0.0487243 0.0163406 0.0009108 0.0000010 0.0653586 0.0228959 0.0178352 0.2789804 0.0380521 0.0000010 
353381_Dungeness_River         0.0516922 0.0123638 0.0655544 0.0078474 0.1533146 0.0393064 0.0587686 0.1034584 0.0000000 0.1078328 0.1617055 0.0660151 0.2255174 0.1034584 0.1991948 0.0830237 0.0693196 0.5696769 0.1159181 0.1034584 
353401_Peace_River             0.0187315 0.0368146 0.0217412 0.0348687 0.0536436 0.0202430 0.0145694 0.0007555 0.1078328 0.0000000 0.0502371 0.0190829 0.0018695 0.0007555 0.0668780 0.0242164 0.0190835 0.2811196 0.0395032 0.0007555 
353407_Noatok                  0.0352995 0.0537430 0.0318677 0.0505002 0.0063509 0.0354969 0.0288863 0.0487243 0.1617055 0.0502371 0.0000000 0.0288158 0.0618147 0.0487243 0.0282633 0.0287207 0.0288166 0.2559885 0.0675212 0.0487243 
353410_Horizon_Lake            0.0084804 0.0182866 0.0060719 0.0179215 0.0316503 0.0068128 0.0044622 0.0163406 0.0660151 0.0190829 0.0288158 0.0000000 0.0210909 0.0178347 0.0603611 0.0061882 0.0028926 0.2669829 0.0356279 0.0163406 
92319_Little_Lost              0.0224977 0.0451762 0.0259610 0.0420100 0.0660263 0.0239981 0.0168486 0.0009108 0.2255174 0.0018695 0.0618147 0.0210909 0.0000000 0.0009108 0.0803597 0.0289556 0.0225284 0.3558033 0.0463868 0.0009108 
94280_St_Joe                   0.0173702 0.0353328 0.0204284 0.0335056 0.0521292 0.0189724 0.0134172 0.0000010 0.1034584 0.0007555 0.0487243 0.0178347 0.0009108 0.0000000 0.0653586 0.0228959 0.0178352 0.2789804 0.0380521 0.0000010 
GCA016432855_Lake_Trout        0.0580792 0.0763639 0.0590468 0.0742261 0.0282560 0.0588730 0.0545426 0.0653586 0.1991948 0.0668780 0.0282633 0.0603611 0.0803597 0.0653586 0.0000000 0.0661899 0.0603625 0.2660065 0.0574488 0.0653586 
GCA036784925_Maine_S_alpinus   0.0127182 0.0257366 0.0097315 0.0224702 0.0344461 0.0105041 0.0079439 0.0228959 0.0830237 0.0242164 0.0287207 0.0061882 0.0289556 0.0228959 0.0661899 0.0000000 0.0044729 0.2678633 0.0410266 0.0228959 
GCA045679555_Iceland_A_alpinus 0.0084806 0.0207349 0.0060720 0.0179191 0.0289281 0.0068120 0.0044623 0.0178352 0.0693196 0.0190835 0.0288166 0.0028926 0.0225284 0.0178352 0.0603625 0.0044729 0.0000000 0.2651190 0.0330451 0.0178352 
GCF013265735_Rainbow_Trout     0.2778049 0.3003946 0.2690068 0.2843073 0.2630388 0.2632812 0.2596500 0.2789804 0.5696769 0.2811196 0.2559885 0.2669829 0.3558033 0.2789804 0.2660065 0.2678633 0.2651190 0.0000000 0.2745787 0.2789804 
GCF029448725_Brook_Trout       0.0335372 0.0510423 0.0356283 0.0487570 0.0677780 0.0343226 0.0304878 0.0380521 0.1159181 0.0395032 0.0675212 0.0356279 0.0463868 0.0380521 0.0574488 0.0410266 0.0330451 0.2745787 0.0000000 0.0380521 
Methow_River_99895             0.0173702 0.0353328 0.0204284 0.0335056 0.0521292 0.0189724 0.0134172 0.0000010 0.1034584 0.0007555 0.0487243 0.0163406 0.0009108 0.0000010 0.0653586 0.0228959 0.0178352 0.2789804 0.0380521 0.0000000 
