20
251140_Ward_Creek              0.0000000 0.4893027 1.4730189 0.0254224 0.5015826 0.5148703 1.6903436 1.9335250 0.6627668 1.9335250 1.4446078 0.6901700 2.0863497 1.9149843 1.5016324 0.6952512 0.7026716 2.0771524 1.9494466 1.9228662 
260512_Pybus_Point             0.4893027 0.0000000 1.1587534 0.3552829 0.0128581 0.0121586 1.2930619 0.8184906 1.6648388 0.7933125 1.0632483 1.1151773 0.8935160 0.8176521 1.8124394 1.1142655 1.1175834 2.2560128 2.1706297 0.7825463 
261935_Kenai_River             1.4730189 1.1587534 0.0000000 1.1109001 1.1822947 1.1771362 0.0288138 0.9419700 2.5974991 0.9105854 0.0258384 0.5263388 0.9465804 0.9040233 1.1547300 0.5312872 0.5374635 1.7976930 1.5228927 0.8982314 
353213_Cropley_Lake            0.0254224 0.3552829 1.1109001 0.0000000 0.3636535 0.3747018 1.2868161 1.5753437 0.3709143 1.5349683 1.0981389 0.5113538 1.6545777 1.5220977 1.0907964 0.5164721 0.5227944 1.8007717 1.5062081 1.5236749 
353219_Peterson_Creek          0.5015826 0.0128581 1.1822947 0.3636535 0.0000000 0.0259093 1.3293331 0.8772733 1.7305303 0.8494111 1.1210229 1.1829471 0.9239028 0.8438630 1.8854288 1.1808967 1.1835627 2.2560128 2.2422184 0.8379633 
353220_Fish_Creek              0.5148703 0.0121586 1.1771362 0.3747018 0.0259093 0.0000000 1.2730605 0.8051081 1.6852768 0.7804654 1.0473667 1.0997708 0.8783522 0.8044258 1.7928585 1.0991051 1.1025567 2.2429298 2.1504786 0.7698246 
353246_Cottonwood_Creek        1.6903436 1.2930619 0.0288138 1.2868161 1.3293331 1.2730605 0.0000000 0.9921726 2.5025403 0.9583164 0.0132294 0.5503770 1.0189558 0.9350154 1.1835129 0.5553847 0.5617475 1.9021996 1.5847723 0.9453818 
353379_Skagit_River            1.9335250 0.8184906 0.9419700 1.5753437 0.8772733 0.8051081 0.9921726 0.0000000 3.4993823 0.0081505 0.8167298 0.7287771 0.0043507 0.0124156 0.5549539 0.7324972 0.7382451 1.5918484 0.8128453 0.0040626 
353381_Dungeness_River         0.6627668 1.6648388 2.5974991 0.3709143 1.7305303 1.6852768 2.5025403 3.4993823 0.0000000 3.4084629 2.5114656 2.1166479 3.7221911 3.3686877 3.3582713 2.0803845 2.0641390 3.1207186 3.8297193 3.4100510 
353401_Peace_River             1.9335250 0.7933125 0.9105854 1.5349683 0.8494111 0.7804654 0.9583164 0.0081505 3.4084629 0.0000000 0.7921799 0.7082827 0.0085463 0.0121669 0.5402976 0.7120883 0.7177943 1.5704094 0.7899699 0.0039826 
353407_Noatok                  1.4446078 1.0632483 0.0258384 1.0981389 1.1210229 1.0473667 0.0132294 0.8167298 2.5114656 0.7921799 0.0000000 0.4702189 0.8657153 0.8051833 0.9841343 0.4748956 0.4805200 1.7448598 1.3476661 0.7816686 
353410_Horizon_Lake            0.6901700 1.1151773 0.5263388 0.5113538 1.1829471 1.0997708 0.5503770 0.7287771 2.1166479 0.7082827 0.4702189 0.0000000 0.7884191 0.7289211 0.3965694 0.0115987 0.0154869 1.2234198 0.6356837 0.6988818 
92319_Little_Lost              2.0863497 0.8935160 0.9465804 1.6545777 0.9239028 0.8783522 1.0189558 0.0043507 3.7221911 0.0085463 0.8657153 0.7884191 0.0000000 0.0042481 0.5961371 0.7918282 0.7976861 1.6570876 0.8632968 0.0042591 
94280_St_Joe                   1.9149843 0.8176521 0.9040233 1.5220977 0.8438630 0.8044258 0.9350154 0.0124156 3.3686877 0.0121669 0.8051833 0.7289211 0.0042481 0.0000000 0.5565925 0.7326036 0.7382951 1.5607453 0.7964161 0.0080862 
GCA016432855_Lake_Trout        1.5016324 1.8124394 1.1547300 1.0907964 1.8854288 1.7928585 1.1835129 0.5549539 3.3582713 0.5402976 0.9841343 0.3965694 0.5961371 0.5565925 0.0000000 0.4015640 0.4073306 0.8278726 0.2059665 0.5323181 
GCA036784925_Maine_S_alpinus   0.6952512 1.1142655 0.5312872 0.5164721 1.1808967 1.0991051 0.5553847 0.7324972 2.0803845 0.7120883 0.4748956 0.0115987 0.7918282 0.7326036 0.4015640 0.0000000 0.0038328 1.2212499 0.6401317 0.7027523 
GCA045679555_Iceland_A_alpinus 0.7026716 1.1175834 0.5374635 0.5227944 1.1835627 1.1025567 0.5617475 0.7382451 2.0641390 0.7177943 0.4805200 0.0154869 0.7976861 0.7382951 0.4073306 0.0038328 0.0000000 1.2230034 0.6462399 0.7084811 
GCF013265735_Rainbow_Trout     2.0771524 2.2560128 1.7976930 1.8007717 2.2560128 2.2429298 1.9021996 1.5918484 3.1207186 1.5704094 1.7448598 1.2234198 1.6570876 1.5607453 0.8278726 1.2212499 1.2230034 0.0000000 1.1171815 1.5622779 
GCF029448725_Brook_Trout       1.9494466 2.1706297 1.5228927 1.5062081 2.2422184 2.1504786 1.5847723 0.8128453 3.8297193 0.7899699 1.3476661 0.6356837 0.8632968 0.7964161 0.2059665 0.6401317 0.6462399 1.1171815 0.0000000 0.7801314 
Methow_River_99895             1.9228662 0.7825463 0.8982314 1.5236749 0.8379633 0.7698246 0.9453818 0.0040626 3.4100510 0.0039826 0.7816686 0.6988818 0.0042591 0.0080862 0.5323181 0.7027523 0.7084811 1.5622779 0.7801314 0.0000000 
