15
251140_Ward_Creek              0.0000000 0.0000010 0.0093455 0.0174642 0.4070503 0.0145131 0.0522813 0.0264174 0.0174642 0.0145131 0.0174876 0.0204593 0.0234162 0.0723450 0.0293562 
260512_Pybus_Point             0.0000010 0.0000000 0.0093455 0.0174642 0.4070503 0.0145131 0.0522813 0.0264174 0.0174642 0.0145131 0.0174876 0.0204593 0.0234162 0.0723450 0.0293562 
353219_Peterson_Creek          0.0093455 0.0093455 0.0000000 0.0379952 0.7971251 0.0330948 0.1188004 0.0284851 0.0379952 0.0330948 0.0332392 0.0284851 0.0333119 0.0989306 0.0430353 
353379_Skagit_River            0.0174642 0.0174642 0.0379952 0.0000000 0.4361085 0.0028895 0.0717556 0.0444821 0.0000010 0.0028895 0.0293562 0.0383843 0.0413984 0.0787246 0.0413984 
353381_Dungeness_River         0.4070503 0.4070503 0.7971251 0.4361085 0.0000000 0.4305171 0.6581046 0.4963658 0.4361085 0.4305171 0.4369459 0.4329933 0.4377869 0.5641963 0.4426026 
353401_Peace_River             0.0145131 0.0145131 0.0330948 0.0028895 0.4305171 0.0000000 0.0677310 0.0413984 0.0028895 0.0000010 0.0263464 0.0353314 0.0383323 0.0754749 0.0383323 
353407_Noatok                  0.0522813 0.0522813 0.1188004 0.0717556 0.6581046 0.0677310 0.0000000 0.0800359 0.0717556 0.0677310 0.0679672 0.0720070 0.0759433 0.1376606 0.0918436 
353410_Horizon_Lake            0.0264174 0.0264174 0.0284851 0.0444821 0.4963658 0.0413984 0.0800359 0.0000000 0.0444821 0.0413984 0.0445429 0.0057872 0.0086943 0.0682979 0.0507030 
92319_Little_Lost              0.0174642 0.0174642 0.0379952 0.0000010 0.4361085 0.0028895 0.0717556 0.0444821 0.0000000 0.0028895 0.0293562 0.0383843 0.0413984 0.0787246 0.0413984 
94280_St_Joe                   0.0145131 0.0145131 0.0330948 0.0028895 0.4305171 0.0000010 0.0677310 0.0413984 0.0028895 0.0000000 0.0263464 0.0353314 0.0383323 0.0754749 0.0383323 
GCA016432855_Lake_Trout        0.0174876 0.0174876 0.0332392 0.0293562 0.4369459 0.0263464 0.0679672 0.0445429 0.0293562 0.0263464 0.0000000 0.0384365 0.0414548 0.0786145 0.0174642 
GCA036784925_Maine_S_alpinus   0.0204593 0.0204593 0.0284851 0.0383843 0.4329933 0.0353314 0.0720070 0.0057872 0.0383843 0.0353314 0.0384365 0.0000000 0.0028857 0.0821091 0.0445429 
GCA045679555_Iceland_A_alpinus 0.0234162 0.0234162 0.0333119 0.0413984 0.4377869 0.0383323 0.0759433 0.0086943 0.0413984 0.0383323 0.0414548 0.0028857 0.0000000 0.0852824 0.0475835 
GCF013265735_Rainbow_Trout     0.0723450 0.0723450 0.0989306 0.0787246 0.5641963 0.0754749 0.1376606 0.0682979 0.0787246 0.0754749 0.0786145 0.0821091 0.0852824 0.0000000 0.0850425 
GCF029448725_Brook_Trout       0.0293562 0.0293562 0.0430353 0.0413984 0.4426026 0.0383323 0.0918436 0.0507030 0.0413984 0.0383323 0.0174642 0.0445429 0.0475835 0.0850425 0.0000000 
