12
251140_Ward_Creek              0.0000000 0.0000010 0.1153510 0.0283052 0.1153510 0.0715830 0.1153510 0.0080754 0.1080509 0.1080509 0.1313382 0.0162385 
260512_Pybus_Point             0.0000010 0.0000000 0.1153510 0.0283052 0.1153510 0.0715830 0.1153510 0.0080754 0.1080509 0.1080509 0.1313382 0.0162385 
353379_Skagit_River            0.1153510 0.1153510 0.0000000 0.0779923 0.0000010 0.0000010 0.0126847 0.1227221 0.0063157 0.0063157 0.3354027 0.1153510 
353381_Dungeness_River         0.0283052 0.0283052 0.0779923 0.0000000 0.0779923 0.0577208 0.0779923 0.0577208 0.0379828 0.0379828 1.6479183 0.0577208 
353401_Peace_River             0.1153510 0.1153510 0.0000010 0.0779923 0.0000000 0.0000010 0.0126847 0.1227221 0.0063157 0.0063157 0.3354027 0.1153510 
353407_Noatok                  0.0715830 0.0715830 0.0000010 0.0577208 0.0000010 0.0000000 0.0126847 0.0804720 0.0063157 0.0063157 0.2174368 0.0804720 
353410_Horizon_Lake            0.1153510 0.1153510 0.0126847 0.0779923 0.0126847 0.0126847 0.0000000 0.1227221 0.0063157 0.0063157 0.3354027 0.1301663 
GCA016432855_Lake_Trout        0.0080754 0.0080754 0.1227221 0.0577208 0.1227221 0.0804720 0.1227221 0.0000000 0.1153510 0.1153510 0.1361390 0.0162385 
GCA036784925_Maine_S_alpinus   0.1080509 0.1080509 0.0063157 0.0379828 0.0063157 0.0063157 0.0063157 0.1153510 0.0000000 0.0000010 0.3256313 0.1227221 
GCA045679555_Iceland_A_alpinus 0.1080509 0.1080509 0.0063157 0.0379828 0.0063157 0.0063157 0.0063157 0.1153510 0.0000010 0.0000000 0.3256313 0.1227221 
GCF013265735_Rainbow_Trout     0.1313382 0.1313382 0.3354027 1.6479183 0.3354027 0.2174368 0.3354027 0.1361390 0.3256313 0.3256313 0.0000000 0.1458315 
GCF029448725_Brook_Trout       0.0162385 0.0162385 0.1153510 0.0577208 0.1153510 0.0804720 0.1301663 0.0162385 0.1227221 0.1227221 0.1458315 0.0000000 
