11
251140_Ward_Creek              0.0000000 0.0000010 0.0424868 0.0000010 0.0371322 0.0000010 0.0884328 0.0751849 0.0368712 0.9396743 0.1397818 
260512_Pybus_Point             0.0000010 0.0000000 0.0424868 0.0000010 0.0371322 0.0000010 0.0884328 0.0751849 0.0368712 0.9396743 0.1397818 
353379_Skagit_River            0.0424868 0.0424868 0.0000000 0.0424868 0.0892197 0.0424868 0.1397818 0.1357889 0.0884328 1.0923222 0.1974439 
353401_Peace_River             0.0000010 0.0000010 0.0424868 0.0000000 0.0424868 0.0000010 0.0884328 0.0861458 0.0421437 0.9396743 0.1397818 
353410_Horizon_Lake            0.0371322 0.0371322 0.0892197 0.0424868 0.0000000 0.0424868 0.1397818 0.1177633 0.0769040 1.0923222 0.1974439 
92319_Little_Lost              0.0000010 0.0000010 0.0424868 0.0000010 0.0424868 0.0000000 0.0884328 0.0861458 0.0421437 0.9396743 0.1397818 
GCA016432855_Lake_Trout        0.0884328 0.0884328 0.1397818 0.0884328 0.1397818 0.0884328 0.0000000 0.1891767 0.1384358 1.2271250 0.1406369 
GCA036784925_Maine_S_alpinus   0.0751849 0.0751849 0.1357889 0.0861458 0.1177633 0.0861458 0.1891767 0.0000000 0.0372935 1.1401977 0.2507533 
GCA045679555_Iceland_A_alpinus 0.0368712 0.0368712 0.0884328 0.0421437 0.0769040 0.0421437 0.1384358 0.0372935 0.0000000 1.0597830 0.1953191 
GCF013265735_Rainbow_Trout     0.9396743 0.9396743 1.0923222 0.9396743 1.0923222 0.9396743 1.2271250 1.1401977 1.0597830 0.0000000 1.4191453 
GCF029448725_Brook_Trout       0.1397818 0.1397818 0.1974439 0.1397818 0.1974439 0.1397818 0.1406369 0.2507533 0.1953191 1.4191453 0.0000000 
