16
251140_Ward_Creek              0.0000000 0.0000010 0.0000010 0.0351895 0.0977585 3.5869184 0.1083526 0.1913174 0.0535048 0.0977585 0.1083526 0.1741431 0.0664282 0.1205791 0.8891618 0.7532344 
260512_Pybus_Point             0.0000010 0.0000000 0.0000010 0.0351895 0.0977585 3.5869184 0.1083526 0.1913174 0.0772775 0.0977585 0.1083526 0.1857641 0.0664282 0.1205791 1.0226909 1.0253995 
261935_Kenai_River             0.0000010 0.0000010 0.0000000 0.0351895 0.0977585 3.5869184 0.1083526 0.1913174 0.0772775 0.0977585 0.1083526 0.1857641 0.0664282 0.1205791 1.0226909 1.0253995 
353220_Fish_Creek              0.0351895 0.0351895 0.0351895 0.0000000 0.1673988 3.5869184 0.1821650 0.3036452 0.1248760 0.1673988 0.1821650 0.2741213 0.1236095 0.2006925 1.4924381 1.4292853 
353379_Skagit_River            0.0977585 0.0977585 0.0977585 0.1673988 0.0000000 3.5224790 0.0091945 0.1221693 0.1637397 0.0000010 0.0091945 0.1178346 0.1089105 0.1909382 0.8579506 0.9306704 
353381_Dungeness_River         3.5869184 3.5869184 3.5869184 3.5869184 3.5224790 0.0000000 3.5142480 4.1521964 3.4132305 3.5224790 3.5142480 3.6379207 3.3090753 3.9512315 4.6799654 2.6033242 
353401_Peace_River             0.1083526 0.1083526 0.1083526 0.1821650 0.0091945 3.5142480 0.0000000 0.1334282 0.1753725 0.0091945 0.0000010 0.1286160 0.1197339 0.2032793 0.8837506 0.9527620 
353407_Noatok                  0.1913174 0.1913174 0.1913174 0.3036452 0.1221693 4.1521964 0.1334282 0.0000000 0.2682535 0.1221693 0.1334282 0.2138239 0.2048662 0.3030174 1.1185248 1.1515837 
353410_Horizon_Lake            0.0535048 0.0772775 0.0772775 0.1248760 0.1637397 3.4132305 0.1753725 0.2682535 0.0000000 0.1637397 0.1753725 0.2265638 0.0468299 0.1197549 0.9460895 0.8341145 
92319_Little_Lost              0.0977585 0.0977585 0.0977585 0.1673988 0.0000010 3.5224790 0.0091945 0.1221693 0.1637397 0.0000000 0.0091945 0.1178346 0.1089105 0.1909382 0.8579506 0.9306704 
94280_St_Joe                   0.1083526 0.1083526 0.1083526 0.1821650 0.0091945 3.5142480 0.0000010 0.1334282 0.1753725 0.0091945 0.0000000 0.1286160 0.1197339 0.2032793 0.8837506 0.9527620 
GCA016432855_Lake_Trout        0.1741431 0.1857641 0.1857641 0.2741213 0.1178346 3.6379207 0.1286160 0.2138239 0.2265638 0.1178346 0.1286160 0.0000000 0.2195047 0.2610032 0.6354390 0.5482654 
GCA036784925_Maine_S_alpinus   0.0664282 0.0664282 0.0664282 0.1236095 0.1089105 3.3090753 0.1197339 0.2048662 0.0468299 0.1089105 0.1197339 0.2195047 0.0000000 0.1086398 0.9906909 1.0560721 
GCA045679555_Iceland_A_alpinus 0.1205791 0.1205791 0.1205791 0.2006925 0.1909382 3.9512315 0.2032793 0.3030174 0.1197549 0.1909382 0.2032793 0.2610032 0.1086398 0.0000000 1.1169859 1.1703477 
GCF013265735_Rainbow_Trout     0.8891618 1.0226909 1.0226909 1.4924381 0.8579506 4.6799654 0.8837506 1.1185248 0.9460895 0.8579506 0.8837506 0.6354390 0.9906909 1.1169859 0.0000000 1.5724260 
GCF029448725_Brook_Trout       0.7532344 1.0253995 1.0253995 1.4292853 0.9306704 2.6033242 0.9527620 1.1515837 0.8341145 0.9306704 0.9527620 0.5482654 1.0560721 1.1703477 1.5724260 0.0000000 
