16
251140_Ward_Creek              0.0000000 0.0000010 0.0150944 0.4288211 0.0381917 0.4288211 0.0304508 0.0150944 0.0075142 0.0704911 0.0304508 0.0075142 0.0075142 0.0075142 0.0701678 0.0632064 
260512_Pybus_Point             0.0000010 0.0000000 0.0150944 0.4288211 0.0381917 0.4288211 0.0304508 0.0150944 0.0075142 0.0704911 0.0304508 0.0075142 0.0075142 0.0075142 0.0701678 0.0632064 
261935_Kenai_River             0.0150944 0.0150944 0.0000000 0.4572669 0.0539570 0.4572669 0.0460925 0.0000010 0.0227419 0.1003887 0.0460925 0.0227419 0.0075221 0.0075221 0.0865714 0.0797640 
353213_Cropley_Lake            0.4288211 0.4288211 0.4572669 0.0000000 0.4999844 0.0000010 0.4862462 0.4572669 0.4429206 1.6971617 0.4862462 0.4429206 0.4429206 0.4429206 0.5634426 0.5633825 
353379_Skagit_River            0.0381917 0.0381917 0.0539570 0.4999844 0.0000000 0.4999844 0.0075363 0.0539570 0.0304486 0.0276736 0.0075363 0.0304486 0.0460380 0.0460380 0.1116028 0.0881288 
353381_Dungeness_River         0.4288211 0.4288211 0.4572669 0.0000010 0.4999844 0.0000000 0.4862462 0.4572669 0.4429206 1.6971617 0.4862462 0.4429206 0.4429206 0.4429206 0.5634426 0.5633825 
353401_Peace_River             0.0304508 0.0304508 0.0460925 0.4862462 0.0075363 0.4862462 0.0000000 0.0460925 0.0227611 0.0137542 0.0000010 0.0227611 0.0382363 0.0382363 0.1032655 0.0798340 
353407_Noatok                  0.0150944 0.0150944 0.0000010 0.4572669 0.0539570 0.4572669 0.0460925 0.0000000 0.0227419 0.1003887 0.0460925 0.0227419 0.0075221 0.0075221 0.0865714 0.0797640 
353410_Horizon_Lake            0.0075142 0.0075142 0.0227419 0.4429206 0.0304486 0.4429206 0.0227611 0.0227419 0.0000000 0.0560382 0.0227611 0.0150944 0.0150944 0.0150944 0.0783301 0.0714450 
92319_Little_Lost              0.0704911 0.0704911 0.1003887 1.6971617 0.0276736 1.6971617 0.0137542 0.1003887 0.0560382 0.0000000 0.0137542 0.0560382 0.0853091 0.0853091 0.2044354 0.1698133 
94280_St_Joe                   0.0304508 0.0304508 0.0460925 0.4862462 0.0075363 0.4862462 0.0000010 0.0460925 0.0227611 0.0137542 0.0000000 0.0227611 0.0382363 0.0382363 0.1032655 0.0798340 
GCA016432855_Lake_Trout        0.0075142 0.0075142 0.0227419 0.4429206 0.0304486 0.4429206 0.0227611 0.0227419 0.0150944 0.0560382 0.0227611 0.0000000 0.0150944 0.0150944 0.0783301 0.0551092 
GCA036784925_Maine_S_alpinus   0.0075142 0.0075142 0.0075221 0.4429206 0.0460380 0.4429206 0.0382363 0.0075221 0.0150944 0.0853091 0.0382363 0.0150944 0.0000000 0.0000010 0.0783301 0.0714450 
GCA045679555_Iceland_A_alpinus 0.0075142 0.0075142 0.0075221 0.4429206 0.0460380 0.4429206 0.0382363 0.0075221 0.0150944 0.0853091 0.0382363 0.0150944 0.0000010 0.0000000 0.0783301 0.0714450 
GCF013265735_Rainbow_Trout     0.0701678 0.0701678 0.0865714 0.5634426 0.1116028 0.5634426 0.1032655 0.0865714 0.0783301 0.2044354 0.1032655 0.0783301 0.0783301 0.0783301 0.0000000 0.1404406 
GCF029448725_Brook_Trout       0.0632064 0.0632064 0.0797640 0.5633825 0.0881288 0.5633825 0.0798340 0.0797640 0.0714450 0.1698133 0.0798340 0.0551092 0.0714450 0.0714450 0.1404406 0.0000000 
