13
251140_Ward_Creek              0.0000000 0.0000010 0.0087733 0.2654935 0.2654935 0.0087733 0.0355591 0.2774536 0.0266717 0.0265628 0.0265628 0.2541472 1.9682373 
260512_Pybus_Point             0.0000010 0.0000000 0.0087733 0.2654935 0.2654935 0.0087733 0.0355591 0.2774536 0.0266717 0.0265628 0.0265628 0.2541472 1.9682373 
261935_Kenai_River             0.0087733 0.0087733 0.0000000 0.2531540 0.2531540 0.0000010 0.0265298 0.2649724 0.0176881 0.0176165 0.0176165 0.2660012 1.9150267 
353379_Skagit_River            0.2654935 0.2654935 0.2531540 0.0000000 0.0000010 0.2531540 0.2649724 0.0088403 0.2543977 0.2530258 0.2530258 0.6386067 0.8771199 
353401_Peace_River             0.2654935 0.2654935 0.2531540 0.0000010 0.0000000 0.2531540 0.2649724 0.0088403 0.2543977 0.2530258 0.2530258 0.6386067 0.8771199 
353407_Noatok                  0.0087733 0.0087733 0.0000010 0.2531540 0.2531540 0.0000000 0.0265298 0.2649724 0.0176881 0.0176165 0.0176165 0.2660012 1.9150267 
353410_Horizon_Lake            0.0355591 0.0355591 0.0265298 0.2649724 0.2649724 0.0265298 0.0000000 0.2769031 0.0266333 0.0087628 0.0087628 0.2779667 1.9573275 
92319_Little_Lost              0.2774536 0.2774536 0.2649724 0.0088403 0.0088403 0.2649724 0.2769031 0.0000000 0.2662842 0.2648334 0.2648334 0.6564118 0.8995874 
GCA016432855_Lake_Trout        0.0266717 0.0266717 0.0176881 0.2543977 0.2543977 0.0176881 0.0266333 0.2662842 0.0000000 0.0176849 0.0176849 0.2673218 1.9608302 
GCA036784925_Maine_S_alpinus   0.0265628 0.0265628 0.0176165 0.2530258 0.2530258 0.0176165 0.0087628 0.2648334 0.0176849 0.0000000 0.0000010 0.2658609 1.9013925 
GCA045679555_Iceland_A_alpinus 0.0265628 0.0265628 0.0176165 0.2530258 0.2530258 0.0176165 0.0087628 0.2648334 0.0176849 0.0000010 0.0000000 0.2658609 1.9013925 
GCF013265735_Rainbow_Trout     0.2541472 0.2541472 0.2660012 0.6386067 0.6386067 0.2660012 0.2779667 0.6564118 0.2673218 0.2658609 0.2658609 0.0000000 4.1345544 
GCF029448725_Brook_Trout       1.9682373 1.9682373 1.9150267 0.8771199 0.8771199 1.9150267 1.9573275 0.8995874 1.9608302 1.9013925 1.9013925 4.1345544 0.0000000 
