18
251140_Ward_Creek              0.0000000 0.0000010 0.0004198 0.0004198 0.0004198 0.0050234 0.0008496 0.8191737 0.0034342 0.0042148 0.0060193 0.0051016 0.0174824 0.0046381 0.0046381 0.0334483 0.0131526 0.0059303 
260512_Pybus_Point             0.0000010 0.0000000 0.0004198 0.0004198 0.0004198 0.0050234 0.0008496 0.8191737 0.0034342 0.0042148 0.0060193 0.0051016 0.0174824 0.0046381 0.0046381 0.0334483 0.0131526 0.0059303 
261935_Kenai_River             0.0004198 0.0004198 0.0000000 0.0008410 0.0008410 0.0055271 0.0004241 0.8191737 0.0034342 0.0046372 0.0064838 0.0055279 0.0179234 0.0050609 0.0050609 0.0339019 0.0135797 0.0059303 
353219_Peterson_Creek          0.0004198 0.0004198 0.0008410 0.0000000 0.0000010 0.0055271 0.0012747 0.8232930 0.0045816 0.0046372 0.0064838 0.0055279 0.0179234 0.0050609 0.0050609 0.0339019 0.0135797 0.0065914 
353246_Cottonwood_Creek        0.0004198 0.0004198 0.0008410 0.0000010 0.0000000 0.0055271 0.0012747 0.8232930 0.0045816 0.0046372 0.0064838 0.0055279 0.0179234 0.0050609 0.0050609 0.0339019 0.0135797 0.0065914 
353379_Skagit_River            0.0050234 0.0050234 0.0055271 0.0055271 0.0055271 0.0000000 0.0050686 0.5947861 0.0074546 0.0035112 0.0019869 0.0009064 0.0176447 0.0040148 0.0040148 0.0391501 0.0091140 0.0005770 
353381_Dungeness_River         0.0008496 0.0008496 0.0004241 0.0012747 0.0012747 0.0050686 0.0000000 0.6043137 0.0037134 0.0051116 0.0059849 0.0051349 0.0193829 0.0055398 0.0055398 0.0380606 0.0126160 0.0053013 
353401_Peace_River             0.8191737 0.8191737 0.8191737 0.8232930 0.8232930 0.5947861 0.6043137 0.0000000 0.5789128 0.8083624 0.7503983 0.5947861 0.9817255 0.8137476 0.8137476 1.0272050 0.5960176 0.5947861 
353407_Noatok                  0.0034342 0.0034342 0.0034342 0.0045816 0.0045816 0.0074546 0.0037134 0.5789128 0.0000000 0.0080447 0.0102195 0.0074546 0.0407721 0.0092043 0.0092043 0.0548521 0.0168738 0.0074546 
353410_Horizon_Lake            0.0042148 0.0042148 0.0046372 0.0046372 0.0046372 0.0035112 0.0051116 0.8083624 0.0080447 0.0000000 0.0055526 0.0042470 0.0170310 0.0012621 0.0012621 0.0325210 0.0122914 0.0039460 
92319_Little_Lost              0.0060193 0.0060193 0.0064838 0.0064838 0.0064838 0.0019869 0.0059849 0.7503983 0.0102195 0.0055526 0.0000000 0.0008412 0.0195934 0.0060180 0.0060180 0.0409006 0.0118671 0.0012982 
94280_St_Joe                   0.0051016 0.0051016 0.0055279 0.0055279 0.0055279 0.0009064 0.0051349 0.5947861 0.0074546 0.0042470 0.0008412 0.0000000 0.0175055 0.0046736 0.0046736 0.0364887 0.0105804 0.0000010 
GCA016432855_Lake_Trout        0.0174824 0.0174824 0.0179234 0.0179234 0.0179234 0.0176447 0.0193829 0.9817255 0.0407721 0.0170310 0.0195934 0.0175055 0.0000000 0.0174751 0.0174751 0.0418242 0.0164795 0.0206139 
GCA036784925_Maine_S_alpinus   0.0046381 0.0046381 0.0050609 0.0050609 0.0050609 0.0040148 0.0055398 0.8137476 0.0092043 0.0012621 0.0060180 0.0046736 0.0174751 0.0000000 0.0000010 0.0329809 0.0127205 0.0039472 
GCA045679555_Iceland_A_alpinus 0.0046381 0.0046381 0.0050609 0.0050609 0.0050609 0.0040148 0.0055398 0.8137476 0.0092043 0.0012621 0.0060180 0.0046736 0.0174751 0.0000010 0.0000000 0.0329809 0.0127205 0.0039472 
GCF013265735_Rainbow_Trout     0.0334483 0.0334483 0.0339019 0.0339019 0.0339019 0.0391501 0.0380606 1.0272050 0.0548521 0.0325210 0.0409006 0.0364887 0.0418242 0.0329809 0.0329809 0.0000000 0.0398179 0.0384198 
GCF029448725_Brook_Trout       0.0131526 0.0131526 0.0135797 0.0135797 0.0135797 0.0091140 0.0126160 0.5960176 0.0168738 0.0122914 0.0118671 0.0105804 0.0164795 0.0127205 0.0127205 0.0398179 0.0000000 0.0086991 
Methow_River_99895             0.0059303 0.0059303 0.0059303 0.0065914 0.0065914 0.0005770 0.0053013 0.5947861 0.0074546 0.0039460 0.0012982 0.0000010 0.0206139 0.0039472 0.0039472 0.0384198 0.0086991 0.0000000 
