15
251140_Ward_Creek              0.0000000 0.0129055 0.0129055 0.0000010 0.0129992 0.0395286 0.0129992 0.0534668 0.0534668 0.7359868 0.0534668 0.0530676 0.0398232 0.1417997 0.0948335 
260512_Pybus_Point             0.0129055 0.0000000 0.0000010 0.0129055 0.0261740 0.0530676 0.0261740 0.0673024 0.0673024 0.8347755 0.0673024 0.0667950 0.0534668 0.1571637 0.1091536 
261935_Kenai_River             0.0129055 0.0000010 0.0000000 0.0129055 0.0261740 0.0530676 0.0261740 0.0673024 0.0673024 0.8347755 0.0673024 0.0667950 0.0534668 0.1571637 0.1091536 
353213_Cropley_Lake            0.0000010 0.0129055 0.0129055 0.0000000 0.0129992 0.0395286 0.0129992 0.0534668 0.0534668 0.7359868 0.0534668 0.0530676 0.0398232 0.1417997 0.0948335 
353246_Cottonwood_Creek        0.0129992 0.0261740 0.0261740 0.0129992 0.0000000 0.0259837 0.0000010 0.0395286 0.0395286 0.6173981 0.0395286 0.0392384 0.0261740 0.1256557 0.0801056 
353379_Skagit_River            0.0395286 0.0530676 0.0530676 0.0395286 0.0259837 0.0000000 0.0259837 0.0112449 0.0112449 0.2715118 0.0112449 0.0129055 0.0226213 0.1256557 0.0454859 
353381_Dungeness_River         0.0129992 0.0261740 0.0261740 0.0129992 0.0000010 0.0259837 0.0000000 0.0395286 0.0395286 0.6173981 0.0395286 0.0392384 0.0261740 0.1256557 0.0801056 
353401_Peace_River             0.0534668 0.0673024 0.0673024 0.0534668 0.0395286 0.0112449 0.0395286 0.0000000 0.0227653 0.2287531 0.0000010 0.0261740 0.0343506 0.1417997 0.0575647 
353407_Noatok                  0.0534668 0.0673024 0.0673024 0.0534668 0.0395286 0.0112449 0.0395286 0.0227653 0.0000000 0.3178843 0.0227653 0.0261740 0.0111746 0.1417997 0.0575647 
92319_Little_Lost              0.7359868 0.8347755 0.8347755 0.7359868 0.6173981 0.2715118 0.6173981 0.2287531 0.3178843 0.0000000 0.2287531 0.5368435 0.3603191 1.4982762 0.4402444 
94280_St_Joe                   0.0534668 0.0673024 0.0673024 0.0534668 0.0395286 0.0112449 0.0395286 0.0000010 0.0227653 0.2287531 0.0000000 0.0261740 0.0343506 0.1417997 0.0575647 
GCA016432855_Lake_Trout        0.0530676 0.0667950 0.0667950 0.0530676 0.0392384 0.0129055 0.0392384 0.0261740 0.0261740 0.5368435 0.0261740 0.0000000 0.0395286 0.1406550 0.0392384 
GCA045679555_Iceland_A_alpinus 0.0398232 0.0534668 0.0534668 0.0398232 0.0261740 0.0226213 0.0261740 0.0343506 0.0111746 0.3603191 0.0343506 0.0395286 0.0000000 0.1266671 0.0694933 
GCF013265735_Rainbow_Trout     0.1417997 0.1571637 0.1571637 0.1417997 0.1256557 0.1256557 0.1256557 0.1417997 0.1417997 1.4982762 0.1417997 0.1406550 0.1266671 0.0000000 0.1870349 
GCF029448725_Brook_Trout       0.0948335 0.1091536 0.1091536 0.0948335 0.0801056 0.0454859 0.0801056 0.0575647 0.0575647 0.4402444 0.0575647 0.0392384 0.0694933 0.1870349 0.0000000 
