16
251140_Ward_Creek            0.0000000 0.0000010 0.0033957 0.0102320 0.0324013 0.0000010 0.0171372 0.0187516 0.0068064 0.0171365 0.0136791 0.0221889 0.0068064 0.0599536 0.0311229 0.0138172 
260512_Pybus_Point           0.0000010 0.0000000 0.0033957 0.0102320 0.0324013 0.0000010 0.0171372 0.0187516 0.0068064 0.0171365 0.0136791 0.0221889 0.0068064 0.0599536 0.0311229 0.0138172 
261935_Kenai_River           0.0033957 0.0033957 0.0000000 0.0068061 0.0282753 0.0057190 0.0136791 0.0140205 0.0033957 0.0136786 0.0102364 0.0184461 0.0033957 0.0562944 0.0276019 0.0103387 
353246_Cottonwood_Creek      0.0102320 0.0102320 0.0068061 0.0000000 0.0282604 0.0172840 0.0136731 0.0046427 0.0033942 0.0136726 0.0102320 0.0259490 0.0033942 0.0636270 0.0346587 0.0103341 
353379_Skagit_River          0.0324013 0.0324013 0.0282753 0.0282604 0.0000000 0.0628639 0.0200714 0.0476910 0.0241593 0.0200704 0.0160148 0.0537094 0.0241593 0.0972851 0.0619427 0.0162043 
353381_Dungeness_River       0.0000010 0.0000010 0.0057190 0.0172840 0.0628639 0.0000000 0.0290471 0.0427032 0.0114806 0.0231498 0.0231498 0.0196124 0.0114806 0.0779888 0.0409408 0.0234129 
353401_Peace_River           0.0171372 0.0171372 0.0136791 0.0136731 0.0200714 0.0290471 0.0000000 0.0235130 0.0102324 0.0068037 0.0033945 0.0335423 0.0102324 0.0710683 0.0418009 0.0034285 
353407_Noatok                0.0187516 0.0187516 0.0140205 0.0046427 0.0476910 0.0427032 0.0235130 0.0000000 0.0093134 0.0235117 0.0187516 0.0421406 0.0093134 0.0936676 0.0527375 0.0190122 
353410_Horizon_Lake          0.0068064 0.0068064 0.0033957 0.0033942 0.0241593 0.0114806 0.0102324 0.0093134 0.0000000 0.0102320 0.0068064 0.0221889 0.0000010 0.0599536 0.0311229 0.0068747 
92319_Little_Lost            0.0171365 0.0171365 0.0136786 0.0136726 0.0200704 0.0231498 0.0068037 0.0235117 0.0102320 0.0000000 0.0033943 0.0335408 0.0102320 0.0710651 0.0417991 0.0034283 
94280_St_Joe                 0.0136791 0.0136791 0.0102364 0.0102320 0.0160148 0.0231498 0.0033945 0.0187516 0.0068064 0.0033943 0.0000000 0.0297427 0.0068064 0.0673542 0.0382295 0.0000010 
GCA016432855_Lake_Trout      0.0221889 0.0221889 0.0184461 0.0259490 0.0537094 0.0196124 0.0335423 0.0421406 0.0221889 0.0335408 0.0297427 0.0000000 0.0221889 0.0766720 0.0335245 0.0300691 
GCA036784925_Maine_S_alpinus 0.0068064 0.0068064 0.0033957 0.0033942 0.0241593 0.0114806 0.0102324 0.0093134 0.0000010 0.0102320 0.0068064 0.0221889 0.0000000 0.0599536 0.0311229 0.0068747 
GCF013265735_Rainbow_Trout   0.0599536 0.0599536 0.0562944 0.0636270 0.0972851 0.0779888 0.0710683 0.0936676 0.0599536 0.0710651 0.0673542 0.0766720 0.0599536 0.0000000 0.0822679 0.0680581 
GCF029448725_Brook_Trout     0.0311229 0.0311229 0.0276019 0.0346587 0.0619427 0.0409408 0.0418009 0.0527375 0.0311229 0.0417991 0.0382295 0.0335245 0.0311229 0.0822679 0.0000000 0.0386213 
Methow_River_99895           0.0138172 0.0138172 0.0103387 0.0103341 0.0162043 0.0234129 0.0034285 0.0190122 0.0068747 0.0034283 0.0000010 0.0300691 0.0068747 0.0680581 0.0386213 0.0000000 
