14
251140_Ward_Creek          0.0000000 0.0000010 0.0045566 0.0184386 0.0123992 0.0230983 0.0184896 0.0045566 0.1127576 0.0184386 0.0229939 0.0929174 0.0616731 0.0326178 
260512_Pybus_Point         0.0000010 0.0000000 0.0045566 0.0184386 0.0123992 0.0230983 0.0184896 0.0045566 0.1127576 0.0184386 0.0229939 0.0929174 0.0616731 0.0326178 
353220_Fish_Creek          0.0045566 0.0045566 0.0000000 0.0137826 0.0249412 0.0184167 0.0231623 0.0000010 0.0827735 0.0137826 0.0183331 0.0980384 0.0567300 0.0259719 
353379_Skagit_River        0.0184386 0.0184386 0.0137826 0.0000000 0.0376307 0.0045558 0.0375030 0.0137826 0.0000010 0.0000010 0.0230572 0.1089638 0.0618481 0.0063982 
353381_Dungeness_River     0.0123992 0.0123992 0.0249412 0.0376307 0.0000000 0.0504686 0.0648741 0.0249412 0.0978330 0.0376307 0.0767182 0.2709628 0.1783461 0.0376307 
353401_Peace_River         0.0230983 0.0230983 0.0184167 0.0045558 0.0504686 0.0000000 0.0422855 0.0184167 0.0262285 0.0045558 0.0277291 0.1141908 0.0667582 0.0128335 
353407_Noatok              0.0184896 0.0184896 0.0231623 0.0375030 0.0648741 0.0422855 0.0000000 0.0231623 0.2526368 0.0375030 0.0420880 0.1145282 0.0714683 0.0601140 
353410_Horizon_Lake        0.0045566 0.0045566 0.0000010 0.0137826 0.0249412 0.0184167 0.0231623 0.0000000 0.0827735 0.0137826 0.0183331 0.0980384 0.0567300 0.0259719 
92319_Little_Lost          0.1127576 0.1127576 0.0827735 0.0000010 0.0978330 0.0262285 0.2526368 0.0827735 0.0000000 0.0000010 0.1411775 0.9508407 0.4024926 0.0000010 
94280_St_Joe               0.0184386 0.0184386 0.0137826 0.0000010 0.0376307 0.0045558 0.0375030 0.0137826 0.0000010 0.0000000 0.0230572 0.1089638 0.0618481 0.0063982 
GCA016432855_Lake_Trout    0.0229939 0.0229939 0.0183331 0.0230572 0.0767182 0.0277291 0.0420880 0.0183331 0.1411775 0.0230572 0.0000000 0.1136119 0.0373254 0.0391574 
GCF013265735_Rainbow_Trout 0.0929174 0.0929174 0.0980384 0.1089638 0.2709628 0.1141908 0.1145282 0.0980384 0.9508407 0.1089638 0.1136119 0.0000000 0.1584275 0.1582350 
GCF029448725_Brook_Trout   0.0616731 0.0616731 0.0567300 0.0618481 0.1783461 0.0667582 0.0714683 0.0567300 0.4024926 0.0618481 0.0373254 0.1584275 0.0000000 0.0878538 
Methow_River_99895         0.0326178 0.0326178 0.0259719 0.0063982 0.0376307 0.0128335 0.0601140 0.0259719 0.0000010 0.0063982 0.0391574 0.1582350 0.0878538 0.0000000 
