14
251140_Ward_Creek              0.0000000 0.0000010 0.1927484 8.9999990 0.1850080 0.1617598 0.0149823 0.0483093 0.1850080 8.9999987 0.0000010 0.2281646 8.9999988 0.0483093 
260512_Pybus_Point             0.0000010 0.0000000 0.1927484 8.9999990 0.1850080 0.1617598 0.0149823 0.0483093 0.1850080 8.9999987 0.0000010 0.2281646 8.9999988 0.0483093 
353379_Skagit_River            0.1927484 0.1927484 0.0000000 1.6871413 0.0149822 0.0338758 0.2281646 0.1096451 0.0149822 2.0479921 1.4805883 0.1690054 1.2328534 0.1096451 
353381_Dungeness_River         8.9999990 8.9999990 1.6871413 0.0000000 2.4569408 1.2328534 8.9999986 8.9999981 2.4569408 0.0186073 9.0000000 1.3058975 0.0651711 8.9999981 
353401_Peace_River             0.1850080 0.1850080 0.0149822 2.4569408 0.0000000 0.0574646 0.2227906 0.0977001 0.0000010 2.9789252 1.6318097 0.2098335 1.8270039 0.0977001 
353407_Noatok                  0.1617598 0.1617598 0.0338758 1.2328534 0.0574646 0.0000000 0.1927484 0.2692957 0.0574646 1.5249104 1.2958874 0.1442857 0.8764285 0.2692957 
353410_Horizon_Lake            0.0149823 0.0149823 0.2281646 8.9999986 0.2227906 0.1927484 0.0000000 0.0670011 0.2227906 8.9999981 0.0149823 0.2692957 8.9999982 0.0670011 
92319_Little_Lost              0.0483093 0.0483093 0.1096451 8.9999981 0.0977001 0.2692957 0.0670011 0.0000000 0.0977001 9.0000000 0.0483093 0.3770083 8.9999989 0.0000010 
94280_St_Joe                   0.1850080 0.1850080 0.0149822 2.4569408 0.0000010 0.0574646 0.2227906 0.0977001 0.0000000 2.9789252 1.6318097 0.2098335 1.8270039 0.0977001 
GCA016432855_Lake_Trout        8.9999987 8.9999987 2.0479921 0.0186073 2.9789252 1.5249104 8.9999981 9.0000000 2.9789252 0.0000000 9.0000000 1.3058975 0.0737117 9.0000000 
GCA045679555_Iceland_A_alpinus 0.0000010 0.0000010 1.4805883 9.0000000 1.6318097 1.2958874 0.0149823 0.0483093 1.6318097 9.0000000 0.0000000 1.9026175 8.9999990 0.0483093 
GCF013265735_Rainbow_Trout     0.2281646 0.2281646 0.1690054 1.3058975 0.2098335 0.1442857 0.2692957 0.3770083 0.2098335 1.3058975 1.9026175 0.0000000 0.8156450 0.3770083 
GCF029448725_Brook_Trout       8.9999988 8.9999988 1.2328534 0.0651711 1.8270039 0.8764285 8.9999982 8.9999989 1.8270039 0.0737117 8.9999990 0.8156450 0.0000000 8.9999989 
Methow_River_99895             0.0483093 0.0483093 0.1096451 8.9999981 0.0977001 0.2692957 0.0670011 0.0000010 0.0977001 9.0000000 0.0483093 0.3770083 8.9999989 0.0000000 
