11
251140_Ward_Creek            0.0000000 0.0000010 0.0328599 0.0000010 0.0328599 0.0217422 0.0328169 0.0325724 0.0328169 0.1309807 0.0659623 
260512_Pybus_Point           0.0000010 0.0000000 0.0328599 0.0000010 0.0328599 0.0217422 0.0328169 0.0325724 0.0328169 0.1309807 0.0659623 
353379_Skagit_River          0.0328599 0.0328599 0.0000000 0.1686627 0.0000010 0.0555386 0.0670745 0.0438572 0.0670745 0.1708121 0.0777236 
353381_Dungeness_River       0.0000010 0.0000010 0.1686627 0.0000000 0.1686627 0.0528613 0.1674179 0.1609838 0.1674179 0.7734889 0.3439695 
353401_Peace_River           0.0328599 0.0328599 0.0000010 0.1686627 0.0000000 0.0555386 0.0670745 0.0438572 0.0670745 0.1708121 0.0777236 
353407_Noatok                0.0217422 0.0217422 0.0555386 0.0528613 0.0555386 0.0000000 0.0554637 0.0550421 0.0554637 0.1445091 0.0777446 
353410_Horizon_Lake          0.0328169 0.0328169 0.0670745 0.1674179 0.0670745 0.0554637 0.0000000 0.0664685 0.0000010 0.1705375 0.1009791 
GCA016432855_Lake_Trout      0.0325724 0.0325724 0.0438572 0.1609838 0.0438572 0.0550421 0.0664685 0.0000000 0.0664685 0.1690655 0.0543970 
GCA036784925_Maine_S_alpinus 0.0328169 0.0328169 0.0670745 0.1674179 0.0670745 0.0554637 0.0000010 0.0664685 0.0000000 0.1705375 0.1009791 
GCF013265735_Rainbow_Trout   0.1309807 0.1309807 0.1708121 0.7734889 0.1708121 0.1445091 0.1705375 0.1690655 0.1705375 0.0000000 0.2082221 
GCF029448725_Brook_Trout     0.0659623 0.0659623 0.0777236 0.3439695 0.0777236 0.0777446 0.1009791 0.0543970 0.1009791 0.2082221 0.0000000 
