19
251140_Ward_Creek              0.0000000 0.0000010 0.1455038 0.0000010 0.0000010 0.0942589 0.1817558 0.0000010 0.1088248 0.0773435 0.0542685 0.0690134 0.0763989 0.1011743 0.1034058 0.0588229 0.4511347 0.0905233 0.0690134 
260512_Pybus_Point             0.0000010 0.0000000 0.1455038 0.0000010 0.0000010 0.0942589 0.2446845 0.0000010 0.1088248 0.0773435 0.0542685 0.0763989 0.0763989 0.1123195 0.1150951 0.0650799 0.4754613 0.1004322 0.0763989 
261935_Kenai_River             0.1455038 0.1455038 0.0000000 0.2886278 0.1455038 0.2550619 0.2451283 0.2886278 0.2055867 0.0517419 0.0885371 0.1062328 0.1062328 0.1672781 0.0695484 0.0876356 0.7145149 0.1670417 0.1062328 
353213_Cropley_Lake            0.0000010 0.0000010 0.2886278 0.0000000 0.0000010 0.0942589 2.2390907 0.0000010 0.1088248 0.1108121 0.0771786 0.1088248 0.1088248 0.1619340 0.1679397 0.0924821 0.5360890 0.1444271 0.1088248 
353219_Peterson_Creek          0.0000010 0.0000010 0.1455038 0.0000010 0.0000000 0.0942589 0.1817558 0.0000010 0.1088248 0.0773435 0.0542685 0.0690134 0.0763989 0.1011743 0.1034058 0.0588229 0.4511347 0.0905233 0.0690134 
353246_Cottonwood_Creek        0.0942589 0.0942589 0.2550619 0.0942589 0.0942589 0.0000000 8.9999989 0.0942589 0.1099092 0.0772983 0.0766522 0.1099092 0.1099092 0.1636925 0.1698481 0.0933837 0.4999467 0.1459593 0.1099092 
353379_Skagit_River            0.1817558 0.2446845 0.2451283 2.2390907 0.1817558 8.9999989 0.0000000 2.2390907 8.9999984 0.2510483 0.2928475 0.0737721 0.0973989 0.2810522 0.1264336 0.1264336 1.3124338 0.2141905 0.0737721 
353381_Dungeness_River         0.0000010 0.0000010 0.2886278 0.0000010 0.0000010 0.0942589 2.2390907 0.0000000 0.1088248 0.1108121 0.0771786 0.1088248 0.1088248 0.1619340 0.1679397 0.0924821 0.5360890 0.1444271 0.1088248 
353401_Peace_River             0.1088248 0.1088248 0.2055867 0.1088248 0.1088248 0.1099092 8.9999984 0.1088248 0.0000000 0.0935659 0.1254138 0.0000010 0.0000010 0.1435057 0.1486810 0.0759756 0.5064239 0.1264342 0.0000010 
353407_Noatok                  0.0773435 0.0773435 0.0517419 0.1108121 0.0773435 0.0772983 0.2510483 0.1108121 0.0935659 0.0000000 0.0429994 0.0656015 0.0656015 0.1012964 0.1037908 0.0543236 0.4646257 0.0894462 0.0656015 
353410_Horizon_Lake            0.0542685 0.0542685 0.0885371 0.0771786 0.0542685 0.0766522 0.2928475 0.0771786 0.1254138 0.0429994 0.0000000 0.0878463 0.0878463 0.1243292 0.1274425 0.0763893 0.4930612 0.1122935 0.0878463 
92319_Little_Lost              0.0690134 0.0763989 0.1062328 0.1088248 0.0690134 0.1099092 0.0737721 0.1088248 0.0000010 0.0656015 0.0878463 0.0000000 0.0000010 0.0901817 0.0921376 0.0485711 0.4322176 0.0796984 0.0000010 
94280_St_Joe                   0.0763989 0.0763989 0.1062328 0.1088248 0.0763989 0.1099092 0.0973989 0.1088248 0.0000010 0.0656015 0.0878463 0.0000010 0.0000000 0.1000072 0.1024328 0.0536857 0.4539786 0.0883279 0.0000010 
GCA016432855_Lake_Trout        0.1011743 0.1123195 0.1672781 0.1619340 0.1011743 0.1636925 0.2810522 0.1619340 0.1435057 0.1012964 0.1243292 0.0901817 0.1000072 0.0000000 0.1262809 0.0797040 0.4569063 0.0693574 0.0901817 
GCA036784925_Maine_S_alpinus   0.1034058 0.1150951 0.0695484 0.1679397 0.1034058 0.1698481 0.1264336 0.1679397 0.1486810 0.1037908 0.1274425 0.0921376 0.1024328 0.1262809 0.0000000 0.0814122 0.4778168 0.1150356 0.0921376 
GCA045679555_Iceland_A_alpinus 0.0588229 0.0650799 0.0876356 0.0924821 0.0588229 0.0933837 0.1264336 0.0924821 0.0759756 0.0543236 0.0763893 0.0485711 0.0536857 0.0797040 0.0814122 0.0000000 0.4167353 0.0693391 0.0485711 
GCF013265735_Rainbow_Trout     0.4511347 0.4754613 0.7145149 0.5360890 0.4511347 0.4999467 1.3124338 0.5360890 0.5064239 0.4646257 0.4930612 0.4322176 0.4539786 0.4569063 0.4778168 0.4167353 0.0000000 0.4408366 0.4322176 
GCF029448725_Brook_Trout       0.0905233 0.1004322 0.1670417 0.1444271 0.0905233 0.1459593 0.2141905 0.1444271 0.1264342 0.0894462 0.1122935 0.0796984 0.0883279 0.0693574 0.1150356 0.0693391 0.4408366 0.0000000 0.0796984 
Methow_River_99895             0.0690134 0.0763989 0.1062328 0.1088248 0.0690134 0.1099092 0.0737721 0.1088248 0.0000010 0.0656015 0.0878463 0.0000010 0.0000010 0.0901817 0.0921376 0.0485711 0.4322176 0.0796984 0.0000000 
