14
251140_Ward_Creek            0.0000000 0.0000010 0.2031250 0.0078973 0.0439764 0.0165871 0.0105745 0.2056436 0.0078973 0.0094898 0.2100985 0.2056436 0.1619083 0.2192327 
260512_Pybus_Point           0.0000010 0.0000000 0.2031250 0.0078973 0.0439764 0.0165871 0.0105745 0.2056436 0.0078973 0.0094898 0.2100985 0.2056436 0.1619083 0.2192327 
353219_Peterson_Creek        0.2031250 0.2031250 0.0000000 0.2074098 0.1367850 0.2300620 0.4286489 0.0069775 0.2074098 0.2097888 0.0140043 0.0069775 0.2938037 0.0175473 
353379_Skagit_River          0.0078973 0.0078973 0.2074098 0.0000000 0.0538378 0.0082540 0.0159194 0.2099435 0.0000010 0.0015744 0.2144152 0.2099435 0.1667463 0.2235870 
353381_Dungeness_River       0.0439764 0.0439764 0.1367850 0.0538378 0.0000000 0.0669687 0.1018584 0.1394666 0.0538378 0.0558547 0.1443924 0.1394666 0.1580661 0.1544485 
353401_Peace_River           0.0165871 0.0165871 0.2300620 0.0082540 0.0669687 0.0000000 0.0306718 0.2328096 0.0082540 0.0099190 0.2376025 0.2328096 0.1646495 0.2474553 
353407_Noatok                0.0105745 0.0105745 0.4286489 0.0159194 0.1018584 0.0306718 0.0000000 0.4352441 0.0159194 0.0186154 0.4286489 0.4352441 0.3320932 0.4503716 
353410_Horizon_Lake          0.2056436 0.2056436 0.0069775 0.2099435 0.1394666 0.2328096 0.4352441 0.0000000 0.2099435 0.2123334 0.0140220 0.0000010 0.2974906 0.0175696 
92319_Little_Lost            0.0078973 0.0078973 0.2074098 0.0000010 0.0538378 0.0082540 0.0159194 0.2099435 0.0000000 0.0015744 0.2144152 0.2099435 0.1667463 0.2235870 
94280_St_Joe                 0.0094898 0.0094898 0.2097888 0.0015744 0.0558547 0.0099190 0.0186154 0.2123334 0.0015744 0.0000000 0.2168194 0.2123334 0.1692443 0.2260221 
GCA016432855_Lake_Trout      0.2100985 0.2100985 0.0140043 0.2144152 0.1443924 0.2376025 0.4286489 0.0140220 0.2144152 0.2168194 0.0000000 0.0140220 0.3000059 0.0104781 
GCA036784925_Maine_S_alpinus 0.2056436 0.2056436 0.0069775 0.2099435 0.1394666 0.2328096 0.4352441 0.0000010 0.2099435 0.2123334 0.0140220 0.0000000 0.2974906 0.0175696 
GCF013265735_Rainbow_Trout   0.1619083 0.1619083 0.2938037 0.1667463 0.1580661 0.1646495 0.3320932 0.2974906 0.1667463 0.1692443 0.3000059 0.2974906 0.0000000 0.2971949 
GCF029448725_Brook_Trout     0.2192327 0.2192327 0.0175473 0.2235870 0.1544485 0.2474553 0.4503716 0.0175696 0.2235870 0.2260221 0.0104781 0.0175696 0.2971949 0.0000000 
