13
251140_Ward_Creek              0.0000000 0.0000010 0.0174426 0.6142706 0.6912612 0.0174426 0.0535942 0.6912612 0.6142706 0.0535942 0.0535942 0.2912780 0.8739777 
260512_Pybus_Point             0.0000010 0.0000000 0.0174426 0.6142706 0.6912612 0.0174426 0.0535942 0.6912612 0.6142706 0.0535942 0.0535942 0.2912780 0.8739777 
353246_Cottonwood_Creek        0.0174426 0.0174426 0.0000000 0.5444528 0.6142706 0.0000010 0.0353006 0.6142706 0.5444528 0.0353006 0.0353006 0.2662755 0.7770689 
353379_Skagit_River            0.6142706 0.6142706 0.5444528 0.0000000 0.0329723 0.5444528 0.6912612 0.0329723 0.0000010 0.6912612 0.6912612 9.0000000 0.1036128 
353401_Peace_River             0.6912612 0.6912612 0.6142706 0.0329723 0.0000000 0.6142706 0.7770689 0.0000010 0.0329723 0.7770689 0.7770689 9.0000000 0.1415956 
353407_Noatok                  0.0174426 0.0174426 0.0000010 0.5444528 0.6142706 0.0000000 0.0353006 0.6142706 0.5444528 0.0353006 0.0353006 0.2662755 0.7770689 
353410_Horizon_Lake            0.0535942 0.0535942 0.0353006 0.6912612 0.7770689 0.0353006 0.0000000 0.7770689 0.6912612 0.0353006 0.0353006 0.3171426 0.9852928 
92319_Little_Lost              0.6912612 0.6912612 0.6142706 0.0329723 0.0000010 0.6142706 0.7770689 0.0000000 0.0329723 0.7770689 0.7770689 9.0000000 0.1415956 
GCA016432855_Lake_Trout        0.6142706 0.6142706 0.5444528 0.0000010 0.0329723 0.5444528 0.6912612 0.0329723 0.0000000 0.6912612 0.6912612 9.0000000 0.1036128 
GCA036784925_Maine_S_alpinus   0.0535942 0.0535942 0.0353006 0.6912612 0.7770689 0.0353006 0.0353006 0.7770689 0.6912612 0.0000000 0.0000010 0.3171426 0.9852928 
GCA045679555_Iceland_A_alpinus 0.0535942 0.0535942 0.0353006 0.6912612 0.7770689 0.0353006 0.0353006 0.7770689 0.6912612 0.0000010 0.0000000 0.3171426 0.9852928 
GCF013265735_Rainbow_Trout     0.2912780 0.2912780 0.2662755 9.0000000 9.0000000 0.2662755 0.3171426 9.0000000 9.0000000 0.3171426 0.3171426 0.0000000 9.0000000 
GCF029448725_Brook_Trout       0.8739777 0.8739777 0.7770689 0.1036128 0.1415956 0.7770689 0.9852928 0.1415956 0.1036128 0.9852928 0.9852928 9.0000000 0.0000000 
