14
251140_Ward_Creek              0.0000000 0.0000010 0.0230345 0.0467010 0.1239490 0.0000010 0.1239490 0.0467010 0.0467010 0.0710267 0.0467010 0.0230345 0.1567222 0.2158108 
260512_Pybus_Point             0.0000010 0.0000000 0.0230345 0.0467010 0.1239490 0.0000010 0.1239490 0.0467010 0.0467010 0.0710267 0.0467010 0.0230345 0.1567222 0.2158108 
261935_Kenai_River             0.0230345 0.0230345 0.0000000 0.0230345 0.0977190 0.0609287 0.0977190 0.0230345 0.0230345 0.0467010 0.0230345 0.0000010 0.1285614 0.1857916 
353246_Cottonwood_Creek        0.0467010 0.0467010 0.0230345 0.0000000 0.1239490 0.1263866 0.1239490 0.0000010 0.0467010 0.0710267 0.0467010 0.0230345 0.1567222 0.2158108 
353379_Skagit_River            0.1239490 0.1239490 0.0977190 0.1239490 0.0000000 0.3758949 0.0000010 0.1239490 0.1239490 0.0977190 0.1239490 0.0977190 0.1822192 0.1822192 
353381_Dungeness_River         0.0000010 0.0000010 0.0609287 0.1263866 0.3758949 0.0000000 0.3758949 0.1263866 0.1263866 0.1968744 0.1263866 0.0609287 0.5434075 0.8128008 
353401_Peace_River             0.1239490 0.1239490 0.0977190 0.1239490 0.0000010 0.3758949 0.0000000 0.1239490 0.1239490 0.0977190 0.1239490 0.0977190 0.1822192 0.1822192 
353407_Noatok                  0.0467010 0.0467010 0.0230345 0.0000010 0.1239490 0.1263866 0.1239490 0.0000000 0.0467010 0.0710267 0.0467010 0.0230345 0.1567222 0.2158108 
353410_Horizon_Lake            0.0467010 0.0467010 0.0230345 0.0467010 0.1239490 0.1263866 0.1239490 0.0467010 0.0000000 0.0710267 0.0000010 0.0230345 0.1567222 0.2158108 
GCA016432855_Lake_Trout        0.0710267 0.0710267 0.0467010 0.0710267 0.0977190 0.1968744 0.0977190 0.0710267 0.0710267 0.0000000 0.0710267 0.0467010 0.1857916 0.1857916 
GCA036784925_Maine_S_alpinus   0.0467010 0.0467010 0.0230345 0.0467010 0.1239490 0.1263866 0.1239490 0.0467010 0.0000010 0.0710267 0.0000000 0.0230345 0.1567222 0.2158108 
GCA045679555_Iceland_A_alpinus 0.0230345 0.0230345 0.0000010 0.0230345 0.0977190 0.0609287 0.0977190 0.0230345 0.0230345 0.0467010 0.0230345 0.0000000 0.1285614 0.1857916 
GCF013265735_Rainbow_Trout     0.1567222 0.1567222 0.1285614 0.1567222 0.1822192 0.5434075 0.1822192 0.1567222 0.1567222 0.1857916 0.1567222 0.1285614 0.0000000 0.2849641 
GCF029448725_Brook_Trout       0.2158108 0.2158108 0.1857916 0.2158108 0.1822192 0.8128008 0.1822192 0.2158108 0.2158108 0.1857916 0.2158108 0.1857916 0.2849641 0.0000000 
