19
251140_Ward_Creek              0.0000000 0.0249300 0.0370494 0.0000010 0.0161456 0.0333669 0.0000010 1.4066968 3.1515768 1.4066968 0.2606018 2.5261142 1.4311269 1.4711955 0.7446079 0.5133583 0.3217401 1.0586064 0.5922118 
260512_Pybus_Point             0.0249300 0.0000000 0.0070690 0.0199071 0.0334083 0.0065204 0.0199071 0.9134014 1.6340106 0.9134014 0.1749091 2.2289440 0.9310314 0.9539248 0.5678572 0.3463480 0.2802346 0.7116056 0.5045627 
261935_Kenai_River             0.0370494 0.0070690 0.0000000 0.0289167 0.0437060 0.0141840 0.0289167 0.9977810 1.6733550 0.9977810 0.1366206 1.9427327 1.0171043 1.0430528 0.4735013 0.3138388 0.2569909 0.7576831 0.5272801 
353213_Cropley_Lake            0.0000010 0.0199071 0.0289167 0.0000000 0.0129671 0.0266244 0.0000010 0.8799122 1.8282431 0.8799122 0.2016087 2.0652141 0.8969938 0.9188847 0.5491366 0.3818995 0.2467801 0.7714797 0.4554134 
353219_Peterson_Creek          0.0161456 0.0334083 0.0437060 0.0129671 0.0000000 0.0266255 0.0129671 0.9150977 1.8644776 0.9150977 0.2182363 2.0809633 0.9322719 0.9545605 0.5743883 0.4022894 0.2642686 0.7997816 0.4774219 
353220_Fish_Creek              0.0333669 0.0065204 0.0141840 0.0266244 0.0266255 0.0000000 0.0255000 1.2212867 2.0496429 1.2212867 0.1828071 2.2376571 1.2395247 1.2665372 0.5455303 0.3379003 0.2892909 0.7246303 0.5159903 
353246_Cottonwood_Creek        0.0000010 0.0199071 0.0289167 0.0000010 0.0129671 0.0255000 0.0000000 1.1590734 2.2381517 1.1590734 0.2016087 2.0652141 1.1769410 1.2026224 0.5166536 0.3621285 0.2467801 0.7714797 0.4554134 
353379_Skagit_River            1.4066968 0.9134014 0.9977810 0.8799122 0.9150977 1.2212867 1.1590734 0.0000000 4.5585794 0.0000010 1.0103703 3.5600321 0.0052398 0.0105149 0.8324989 1.0852999 0.6112793 1.1409814 0.6806183 
353381_Dungeness_River         3.1515768 1.6340106 1.6733550 1.8282431 1.8644776 2.0496429 2.2381517 4.5585794 0.0000000 4.5585794 2.4174167 4.5108898 4.5312008 4.6009659 4.0227990 3.0838109 2.7588265 3.9768751 3.2040974 
353401_Peace_River             1.4066968 0.9134014 0.9977810 0.8799122 0.9150977 1.2212867 1.1590734 0.0000010 4.5585794 0.0000000 1.0103703 3.5600321 0.0052398 0.0105149 0.8324989 1.0852999 0.6112793 1.1409814 0.6806183 
353407_Noatok                  0.2606018 0.1749091 0.1366206 0.2016087 0.2182363 0.1828071 0.2016087 1.0103703 2.4174167 1.0103703 0.0000000 1.2768493 1.0277037 1.0510250 0.2936708 0.1319984 0.2245158 0.5761586 0.3788845 
353410_Horizon_Lake            2.5261142 2.2289440 1.9427327 2.0652141 2.0809633 2.2376571 2.0652141 3.5600321 4.5108898 3.5600321 1.2768493 0.0000000 3.5519514 3.5987234 1.3670836 0.9252130 1.0112028 3.2348103 1.6727566 
92319_Little_Lost              1.4311269 0.9310314 1.0171043 0.8969938 0.9322719 1.2395247 1.1769410 0.0052398 4.5312008 0.0052398 1.0277037 3.5519514 0.0000000 0.0052418 0.8480815 1.1028322 0.6254601 1.1581658 0.6956427 
94280_St_Joe                   1.4711955 0.9539248 1.0430528 0.9188847 0.9545605 1.2665372 1.2026224 0.0105149 4.6009659 0.0105149 1.0510250 3.5987234 0.0052418 0.0000000 0.8676860 1.1272059 0.6420663 1.1825959 0.7136258 
GCA016432855_Lake_Trout        0.7446079 0.5678572 0.4735013 0.5491366 0.5743883 0.5455303 0.5166536 0.8324989 4.0227990 0.8324989 0.2936708 1.3670836 0.8480815 0.8676860 0.0000000 0.2040587 0.2840500 0.8672129 0.0939909 
GCA036784925_Maine_S_alpinus   0.5133583 0.3463480 0.3138388 0.3818995 0.4022894 0.3379003 0.3621285 1.0852999 3.0838109 1.0852999 0.1319984 0.9252130 1.1028322 1.1272059 0.2040587 0.0000000 0.0749741 0.8259634 0.2557478 
GCA045679555_Iceland_A_alpinus 0.3217401 0.2802346 0.2569909 0.2467801 0.2642686 0.2892909 0.2467801 0.6112793 2.7588265 0.6112793 0.2245158 1.0112028 0.6254601 0.6420663 0.2840500 0.0749741 0.0000000 0.9413165 0.2609509 
GCF013265735_Rainbow_Trout     1.0586064 0.7116056 0.7576831 0.7714797 0.7997816 0.7246303 0.7714797 1.1409814 3.9768751 1.1409814 0.5761586 3.2348103 1.1581658 1.1825959 0.8672129 0.8259634 0.9413165 0.0000000 0.8763877 
GCF029448725_Brook_Trout       0.5922118 0.5045627 0.5272801 0.4554134 0.4774219 0.5159903 0.4554134 0.6806183 3.2040974 0.6806183 0.3788845 1.6727566 0.6956427 0.7136258 0.0939909 0.2557478 0.2609509 0.8763877 0.0000000 
