8
251140_Ward_Creek            0.0000000 0.0000010 0.0271520 0.0271520 0.0093165 0.0000010 9.0000000 1.1426210 
260512_Pybus_Point           0.0000010 0.0000000 0.0271520 0.0271520 0.0093165 0.0000010 9.0000000 1.1426210 
353379_Skagit_River          0.0271520 0.0271520 0.0000000 0.0000010 0.0411057 0.0271520 9.0000000 9.0000000 
353401_Peace_River           0.0271520 0.0271520 0.0000010 0.0000000 0.0411057 0.0271520 9.0000000 9.0000000 
GCA016432855_Lake_Trout      0.0093165 0.0093165 0.0411057 0.0411057 0.0000000 0.0134531 9.0000000 0.8897909 
GCA036784925_Maine_S_alpinus 0.0000010 0.0000010 0.0271520 0.0271520 0.0134531 0.0000000 9.0000000 9.0000000 
GCF013265735_Rainbow_Trout   9.0000000 9.0000000 9.0000000 9.0000000 9.0000000 9.0000000 0.0000000 0.1721808 
GCF029448725_Brook_Trout     1.1426210 1.1426210 9.0000000 9.0000000 0.8897909 9.0000000 0.1721808 0.0000000 
