15
251140_Ward_Creek              0.0000000 0.0109592 0.0000010 0.0109592 0.1174575 0.1870404 0.1050993 0.0109898 0.0054646 0.5497152 0.1050993 0.0054646 0.0165303 0.1722656 0.0450912 
260512_Pybus_Point             0.0109592 0.0000000 0.0109592 0.0000010 0.1170622 0.2162604 0.1047834 0.0109592 0.0054495 0.5447389 0.1047834 0.0054495 0.0164841 0.1717128 0.0449618 
261935_Kenai_River             0.0000010 0.0109592 0.0000000 0.0109592 0.1174575 0.1870404 0.1050993 0.0109898 0.0054646 0.5497152 0.1050993 0.0054646 0.0165303 0.1722656 0.0450912 
353213_Cropley_Lake            0.0109592 0.0000010 0.0109592 0.0000000 0.1170622 0.2162604 0.1047834 0.0109592 0.0054495 0.5447389 0.1047834 0.0054495 0.0164841 0.1717128 0.0449618 
353379_Skagit_River            0.1174575 0.1170622 0.1174575 0.1170622 0.0000000 0.0725315 0.0000010 0.1174575 0.1101882 0.2859975 0.0000010 0.1101882 0.1244039 0.3039345 0.1615521 
353381_Dungeness_River         0.1870404 0.2162604 0.1870404 0.2162604 0.0725315 0.0000000 0.0575086 0.2177253 0.2021714 0.2945445 0.0575086 0.2021714 0.2162604 0.7271391 0.3140955 
353401_Peace_River             0.1050993 0.1047834 0.1050993 0.1047834 0.0000010 0.0575086 0.0000000 0.1050993 0.0986662 0.2192113 0.0000010 0.0986662 0.1112737 0.2906371 0.1440620 
353407_Noatok                  0.0109898 0.0109592 0.0109898 0.0109592 0.1174575 0.2177253 0.1050993 0.0000000 0.0054646 0.5497152 0.1050993 0.0054646 0.0165303 0.1722656 0.0450912 
353410_Horizon_Lake            0.0054646 0.0054495 0.0054646 0.0054495 0.1101882 0.2021714 0.0986662 0.0054646 0.0000000 0.5244955 0.0986662 0.0000010 0.0109592 0.1650509 0.0392296 
92319_Little_Lost              0.5497152 0.5447389 0.5497152 0.5447389 0.2859975 0.2945445 0.2192113 0.5497152 0.5244955 0.0000000 0.2192113 0.5244955 0.5447389 1.4159535 0.7024733 
94280_St_Joe                   0.1050993 0.1047834 0.1050993 0.1047834 0.0000010 0.0575086 0.0000010 0.1050993 0.0986662 0.2192113 0.0000000 0.0986662 0.1112737 0.2906371 0.1440620 
GCA016432855_Lake_Trout        0.0054646 0.0054495 0.0054646 0.0054495 0.1101882 0.2021714 0.0986662 0.0054646 0.0000010 0.5244955 0.0986662 0.0000000 0.0109592 0.1650509 0.0392296 
GCA045679555_Iceland_A_alpinus 0.0165303 0.0164841 0.0165303 0.0164841 0.1244039 0.2162604 0.1112737 0.0165303 0.0109592 0.5447389 0.1112737 0.0109592 0.0000000 0.1625825 0.0508736 
GCF013265735_Rainbow_Trout     0.1722656 0.1717128 0.1722656 0.1717128 0.3039345 0.7271391 0.2906371 0.1722656 0.1650509 1.4159535 0.2906371 0.1650509 0.1625825 0.0000000 0.2154630 
GCF029448725_Brook_Trout       0.0450912 0.0449618 0.0450912 0.0449618 0.1615521 0.3140955 0.1440620 0.0450912 0.0392296 0.7024733 0.1440620 0.0392296 0.0508736 0.2154630 0.0000000 
