17
251140_Ward_Creek              0.0000000 0.0058117 0.0058152 0.0000010 0.6241079 0.6241079 0.0355474 0.2539584 0.0295020 0.0058152 0.0058152 0.0295020 0.1677841 0.1464415 0.1677693 0.1006271 0.1754340 
260512_Pybus_Point             0.0058117 0.0000000 0.0116705 0.0058117 0.6710531 0.6710531 0.0416195 0.2681781 0.0355275 0.0116705 0.0116705 0.0355275 0.1749457 0.1534168 0.1749301 0.1082924 0.1826813 
261935_Kenai_River             0.0058152 0.0116705 0.0000000 0.0058152 0.6750698 0.6750698 0.0416459 0.2686095 0.0355499 0.0116776 0.0116776 0.0355499 0.1750828 0.1535332 0.1750672 0.1083814 0.1828265 
353213_Cropley_Lake            0.0000010 0.0058117 0.0058152 0.0000000 0.6241079 0.6241079 0.0355474 0.2539584 0.0295020 0.0058152 0.0058152 0.0295020 0.1677841 0.1464415 0.1677693 0.1006271 0.1754340 
353220_Fish_Creek              0.6241079 0.6710531 0.6750698 0.6241079 0.0000000 0.0000010 0.6745854 0.0364238 0.6241079 0.6241079 0.6241079 0.6241079 0.0945012 0.0553303 0.0745966 0.5301521 0.0750019 
353246_Cottonwood_Creek        0.6241079 0.6710531 0.6750698 0.6241079 0.0000010 0.0000000 0.6745854 0.0364238 0.6241079 0.6241079 0.6241079 0.6241079 0.0945012 0.0553303 0.0745966 0.5301521 0.0750019 
353379_Skagit_River            0.0355474 0.0416195 0.0416459 0.0355474 0.6745854 0.6745854 0.0000000 0.2835123 0.0051661 0.0295183 0.0295183 0.0051661 0.1348568 0.1166486 0.1348468 0.0740631 0.1412950 
353381_Dungeness_River         0.2539584 0.2681781 0.2686095 0.2539584 0.0364238 0.0364238 0.2835123 0.0000000 0.2686095 0.2686095 0.2686095 0.2686095 0.0686404 0.0484028 0.0584254 0.2097567 0.0586505 
353401_Peace_River             0.0295020 0.0355275 0.0355499 0.0295020 0.6241079 0.6241079 0.0051661 0.2686095 0.0000000 0.0235189 0.0235189 0.0000010 0.1287180 0.1106546 0.1287086 0.0675984 0.1350914 
353407_Noatok                  0.0058152 0.0116705 0.0116776 0.0058152 0.6241079 0.6241079 0.0295183 0.2686095 0.0235189 0.0000000 0.0000010 0.0235189 0.1606807 0.1395222 0.1606668 0.0930297 0.1682472 
353410_Horizon_Lake            0.0058152 0.0116705 0.0116776 0.0058152 0.6241079 0.6241079 0.0295183 0.2686095 0.0235189 0.0000010 0.0000000 0.0235189 0.1606807 0.1395222 0.1606668 0.0930297 0.1682472 
92319_Little_Lost              0.0295020 0.0355275 0.0355499 0.0295020 0.6241079 0.6241079 0.0051661 0.2686095 0.0000010 0.0235189 0.0235189 0.0000000 0.1287180 0.1106546 0.1287086 0.0675984 0.1350914 
GCA016432855_Lake_Trout        0.1677841 0.1749457 0.1750828 0.1677841 0.0945012 0.0945012 0.1348568 0.0686404 0.1287180 0.1606807 0.1606807 0.1287180 0.0000000 0.0249737 0.0300434 0.0951784 0.0352227 
GCA036784925_Maine_S_alpinus   0.1464415 0.1534168 0.1535332 0.1464415 0.0553303 0.0553303 0.1166486 0.0484028 0.1106546 0.1395222 0.1395222 0.1106546 0.0249737 0.0000000 0.0249722 0.0764084 0.0301132 
GCA045679555_Iceland_A_alpinus 0.1677693 0.1749301 0.1750672 0.1677693 0.0745966 0.0745966 0.1348468 0.0584254 0.1287086 0.1606668 0.1606668 0.1287086 0.0300434 0.0249722 0.0000000 0.0951712 0.0352206 
GCF013265735_Rainbow_Trout     0.1006271 0.1082924 0.1083814 0.1006271 0.5301521 0.5301521 0.0740631 0.2097567 0.0675984 0.0930297 0.0930297 0.0675984 0.0951784 0.0764084 0.0951712 0.0000000 0.1017381 
GCF029448725_Brook_Trout       0.1754340 0.1826813 0.1828265 0.1754340 0.0750019 0.0750019 0.1412950 0.0586505 0.1350914 0.1682472 0.1682472 0.1350914 0.0352227 0.0301132 0.0352206 0.1017381 0.0000000 
