17
251140_Ward_Creek              0.0000000 0.1458799 0.0452947 0.0000010 0.0443461 0.8199098 0.0000010 0.7711246 0.2552748 0.0926939 1.0969709 0.7711246 0.7304533 0.3242095 0.3242095 4.1488246 0.8999143 
260512_Pybus_Point             0.1458799 0.0000000 0.2050465 0.1458799 0.1993415 0.5220394 0.5543440 0.5007489 0.1993415 0.1422563 0.6732597 0.5007489 0.4817670 0.4200915 0.4200915 3.7977563 0.8199098 
261935_Kenai_River             0.0452947 0.2050465 0.0000000 0.0452947 0.0926939 0.6962031 0.0000010 0.6611551 0.1940047 0.1458799 0.9122012 0.6611551 0.6309635 0.2552748 0.2552748 3.6065425 0.7711246 
353213_Cropley_Lake            0.0000010 0.1458799 0.0452947 0.0000000 0.0443461 0.8199098 0.0000010 0.7711246 0.2552748 0.0926939 1.0969709 0.7711246 0.7304533 0.3242095 0.3242095 4.1488246 0.8999143 
353246_Cottonwood_Creek        0.0443461 0.1993415 0.0926939 0.0443461 0.0000000 0.7378205 0.1308372 0.6962031 0.3136128 0.1422563 0.9980605 0.6962031 0.6611551 0.3878988 0.3878988 4.7372962 0.8199098 
353379_Skagit_River            0.8199098 0.5220394 0.6962031 0.8199098 0.7378205 0.0000000 2.2665291 0.0926939 0.5220394 0.6208338 0.0000010 0.0926939 0.4367114 0.8805343 0.8805343 4.3469180 0.9695294 
353381_Dungeness_River         0.0000010 0.5543440 0.0000010 0.0000010 0.1308372 2.2665291 0.0000000 1.8646323 0.6798628 0.3023804 3.0648851 1.8646323 1.6089251 1.0405766 1.0405766 8.9999984 1.8834165 
353401_Peace_River             0.7711246 0.5007489 0.6611551 0.7711246 0.6962031 0.0926939 1.8646323 0.0000000 0.5007489 0.5913691 0.1136414 0.0000010 0.4211443 0.8199098 0.8199098 3.5568149 0.8999143 
353407_Noatok                  0.2552748 0.1993415 0.1940047 0.2552748 0.3136128 0.5220394 0.6798628 0.5007489 0.0000000 0.1422563 0.6732597 0.5007489 0.4817670 0.2632150 0.2632150 3.0496612 0.5913691 
353410_Horizon_Lake            0.0926939 0.1422563 0.1458799 0.0926939 0.1422563 0.6208338 0.3023804 0.5913691 0.1422563 0.0000000 0.8177459 0.5913691 0.5657295 0.3358155 0.3358155 3.9308414 0.6962031 
92319_Little_Lost              1.0969709 0.6732597 0.9122012 1.0969709 0.9980605 0.0000010 3.0648851 0.1136414 0.6732597 0.8177459 0.0000000 0.1136414 0.5536999 0.9980605 0.9980605 7.2853667 1.3281086 
94280_St_Joe                   0.7711246 0.5007489 0.6611551 0.7711246 0.6962031 0.0926939 1.8646323 0.0000010 0.5007489 0.5913691 0.1136414 0.0000000 0.4211443 0.8199098 0.8199098 3.5568149 0.8999143 
GCA016432855_Lake_Trout        0.7304533 0.4817670 0.6309635 0.7304533 0.6611551 0.4367114 1.6089251 0.4211443 0.4817670 0.5657295 0.5536999 0.4211443 0.0000000 0.7711246 0.7711246 3.2214287 0.5462229 
GCA036784925_Maine_S_alpinus   0.3242095 0.4200915 0.2552748 0.3242095 0.3878988 0.8805343 1.0405766 0.8199098 0.2632150 0.3358155 0.9980605 0.8199098 0.7711246 0.0000000 0.0000010 4.3469180 0.9695294 
GCA045679555_Iceland_A_alpinus 0.3242095 0.4200915 0.2552748 0.3242095 0.3878988 0.8805343 1.0405766 0.8199098 0.2632150 0.3358155 0.9980605 0.8199098 0.7711246 0.0000010 0.0000000 4.3469180 0.9695294 
GCF013265735_Rainbow_Trout     4.1488246 3.7977563 3.6065425 4.1488246 4.7372962 4.3469180 8.9999984 3.5568149 3.0496612 3.9308414 7.2853667 3.5568149 3.2214287 4.3469180 4.3469180 0.0000000 4.3469180 
GCF029448725_Brook_Trout       0.8999143 0.8199098 0.7711246 0.8999143 0.8199098 0.9695294 1.8834165 0.8999143 0.5913691 0.6962031 1.3281086 0.8999143 0.5462229 0.9695294 0.9695294 4.3469180 0.0000000 
