17
251140_Ward_Creek              0.0000000 0.0000010 0.0032314 0.0000010 0.0000010 0.0303262 0.0459442 0.0412447 0.0459442 0.0326508 0.0355929 0.0433312 0.0540915 0.0434013 0.0407912 0.1066095 0.0486434 
260512_Pybus_Point             0.0000010 0.0000000 0.0027742 0.0000010 0.0000010 0.0622059 0.0767264 0.0409631 0.0767264 0.0641477 0.0315072 0.0743060 0.0819519 0.0384002 0.0360969 0.1330392 0.0792708 
261935_Kenai_River             0.0032314 0.0027742 0.0000000 0.0027742 0.0027742 0.0712902 0.0901727 0.1493124 0.0901727 0.0737241 0.0317018 0.0870223 0.0970695 0.0405411 0.0375856 0.1715393 0.0935145 
353213_Cropley_Lake            0.0000010 0.0000010 0.0027742 0.0000000 0.0000010 0.0622059 0.0767264 0.0409631 0.0767264 0.0641477 0.0315072 0.0743060 0.0819519 0.0384002 0.0360969 0.1330392 0.0792708 
353220_Fish_Creek              0.0000010 0.0000010 0.0027742 0.0000010 0.0000000 0.0743823 0.0933338 0.1264857 0.0933338 0.0767978 0.0346395 0.0901727 0.1002716 0.0435059 0.0405411 0.1680639 0.0966926 
353246_Cottonwood_Creek        0.0303262 0.0622059 0.0712902 0.0622059 0.0743823 0.0000000 0.0129000 0.1272850 0.0129000 0.0000010 0.0374391 0.0107375 0.0216896 0.0442059 0.0419448 0.0670268 0.0150881 
353379_Skagit_River            0.0459442 0.0767264 0.0901727 0.0767264 0.0933338 0.0129000 0.0000000 0.1441669 0.0000010 0.0129000 0.0464070 0.0021346 0.0260535 0.0532301 0.0509505 0.0715686 0.0194182 
353381_Dungeness_River         0.0412447 0.0409631 0.1493124 0.0409631 0.1264857 0.1272850 0.1441669 0.0000000 0.1441669 0.1323476 0.1360019 0.1360019 0.1879813 0.1607071 0.1524020 0.3348667 0.1531640 
353401_Peace_River             0.0459442 0.0767264 0.0901727 0.0767264 0.0933338 0.0129000 0.0000010 0.1441669 0.0000000 0.0129000 0.0464070 0.0021346 0.0260535 0.0532301 0.0509505 0.0715686 0.0194182 
353407_Noatok                  0.0326508 0.0641477 0.0737241 0.0641477 0.0767978 0.0000010 0.0129000 0.1323476 0.0129000 0.0000000 0.0374391 0.0107375 0.0216896 0.0442059 0.0419448 0.0670268 0.0150881 
353410_Horizon_Lake            0.0355929 0.0315072 0.0317018 0.0315072 0.0346395 0.0374391 0.0464070 0.1360019 0.0464070 0.0374391 0.0000000 0.0441441 0.0511662 0.0064185 0.0042741 0.1034854 0.0487446 
92319_Little_Lost              0.0433312 0.0743060 0.0870223 0.0743060 0.0901727 0.0107375 0.0021346 0.1360019 0.0021346 0.0107375 0.0441441 0.0000000 0.0238542 0.0509505 0.0486762 0.0692473 0.0172404 
GCA016432855_Lake_Trout        0.0540915 0.0819519 0.0970695 0.0819519 0.1002716 0.0216896 0.0260535 0.1879813 0.0260535 0.0216896 0.0511662 0.0238542 0.0000000 0.0580526 0.0557517 0.0812621 0.0194446 
GCA036784925_Maine_S_alpinus   0.0434013 0.0384002 0.0405411 0.0384002 0.0435059 0.0442059 0.0532301 0.1607071 0.0532301 0.0442059 0.0064185 0.0509505 0.0580526 0.0000000 0.0021346 0.1059197 0.0555941 
GCA045679555_Iceland_A_alpinus 0.0407912 0.0360969 0.0375856 0.0360969 0.0405411 0.0419448 0.0509505 0.1524020 0.0509505 0.0419448 0.0042741 0.0486762 0.0557517 0.0021346 0.0000000 0.1034854 0.0533053 
GCF013265735_Rainbow_Trout     0.1066095 0.1330392 0.1715393 0.1330392 0.1680639 0.0670268 0.0715686 0.3348667 0.0715686 0.0670268 0.1034854 0.0692473 0.0812621 0.1059197 0.1034854 0.0000000 0.0740010 
GCF029448725_Brook_Trout       0.0486434 0.0792708 0.0935145 0.0792708 0.0966926 0.0150881 0.0194182 0.1531640 0.0194182 0.0150881 0.0487446 0.0172404 0.0194446 0.0555941 0.0533053 0.0740010 0.0000000 
