12
251140_Ward_Creek              0.0000000 0.0000010 0.0225724 0.0612326 0.0225536 0.0612326 0.0303810 0.0963837 0.0073862 0.0073862 0.2938845 0.1130328 
260512_Pybus_Point             0.0000010 0.0000000 0.0225724 0.0612326 0.0225536 0.0612326 0.0303810 0.0963837 0.0073862 0.0073862 0.2938845 0.1130328 
353246_Cottonwood_Creek        0.0225724 0.0225724 0.0000000 0.0514685 0.0720711 0.0514685 0.0224048 0.0867584 0.0302256 0.0302256 0.2784719 0.1030482 
353379_Skagit_River            0.0612326 0.0612326 0.0514685 0.0000000 0.2074475 0.0000010 0.0429095 0.0805170 0.0703312 0.0703312 0.2772168 0.0989781 
353381_Dungeness_River         0.0225536 0.0225536 0.0720711 0.2074475 0.0000000 0.2074475 0.1252609 0.4018460 0.0457028 0.0457028 1.6627478 0.4736522 
353401_Peace_River             0.0612326 0.0612326 0.0514685 0.0000010 0.2074475 0.0000000 0.0429095 0.0805170 0.0703312 0.0703312 0.2772168 0.0989781 
353407_Noatok                  0.0303810 0.0303810 0.0224048 0.0429095 0.1252609 0.0429095 0.0000000 0.0789082 0.0381425 0.0381425 0.2697661 0.0951706 
GCA016432855_Lake_Trout        0.0963837 0.0963837 0.0867584 0.0805170 0.4018460 0.0805170 0.0789082 0.0000000 0.1048992 0.1048992 0.2941376 0.0606386 
GCA036784925_Maine_S_alpinus   0.0073862 0.0073862 0.0302256 0.0703312 0.0457028 0.0703312 0.0381425 0.1048992 0.0000000 0.0000010 0.3046496 0.1216680 
GCA045679555_Iceland_A_alpinus 0.0073862 0.0073862 0.0302256 0.0703312 0.0457028 0.0703312 0.0381425 0.1048992 0.0000010 0.0000000 0.3046496 0.1216680 
GCF013265735_Rainbow_Trout     0.2938845 0.2938845 0.2784719 0.2772168 1.6627478 0.2772168 0.2697661 0.2941376 0.3046496 0.3046496 0.0000000 0.3040406 
GCF029448725_Brook_Trout       0.1130328 0.1130328 0.1030482 0.0989781 0.4736522 0.0989781 0.0951706 0.0606386 0.1216680 0.1216680 0.3040406 0.0000000 
