15
251140_Ward_Creek              0.0000000 0.0000010 0.0161099 0.0161099 0.0057432 0.0116487 0.1946366 0.0057432 0.0057203 2.2419306 0.2836723 0.1946366 3.1048717 3.7579698 0.0057203 
260512_Pybus_Point             0.0000010 0.0000000 0.0161099 0.0161099 0.0057432 0.0116487 0.1946366 0.0057432 0.0057203 2.2419306 0.2836723 0.1946366 3.1048717 3.7579698 0.0057203 
353213_Cropley_Lake            0.0161099 0.0161099 0.0000000 0.0000010 0.0000010 0.0000010 0.2072938 0.0000010 0.0147884 1.9543190 0.1992334 0.2072938 0.5960954 3.3568661 0.0147884 
353219_Peterson_Creek          0.0161099 0.0161099 0.0000010 0.0000000 0.0000010 0.0000010 0.2072938 0.0000010 0.0147884 1.9543190 0.1992334 0.2072938 0.5960954 3.3568661 0.0147884 
353379_Skagit_River            0.0057432 0.0057432 0.0000010 0.0000010 0.0000000 0.0055611 0.2072938 0.0000010 0.0112840 1.9543190 0.1992334 0.2072938 0.5960954 3.3568661 0.0112840 
353401_Peace_River             0.0116487 0.0116487 0.0000010 0.0000010 0.0055611 0.0000000 0.2072938 0.0055611 0.0055912 1.9543190 0.1992334 0.2072938 0.5960954 3.3568661 0.0055912 
353410_Horizon_Lake            0.1946366 0.1946366 0.2072938 0.2072938 0.2072938 0.2072938 0.0000000 0.2072938 0.1676498 2.8918573 0.0328127 0.0000010 3.2057219 4.4818239 0.1676498 
92319_Little_Lost              0.0057432 0.0057432 0.0000010 0.0000010 0.0000010 0.0055611 0.2072938 0.0000000 0.0112840 1.9543190 0.1992334 0.2072938 0.5960954 3.3568661 0.0112840 
94280_St_Joe                   0.0057203 0.0057203 0.0147884 0.0147884 0.0112840 0.0055912 0.1676498 0.0112840 0.0000000 1.3795214 0.2403401 0.1676498 2.8516576 2.9192074 0.0000010 
GCA016432855_Lake_Trout        2.2419306 2.2419306 1.9543190 1.9543190 1.9543190 1.9543190 2.8918573 1.9543190 1.3795214 0.0000000 4.1107418 2.8918573 8.9999983 8.9999988 1.3795214 
GCA036784925_Maine_S_alpinus   0.2836723 0.2836723 0.1992334 0.1992334 0.1992334 0.1992334 0.0328127 0.1992334 0.2403401 4.1107418 0.0000000 0.0328127 3.1677969 5.7060721 0.2403401 
GCA045679555_Iceland_A_alpinus 0.1946366 0.1946366 0.2072938 0.2072938 0.2072938 0.2072938 0.0000010 0.2072938 0.1676498 2.8918573 0.0328127 0.0000000 3.2057219 4.4818239 0.1676498 
GCF013265735_Rainbow_Trout     3.1048717 3.1048717 0.5960954 0.5960954 0.5960954 0.5960954 3.2057219 0.5960954 2.8516576 8.9999983 3.1677969 3.2057219 0.0000000 8.9999983 2.8516576 
GCF029448725_Brook_Trout       3.7579698 3.7579698 3.3568661 3.3568661 3.3568661 3.3568661 4.4818239 3.3568661 2.9192074 8.9999988 5.7060721 4.4818239 8.9999983 0.0000000 2.9192074 
Methow_River_99895             0.0057203 0.0057203 0.0147884 0.0147884 0.0112840 0.0055912 0.1676498 0.0112840 0.0000010 1.3795214 0.2403401 0.1676498 2.8516576 2.9192074 0.0000000 
