7
251140_Ward_Creek          0.0000000 0.0000010 4.8751585 0.0591756 0.0595576 2.0028269 2.9430251 
260512_Pybus_Point         0.0000010 0.0000000 4.8751585 0.0591756 0.0595576 2.0028269 2.9430251 
353381_Dungeness_River     4.8751585 4.8751585 0.0000000 4.2254198 4.2065568 3.5402194 8.1625654 
353410_Horizon_Lake        0.0591756 0.0591756 4.2254198 0.0000000 0.1208405 1.9327813 2.7498538 
92319_Little_Lost          0.0595576 0.0595576 4.2065568 0.1208405 0.0000000 1.9300918 2.7431079 
GCF013265735_Rainbow_Trout 2.0028269 2.0028269 3.5402194 1.9327813 1.9300918 0.0000000 2.9043971 
GCF029448725_Brook_Trout   2.9430251 2.9430251 8.1625654 2.7498538 2.7431079 2.9043971 0.0000000 
