20
251140_Ward_Creek              0.0000000 0.0020090 0.0052598 0.0010003 0.0020090 0.0020051 0.0040437 0.0156097 0.0349347 0.0156097 0.0219991 0.0224757 0.0301480 0.0156456 0.0232091 0.0092123 0.0071383 0.1391464 0.0414206 0.0145378 
260512_Pybus_Point             0.0020090 0.0000000 0.0031276 0.0010003 0.0000010 0.0020051 0.0020039 0.0134099 0.0367861 0.0134099 0.0194900 0.0201485 0.0256789 0.0134403 0.0209111 0.0071039 0.0050554 0.1347037 0.0388013 0.0123521 
261935_Kenai_River             0.0052598 0.0031276 0.0000000 0.0041884 0.0031276 0.0052490 0.0041781 0.0127967 0.0448146 0.0127967 0.0178006 0.0163067 0.0255659 0.0128266 0.0182991 0.0062916 0.0041774 0.1368095 0.0365838 0.0117046 
353213_Cropley_Lake            0.0010003 0.0010003 0.0041884 0.0000000 0.0010003 0.0009984 0.0030200 0.0145046 0.0349347 0.0145046 0.0207378 0.0213063 0.0278925 0.0145378 0.0220544 0.0081534 0.0060922 0.1369071 0.0401035 0.0134398 
353219_Peterson_Creek          0.0020090 0.0000010 0.0031276 0.0010003 0.0000000 0.0020051 0.0020039 0.0134099 0.0367861 0.0134099 0.0194900 0.0201485 0.0256789 0.0134403 0.0209111 0.0071039 0.0050554 0.1347037 0.0388013 0.0123521 
353220_Fish_Creek              0.0020051 0.0020051 0.0052490 0.0009984 0.0020051 0.0000000 0.0040358 0.0155770 0.0366566 0.0155770 0.0219467 0.0201957 0.0300203 0.0156127 0.0231586 0.0091937 0.0071239 0.1385971 0.0413194 0.0145074 
353246_Cottonwood_Creek        0.0040437 0.0020039 0.0041781 0.0030200 0.0020039 0.0040358 0.0000000 0.0155677 0.0403854 0.0155677 0.0219322 0.0179105 0.0277533 0.0156034 0.0231446 0.0091883 0.0071198 0.1309669 0.0412926 0.0144988 
353379_Skagit_River            0.0156097 0.0134099 0.0127967 0.0145046 0.0134099 0.0155770 0.0155677 0.0000000 0.0610488 0.0019852 0.0183072 0.0303871 0.0075101 0.0020044 0.0176763 0.0144655 0.0123526 0.1300534 0.0352728 0.0009900 
353381_Dungeness_River         0.0349347 0.0367861 0.0448146 0.0349347 0.0367861 0.0366566 0.0403854 0.0610488 0.0000000 0.0610488 0.0791237 0.0749611 0.3162941 0.0613109 0.0725632 0.0494687 0.0458947 0.3013061 0.1012286 0.0591411 
353401_Peace_River             0.0156097 0.0134099 0.0127967 0.0145046 0.0134099 0.0155770 0.0155677 0.0019852 0.0610488 0.0000000 0.0183072 0.0303871 0.0075101 0.0020044 0.0176763 0.0144655 0.0123526 0.1300534 0.0352728 0.0009900 
353407_Noatok                  0.0219991 0.0194900 0.0178006 0.0207378 0.0194900 0.0219467 0.0219322 0.0183072 0.0791237 0.0183072 0.0000000 0.0375322 0.0416355 0.0183538 0.0254917 0.0206743 0.0183012 0.1569008 0.0457738 0.0171224 
353410_Horizon_Lake            0.0224757 0.0201485 0.0163067 0.0213063 0.0201485 0.0201957 0.0179105 0.0303871 0.0749611 0.0303871 0.0375322 0.0000000 0.0585766 0.0304632 0.0361534 0.0189476 0.0167775 0.1523147 0.0559821 0.0292359 
92319_Little_Lost              0.0301480 0.0256789 0.0255659 0.0278925 0.0256789 0.0300203 0.0277533 0.0075101 0.3162941 0.0075101 0.0416355 0.0585766 0.0000000 0.0037112 0.0340812 0.0277564 0.0236211 0.2887515 0.0667413 0.0056107 
94280_St_Joe                   0.0156456 0.0134403 0.0128266 0.0145378 0.0134403 0.0156127 0.0156034 0.0020044 0.0613109 0.0020044 0.0183538 0.0304632 0.0037112 0.0000000 0.0177171 0.0144984 0.0123805 0.1305806 0.0353636 0.0010002 
GCA016432855_Lake_Trout        0.0232091 0.0209111 0.0182991 0.0220544 0.0209111 0.0231586 0.0231446 0.0176763 0.0725632 0.0176763 0.0254917 0.0361534 0.0340812 0.0177171 0.0000000 0.0198237 0.0198244 0.1379878 0.0223696 0.0166011 
GCA036784925_Maine_S_alpinus   0.0092123 0.0071039 0.0062916 0.0081534 0.0071039 0.0091937 0.0091883 0.0144655 0.0494687 0.0144655 0.0206743 0.0189476 0.0277564 0.0144984 0.0198237 0.0000000 0.0020010 0.1282592 0.0374814 0.0134037 
GCA045679555_Iceland_A_alpinus 0.0071383 0.0050554 0.0041774 0.0060922 0.0050554 0.0071239 0.0071198 0.0123526 0.0458947 0.0123526 0.0183012 0.0167775 0.0236211 0.0123805 0.0198244 0.0020010 0.0000000 0.1287741 0.0376107 0.0112992 
GCF013265735_Rainbow_Trout     0.1391464 0.1347037 0.1368095 0.1369071 0.1347037 0.1385971 0.1309669 0.1300534 0.3013061 0.1300534 0.1569008 0.1523147 0.2887515 0.1305806 0.1379878 0.1282592 0.1287741 0.0000000 0.1660999 0.1284224 
GCF029448725_Brook_Trout       0.0414206 0.0388013 0.0365838 0.0401035 0.0388013 0.0413194 0.0412926 0.0352728 0.1012286 0.0352728 0.0457738 0.0559821 0.0667413 0.0353636 0.0223696 0.0374814 0.0376107 0.1660999 0.0000000 0.0340925 
Methow_River_99895             0.0145378 0.0123521 0.0117046 0.0134398 0.0123521 0.0145074 0.0144988 0.0009900 0.0591411 0.0009900 0.0171224 0.0292359 0.0056107 0.0010002 0.0166011 0.0134037 0.0112992 0.1284224 0.0340925 0.0000000 
