8
251140_Ward_Creek            0.0000000 0.0000010 9.0000000 0.0062370 0.0252655 0.0062370 0.0750626 0.0994834 
260512_Pybus_Point           0.0000010 0.0000000 9.0000000 0.0062370 0.0252655 0.0062370 0.0750626 0.0994834 
353381_Dungeness_River       9.0000000 9.0000000 0.0000000 9.0000000 9.0000000 9.0000000 9.0000000 9.0000000 
353410_Horizon_Lake          0.0062370 0.0062370 9.0000000 0.0000000 0.0317172 0.0000010 0.0829992 0.1066093 
GCA016432855_Lake_Trout      0.0252655 0.0252655 9.0000000 0.0317172 0.0000000 0.0317172 0.0750626 0.0854314 
GCA036784925_Maine_S_alpinus 0.0062370 0.0062370 9.0000000 0.0000010 0.0317172 0.0000000 0.0829992 0.1066093 
GCF013265735_Rainbow_Trout   0.0750626 0.0750626 9.0000000 0.0829992 0.0750626 0.0829992 0.0000000 0.1673576 
GCF029448725_Brook_Trout     0.0994834 0.0994834 9.0000000 0.1066093 0.0854314 0.1066093 0.1673576 0.0000000 
