13
251140_Ward_Creek              0.0000000 0.0000010 0.1329414 0.3251387 0.1620224 0.0122307 0.1620224 0.1769064 0.1803729 0.1047414 0.1187337 0.2831332 0.1620224 
260512_Pybus_Point             0.0000010 0.0000000 0.1329414 0.3251387 0.1620224 0.0122307 0.1620224 0.1769064 0.1803729 0.1047414 0.1187337 0.2831332 0.1620224 
353379_Skagit_River            0.1329414 0.1329414 0.0000000 0.3087797 0.0227626 0.1487629 0.0227626 0.0343664 0.0589649 0.0461226 0.0580343 0.1932264 0.0461226 
353381_Dungeness_River         0.3251387 0.3251387 0.3087797 0.0000000 0.3845625 0.3251387 0.3845625 0.4245565 0.4044538 0.2382631 0.2728910 0.7685031 0.3845625 
353401_Peace_River             0.1620224 0.1620224 0.0227626 0.3845625 0.0000000 0.1786213 0.0000010 0.0113081 0.0836852 0.0701047 0.0823369 0.2223115 0.0701047 
353410_Horizon_Lake            0.0122307 0.0122307 0.1487629 0.3251387 0.1786213 0.0000000 0.1786213 0.1939117 0.1978050 0.1198290 0.1341829 0.3040528 0.1786213 
92319_Little_Lost              0.1620224 0.1620224 0.0227626 0.3845625 0.0000010 0.1786213 0.0000000 0.0113081 0.0836852 0.0701047 0.0823369 0.2223115 0.0701047 
94280_St_Joe                   0.1769064 0.1769064 0.0343664 0.4245565 0.0113081 0.1939117 0.0113081 0.0000000 0.0963021 0.0823369 0.0947350 0.2371843 0.0823369 
GCA016432855_Lake_Trout        0.1803729 0.1803729 0.0589649 0.4044538 0.0836852 0.1978050 0.0836852 0.0963021 0.0000000 0.0836852 0.0963021 0.2417779 0.0836852 
GCA036784925_Maine_S_alpinus   0.1047414 0.1047414 0.0461226 0.2382631 0.0701047 0.1198290 0.0701047 0.0823369 0.0836852 0.0000000 0.0113081 0.1649943 0.0701047 
GCA045679555_Iceland_A_alpinus 0.1187337 0.1187337 0.0580343 0.2728910 0.0823369 0.1341829 0.0823369 0.0947350 0.0963021 0.0113081 0.0000000 0.1790059 0.0823369 
GCF013265735_Rainbow_Trout     0.2831332 0.2831332 0.1932264 0.7685031 0.2223115 0.3040528 0.2223115 0.2371843 0.2417779 0.1649943 0.1790059 0.0000000 0.2223115 
GCF029448725_Brook_Trout       0.1620224 0.1620224 0.0461226 0.3845625 0.0701047 0.1786213 0.0701047 0.0823369 0.0836852 0.0701047 0.0823369 0.2223115 0.0000000 
