17
251140_Ward_Creek              0.0000000 0.0000010 0.0102744 0.0314005 0.0102744 0.0311404 0.1227881 0.0180966 0.1227881 0.0311404 0.0314005 0.5927483 0.0638029 0.0526618 0.0528893 0.4022808 0.1725610 
260512_Pybus_Point             0.0000010 0.0000000 0.0102744 0.0314005 0.0102744 0.0311404 0.1227881 0.0180966 0.1227881 0.0311404 0.0314005 0.5927483 0.0638029 0.0526618 0.0528893 0.4022808 0.1725610 
261935_Kenai_River             0.0102744 0.0102744 0.0000000 0.0208245 0.0000010 0.0206539 0.1084209 0.0000010 0.1084209 0.0206539 0.0208245 0.5650603 0.0528893 0.0419108 0.0420891 0.3839186 0.1601234 
353219_Peterson_Creek          0.0314005 0.0314005 0.0208245 0.0000000 0.0208245 0.0420891 0.1084209 0.0182271 0.1084209 0.0420891 0.0000010 0.5650603 0.0528893 0.0419108 0.0206539 0.4286230 0.1601234 
353220_Fish_Creek              0.0102744 0.0102744 0.0000010 0.0208245 0.0000000 0.0206539 0.1084209 0.0000010 0.1084209 0.0206539 0.0208245 0.5650603 0.0528893 0.0419108 0.0420891 0.3839186 0.1601234 
353246_Cottonwood_Creek        0.0311404 0.0311404 0.0206539 0.0420891 0.0206539 0.0000000 0.1084209 0.0365200 0.1084209 0.0000010 0.0420891 0.5650603 0.0528893 0.0419108 0.0638029 0.3657945 0.1601234 
353379_Skagit_River            0.1227881 0.1227881 0.1084209 0.1084209 0.1084209 0.1084209 0.0000000 0.2142765 0.0000010 0.1084209 0.1084209 0.3748751 0.0942395 0.1680810 0.1373428 0.5848152 0.2042030 
353381_Dungeness_River         0.0180966 0.0180966 0.0000010 0.0182271 0.0000010 0.0365200 0.2142765 0.0000000 0.2142765 0.0365200 0.0182271 2.7566932 0.0556961 0.0749510 0.0556961 1.1134578 0.2819065 
353401_Peace_River             0.1227881 0.1227881 0.1084209 0.1084209 0.1084209 0.1084209 0.0000010 0.2142765 0.0000000 0.1084209 0.1084209 0.3748751 0.0942395 0.1680810 0.1373428 0.5848152 0.2042030 
353407_Noatok                  0.0311404 0.0311404 0.0206539 0.0420891 0.0206539 0.0000010 0.1084209 0.0365200 0.1084209 0.0000000 0.0420891 0.5650603 0.0528893 0.0419108 0.0638029 0.3657945 0.1601234 
353410_Horizon_Lake            0.0314005 0.0314005 0.0208245 0.0000010 0.0208245 0.0420891 0.1084209 0.0182271 0.1084209 0.0420891 0.0000000 0.5650603 0.0528893 0.0419108 0.0206539 0.4286230 0.1601234 
92319_Little_Lost              0.5927483 0.5927483 0.5650603 0.5650603 0.5650603 0.5650603 0.3748751 2.7566932 0.3748751 0.5650603 0.5650603 0.0000000 0.5650603 0.6891866 0.6208059 2.6026360 0.8441112 
GCA016432855_Lake_Trout        0.0638029 0.0638029 0.0528893 0.0528893 0.0528893 0.0528893 0.0942395 0.0556961 0.0942395 0.0528893 0.0528893 0.5650603 0.0000000 0.0976855 0.0748314 0.4095094 0.1224397 
GCA036784925_Maine_S_alpinus   0.0526618 0.0526618 0.0419108 0.0419108 0.0419108 0.0419108 0.1680810 0.0749510 0.1680810 0.0419108 0.0419108 0.6891866 0.0976855 0.0000000 0.0207389 0.4437928 0.2118960 
GCA045679555_Iceland_A_alpinus 0.0528893 0.0528893 0.0420891 0.0206539 0.0420891 0.0638029 0.1373428 0.0556961 0.1373428 0.0638029 0.0206539 0.6208059 0.0748314 0.0207389 0.0000000 0.4676088 0.1851391 
GCF013265735_Rainbow_Trout     0.4022808 0.4022808 0.3839186 0.4286230 0.3839186 0.3657945 0.5848152 1.1134578 0.5848152 0.3657945 0.4286230 2.6026360 0.4095094 0.4437928 0.4676088 0.0000000 0.3329312 
GCF029448725_Brook_Trout       0.1725610 0.1725610 0.1601234 0.1601234 0.1601234 0.1601234 0.2042030 0.2819065 0.2042030 0.1601234 0.1601234 0.8441112 0.1224397 0.2118960 0.1851391 0.3329312 0.0000000 
