17
251140_Ward_Creek              0.0000000 0.0066158 0.0269245 0.0021772 0.0021772 0.0111636 0.0180949 0.3836482 0.0184835 0.1753347 0.0207333 0.0180949 0.2019446 0.1688271 0.1645332 8.8701738 0.1819207 
260512_Pybus_Point             0.0066158 0.0000000 0.0175370 0.0043921 0.0043921 0.0043899 0.0111161 0.4114307 0.0113507 0.1603001 0.0135771 0.0111161 0.1859753 0.1542666 0.1501330 7.9002561 0.1669008 
261935_Kenai_River             0.0269245 0.0175370 0.0000000 0.0237951 0.0237951 0.0114879 0.0204395 8.9999987 0.0210095 0.2163428 0.0027784 0.0204395 0.3372599 0.2060353 0.1999395 9.0000000 0.3010329 
353213_Cropley_Lake            0.0021772 0.0043921 0.0237951 0.0000000 0.0000010 0.0088929 0.0157656 0.3747298 0.0161024 0.1708942 0.0183479 0.0157656 0.1973817 0.1644990 0.1602325 8.5243739 0.1775226 
353219_Peterson_Creek          0.0021772 0.0043921 0.0237951 0.0000010 0.0000000 0.0088929 0.0157656 0.3747298 0.0161024 0.1708942 0.0183479 0.0157656 0.1973817 0.1644990 0.1602325 8.5243739 0.1775226 
353246_Cottonwood_Creek        0.0111636 0.0043899 0.0114879 0.0088929 0.0088929 0.0000000 0.0111579 0.4423179 0.0113945 0.1501327 0.0089300 0.0111579 0.1881236 0.1444347 0.1404316 7.8131082 0.1686469 
353379_Skagit_River            0.0180949 0.0111161 0.0204395 0.0157656 0.0157656 0.0111579 0.0000000 0.4579362 0.0000010 0.1707092 0.0158294 0.0000010 0.1971756 0.1643226 0.1600599 8.4908188 0.1773352 
353381_Dungeness_River         0.3836482 0.4114307 8.9999987 0.3747298 0.3747298 0.4423179 0.4579362 0.0000000 0.4579362 0.0428727 0.5650611 0.4579362 0.0264609 0.0383205 0.0342398 0.2879738 0.0509370 
353401_Peace_River             0.0184835 0.0113507 0.0210095 0.0161024 0.0161024 0.0113945 0.0000010 0.4579362 0.0000000 0.1765090 0.0161698 0.0000010 0.2039790 0.1697805 0.1653578 9.0000000 0.1832776 
353407_Noatok                  0.1753347 0.1603001 0.2163428 0.1708942 0.1708942 0.1501327 0.1707092 0.0428727 0.1765090 0.0000000 0.1444633 0.1707092 0.0359411 0.0064716 0.0042972 0.2160334 0.0300615 
353410_Horizon_Lake            0.0207333 0.0135771 0.0027784 0.0183479 0.0183479 0.0089300 0.0158294 0.5650611 0.0161698 0.1444633 0.0000000 0.0158294 0.2101211 0.1389775 0.1350687 8.0947864 0.1886163 
92319_Little_Lost              0.0180949 0.0111161 0.0204395 0.0157656 0.0157656 0.0111579 0.0000010 0.4579362 0.0000010 0.1707092 0.0158294 0.0000000 0.1971756 0.1643226 0.1600599 8.4908188 0.1773352 
GCA016432855_Lake_Trout        0.2019446 0.1859753 0.3372599 0.1973817 0.1973817 0.1881236 0.1971756 0.0264609 0.2039790 0.0359411 0.2101211 0.1971756 0.0000000 0.0332072 0.0307036 0.1766303 0.0382697 
GCA036784925_Maine_S_alpinus   0.1688271 0.1542666 0.2060353 0.1644990 0.1644990 0.1444347 0.1643226 0.0383205 0.1697805 0.0064716 0.1389775 0.1643226 0.0332072 0.0000000 0.0021294 0.2212414 0.0274792 
GCA045679555_Iceland_A_alpinus 0.1645332 0.1501330 0.1999395 0.1602325 0.1602325 0.1404316 0.1600599 0.0342398 0.1653578 0.0042972 0.1350687 0.1600599 0.0307036 0.0021294 0.0000000 0.2160334 0.0250833 
GCF013265735_Rainbow_Trout     8.8701738 7.9002561 9.0000000 8.5243739 8.5243739 7.8131082 8.4908188 0.2879738 9.0000000 0.2160334 8.0947864 8.4908188 0.1766303 0.2212414 0.2160334 0.0000000 0.2556654 
GCF029448725_Brook_Trout       0.1819207 0.1669008 0.3010329 0.1775226 0.1775226 0.1686469 0.1773352 0.0509370 0.1832776 0.0300615 0.1886163 0.1773352 0.0382697 0.0274792 0.0250833 0.2556654 0.0000000 
