14
251140_Ward_Creek              0.0000000 0.0000010 0.0333405 0.3075135 0.0263391 0.3075135 0.0165295 0.2838121 0.3317682 0.3609228 0.2635855 0.2635855 0.3279176 0.4132101 
260512_Pybus_Point             0.0000010 0.0000000 0.0333405 0.3075135 0.0263391 0.3075135 0.0165295 0.2838121 0.3317682 0.3609228 0.2635855 0.2635855 0.3279176 0.4132101 
353246_Cottonwood_Creek        0.0333405 0.0333405 0.0000000 0.3565970 0.0812106 0.3565970 0.0165295 0.2838121 0.3820216 0.4132101 0.3111086 0.3111086 0.3774232 0.4681635 
353379_Skagit_River            0.3075135 0.3075135 0.3565970 0.0000000 0.6346279 0.0000010 0.3317682 0.0855357 0.0165295 0.0684511 0.0684511 0.0684511 0.7170592 0.1045187 
353381_Dungeness_River         0.0263391 0.0263391 0.0812106 0.6346279 0.0000000 0.6346279 0.0533973 0.5811975 0.6906778 0.7707179 0.5427807 0.5427807 0.6046915 0.9034063 
353401_Peace_River             0.3075135 0.3075135 0.3565970 0.0000010 0.6346279 0.0000000 0.3317682 0.0855357 0.0165295 0.0684511 0.0684511 0.0684511 0.7170592 0.1045187 
353407_Noatok                  0.0165295 0.0165295 0.0165295 0.3317682 0.0533973 0.3317682 0.0000000 0.2606433 0.3565970 0.3867455 0.2870717 0.2870717 0.3523830 0.4403410 
353410_Horizon_Lake            0.2838121 0.2838121 0.2838121 0.0855357 0.5811975 0.0855357 0.2606433 0.0000000 0.1035531 0.1230472 0.0508921 0.0508921 0.8370352 0.1611491 
92319_Little_Lost              0.3317682 0.3317682 0.3820216 0.0165295 0.6906778 0.0165295 0.3565970 0.1035531 0.0000000 0.0863234 0.0863234 0.0863234 0.6795657 0.1230472 
GCA016432855_Lake_Trout        0.3609228 0.3609228 0.4132101 0.0684511 0.7707179 0.0684511 0.3867455 0.1230472 0.0863234 0.0000000 0.1055029 0.1055029 0.8107359 0.0678341 
GCA036784925_Maine_S_alpinus   0.2635855 0.2635855 0.3111086 0.0684511 0.5427807 0.0684511 0.2870717 0.0508921 0.0863234 0.1055029 0.0000000 0.0000010 0.8107359 0.1432925 
GCA045679555_Iceland_A_alpinus 0.2635855 0.2635855 0.3111086 0.0684511 0.5427807 0.0684511 0.2870717 0.0508921 0.0863234 0.1055029 0.0000010 0.0000000 0.8107359 0.1432925 
GCF013265735_Rainbow_Trout     0.3279176 0.3279176 0.3774232 0.7170592 0.6046915 0.7170592 0.3523830 0.8370352 0.6795657 0.8107359 0.8107359 0.8107359 0.0000000 0.8973298 
GCF029448725_Brook_Trout       0.4132101 0.4132101 0.4681635 0.1045187 0.9034063 0.1045187 0.4403410 0.1611491 0.1230472 0.0678341 0.1432925 0.1432925 0.8973298 0.0000000 
