9
251140_Ward_Creek          0.0000000 0.0000010 0.1143606 0.0531393 0.0531393 0.0531393 0.3883666 2.2748906 2.1610311 
260512_Pybus_Point         0.0000010 0.0000000 0.1143606 0.0531393 0.0531393 0.0531393 0.3883666 2.2748906 2.1610311 
353219_Peterson_Creek      0.1143606 0.1143606 0.0000000 0.1773702 0.1773702 0.1773702 0.5862666 2.4333013 2.3919832 
353379_Skagit_River        0.0531393 0.0531393 0.1773702 0.0000000 0.0000010 0.1094785 0.4637455 2.2167723 2.1610311 
353401_Peace_River         0.0531393 0.0531393 0.1773702 0.0000010 0.0000000 0.1094785 0.4637455 2.2167723 2.1610311 
353407_Noatok              0.0531393 0.0531393 0.1773702 0.1094785 0.1094785 0.0000000 0.4637455 2.2167723 2.0956318 
GCA016432855_Lake_Trout    0.3883666 0.3883666 0.5862666 0.4637455 0.4637455 0.4637455 0.0000000 1.9880650 1.8587264 
GCF013265735_Rainbow_Trout 2.2748906 2.2748906 2.4333013 2.2167723 2.2167723 2.2167723 1.9880650 0.0000000 2.9485218 
GCF029448725_Brook_Trout   2.1610311 2.1610311 2.3919832 2.1610311 2.1610311 2.0956318 1.8587264 2.9485218 0.0000000 
