9
251140_Ward_Creek            0.0000000 0.0000010 0.0000010 0.0050625 0.0101739 0.0152996 0.5902830 0.0416012 0.0152663 
260512_Pybus_Point           0.0000010 0.0000000 0.0000010 0.0050625 0.0101739 0.0152996 0.5902830 0.0416012 0.0152663 
353381_Dungeness_River       0.0000010 0.0000010 0.0000000 0.0074347 0.0149722 0.0149722 2.6814377 0.0618800 0.0149247 
353407_Noatok                0.0050625 0.0050625 0.0074347 0.0000000 0.0050739 0.0204515 0.5902830 0.0469249 0.0204070 
353410_Horizon_Lake          0.0101739 0.0101739 0.0149722 0.0050739 0.0000000 0.0256859 0.5902830 0.0523936 0.0256298 
GCA016432855_Lake_Trout      0.0152996 0.0152996 0.0149722 0.0204515 0.0256859 0.0000000 0.6360302 0.0470297 0.0204515 
GCA036784925_Maine_S_alpinus 0.5902830 0.5902830 2.6814377 0.5902830 0.5902830 0.6360302 0.0000000 0.6106036 0.6524754 
GCF013265735_Rainbow_Trout   0.0416012 0.0416012 0.0618800 0.0469249 0.0523936 0.0470297 0.6106036 0.0000000 0.0576565 
GCF029448725_Brook_Trout     0.0152663 0.0152663 0.0149247 0.0204070 0.0256298 0.0204515 0.6524754 0.0576565 0.0000000 
