14
251140_Ward_Creek            0.0000000 0.0000010 0.0000010 0.0495231 0.0383643 0.0782992 0.1195188 0.0383643 0.0808406 0.0781919 0.1195188 0.7774715 0.1232579 0.0808406 
260512_Pybus_Point           0.0000010 0.0000000 0.0000010 0.0495231 0.0383643 0.0782992 0.1195188 0.0383643 0.0808406 0.0781919 0.1195188 0.9203612 0.1232579 0.0808406 
261935_Kenai_River           0.0000010 0.0000010 0.0000000 0.0495231 0.0383643 0.0782992 0.1195188 0.0383643 0.0808406 0.0781919 0.1195188 0.9203612 0.1232579 0.0808406 
353379_Skagit_River          0.0495231 0.0495231 0.0495231 0.0000000 0.0000010 0.0495993 0.1014546 0.0000010 0.0516333 0.0495231 0.1014546 1.2867476 0.1054788 0.0516333 
353401_Peace_River           0.0383643 0.0383643 0.0383643 0.0000010 0.0000000 0.0384077 0.0781919 0.0000010 0.0396104 0.0383643 0.0781919 0.8383109 0.0805211 0.0396104 
353407_Noatok                0.0782992 0.0782992 0.0782992 0.0495993 0.0384077 0.0000000 0.1197146 0.0384077 0.0809568 0.0782992 0.1197146 0.9302683 0.1234695 0.0809568 
353410_Horizon_Lake          0.1195188 0.1195188 0.1195188 0.1014546 0.0781919 0.1197146 0.0000000 0.0781919 0.1237419 0.1195188 0.0000010 1.0017631 0.1677068 0.1237419 
92319_Little_Lost            0.0383643 0.0383643 0.0383643 0.0000010 0.0000010 0.0384077 0.0781919 0.0000000 0.0396104 0.0383643 0.0781919 0.8383109 0.0805211 0.0396104 
94280_St_Joe                 0.0808406 0.0808406 0.0808406 0.0516333 0.0396104 0.0809568 0.1237419 0.0396104 0.0000000 0.0808406 0.1237419 1.0051601 0.1277771 0.0000010 
GCA016432855_Lake_Trout      0.0781919 0.0781919 0.0781919 0.0495231 0.0383643 0.0782992 0.1195188 0.0383643 0.0808406 0.0000000 0.1195188 0.9203612 0.1232579 0.0808406 
GCA036784925_Maine_S_alpinus 0.1195188 0.1195188 0.1195188 0.1014546 0.0781919 0.1197146 0.0000010 0.0781919 0.1237419 0.1195188 0.0000000 1.0017631 0.1677068 0.1237419 
GCF013265735_Rainbow_Trout   0.7774715 0.9203612 0.9203612 1.2867476 0.8383109 0.9302683 1.0017631 0.8383109 1.0051601 0.9203612 1.0017631 0.0000000 1.0966938 1.0051601 
GCF029448725_Brook_Trout     0.1232579 0.1232579 0.1232579 0.1054788 0.0805211 0.1234695 0.1677068 0.0805211 0.1277771 0.1232579 0.1677068 1.0966938 0.0000000 0.1277771 
Methow_River_99895           0.0808406 0.0808406 0.0808406 0.0516333 0.0396104 0.0809568 0.1237419 0.0396104 0.0000010 0.0808406 0.1237419 1.0051601 0.1277771 0.0000000 
