10
251140_Ward_Creek          0.0000000 0.0000010 0.0093893 0.0093893 0.0093893 0.0093893 0.1329344 0.0835901 0.3256691 0.1056208 
260512_Pybus_Point         0.0000010 0.0000000 0.0093893 0.0093893 0.0093893 0.0093893 0.1329344 0.0835901 0.3256691 0.1056208 
353246_Cottonwood_Creek    0.0093893 0.0093893 0.0000000 0.0188667 0.0188667 0.0000010 0.1617732 0.0945451 0.3400485 0.1168198 
353379_Skagit_River        0.0093893 0.0093893 0.0188667 0.0000000 0.0000010 0.0188667 0.1049009 0.0945451 0.3400485 0.1168198 
353401_Peace_River         0.0093893 0.0093893 0.0188667 0.0000010 0.0000000 0.0188667 0.1049009 0.0945451 0.3400485 0.1168198 
353410_Horizon_Lake        0.0093893 0.0093893 0.0000010 0.0188667 0.0188667 0.0000000 0.1617732 0.0945451 0.3400485 0.1168198 
92319_Little_Lost          0.1329344 0.1329344 0.1617732 0.1049009 0.1049009 0.1617732 0.0000000 0.1937529 4.7814716 0.2898118 
GCA016432855_Lake_Trout    0.0835901 0.0835901 0.0945451 0.0945451 0.0945451 0.0945451 0.1937529 0.0000000 0.4943939 0.0404026 
GCF013265735_Rainbow_Trout 0.3256691 0.3256691 0.3400485 0.3400485 0.3400485 0.3400485 4.7814716 0.4943939 0.0000000 0.5316830 
GCF029448725_Brook_Trout   0.1056208 0.1056208 0.1168198 0.1168198 0.1168198 0.1168198 0.2898118 0.0404026 0.5316830 0.0000000 
