15
251140_Ward_Creek          0.0000000 0.0000010 0.0152703 0.0037808 0.0075903 0.0037808 0.0152703 0.0554354 0.0000010 0.0554354 0.0156897 0.0617895 0.0230404 0.1624616 0.0269870 
260512_Pybus_Point         0.0000010 0.0000000 0.0152703 0.0037808 0.0075903 0.0037808 0.0152703 0.0554354 0.0000010 0.0554354 0.0156897 0.0617895 0.0230404 0.1624616 0.0269870 
261935_Kenai_River         0.0152703 0.0152703 0.0000000 0.0114308 0.0075903 0.0114308 0.0000010 0.0556147 0.0678843 0.0556147 0.0000010 0.0619903 0.0153007 0.1554321 0.0192010 
353213_Cropley_Lake        0.0037808 0.0037808 0.0114308 0.0000000 0.0037874 0.0000010 0.0114308 0.0554354 0.0000010 0.0554354 0.0117440 0.0617895 0.0191627 0.1624616 0.0230866 
353219_Peterson_Creek      0.0075903 0.0075903 0.0075903 0.0037874 0.0000000 0.0037874 0.0075903 0.0554354 0.0000010 0.0554354 0.0077981 0.0617895 0.0152703 0.1548964 0.0191627 
353220_Fish_Creek          0.0037808 0.0037808 0.0114308 0.0000010 0.0037874 0.0000000 0.0114308 0.0554354 0.0000010 0.0554354 0.0117440 0.0617895 0.0191627 0.1624616 0.0230866 
353246_Cottonwood_Creek    0.0152703 0.0152703 0.0000010 0.0114308 0.0075903 0.0114308 0.0000000 0.0556147 0.0678843 0.0556147 0.0000010 0.0619903 0.0153007 0.1554321 0.0192010 
353379_Skagit_River        0.0554354 0.0554354 0.0556147 0.0554354 0.0554354 0.0554354 0.0556147 0.0000000 0.2235671 0.0000010 0.0581298 0.0059348 0.0554354 0.1077929 0.0619903 
353381_Dungeness_River     0.0000010 0.0000010 0.0678843 0.0000010 0.0000010 0.0000010 0.0678843 0.2235671 0.0000000 0.2235671 0.0890558 0.2661218 0.1055668 0.6602432 0.1863565 
353401_Peace_River         0.0554354 0.0554354 0.0556147 0.0554354 0.0554354 0.0554354 0.0556147 0.0000010 0.2235671 0.0000000 0.0581298 0.0059348 0.0554354 0.1077929 0.0619903 
353407_Noatok              0.0156897 0.0156897 0.0000010 0.0117440 0.0077981 0.0117440 0.0000010 0.0581298 0.0890558 0.0581298 0.0000000 0.0648036 0.0157218 0.1628300 0.0197318 
92319_Little_Lost          0.0617895 0.0617895 0.0619903 0.0617895 0.0617895 0.0617895 0.0619903 0.0059348 0.2661218 0.0059348 0.0648036 0.0000000 0.0617895 0.1145096 0.0684070 
GCA016432855_Lake_Trout    0.0230404 0.0230404 0.0153007 0.0191627 0.0152703 0.0191627 0.0153007 0.0554354 0.1055668 0.0554354 0.0157218 0.0617895 0.0000000 0.1548964 0.0114082 
GCF013265735_Rainbow_Trout 0.1624616 0.1624616 0.1554321 0.1624616 0.1548964 0.1624616 0.1554321 0.1077929 0.6602432 0.1077929 0.1628300 0.1145096 0.1548964 0.0000000 0.1624616 
GCF029448725_Brook_Trout   0.0269870 0.0269870 0.0192010 0.0230866 0.0191627 0.0230866 0.0192010 0.0619903 0.1863565 0.0619903 0.0197318 0.0684070 0.0114082 0.1624616 0.0000000 
