18
251140_Ward_Creek              0.0000000 0.0000010 0.1098138 0.1116402 0.1117882 0.1976278 0.1858930 0.1532965 0.1930228 0.2396011 0.2029145 0.3608996 0.1930228 0.2915519 0.2055869 0.2055869 0.3059723 0.3118873 
260512_Pybus_Point             0.0000010 0.0000000 0.1098138 0.1116402 0.1117882 0.1976278 0.1858930 0.1532965 0.1930228 0.2396011 0.2029145 0.3608996 0.1930228 0.2915519 0.2055869 0.2055869 0.3059723 0.3118873 
261935_Kenai_River             0.1098138 0.1098138 0.0000000 0.0013034 0.0013048 0.0543326 0.0463743 0.0033873 0.0511566 0.0667465 0.0576661 0.0767675 0.0511566 0.1078840 0.0593468 0.0593468 0.1264585 0.1200917 
353213_Cropley_Lake            0.1116402 0.1116402 0.0013034 0.0000000 0.0026136 0.0559279 0.0479434 0.0050896 0.0527421 0.0685778 0.0592754 0.0793612 0.0527421 0.1097898 0.0609632 0.0609632 0.1283166 0.1220508 
353219_Peterson_Creek          0.1117882 0.1117882 0.0013048 0.0026136 0.0000000 0.0554163 0.0480000 0.0016881 0.1096255 0.1287262 0.1165392 0.0795137 0.1096255 0.1690261 0.1183580 0.1183580 0.1844979 0.1819566 
353246_Cottonwood_Creek        0.1976278 0.1976278 0.0543326 0.0559279 0.0554163 0.0000000 0.0127823 0.0755718 0.0675841 0.0633787 0.0525167 0.0267250 0.0675841 0.1220110 0.0540336 0.0540336 0.1519839 0.1335080 
353379_Skagit_River            0.1858930 0.1858930 0.0463743 0.0479434 0.0480000 0.0127823 0.0000000 0.0626771 0.0070457 0.0224391 0.0157034 0.0109071 0.0070457 0.0609079 0.0171748 0.0171748 0.0889814 0.0715905 
353381_Dungeness_River         0.1532965 0.1532965 0.0033873 0.0050896 0.0016881 0.0755718 0.0626771 0.0000000 0.0713046 0.0842634 0.0801305 0.1323419 0.0713046 0.1201426 0.0824347 0.0824347 0.1675632 0.1393145 
353401_Peace_River             0.1930228 0.1930228 0.0511566 0.0527421 0.1096255 0.0675841 0.0070457 0.0713046 0.0000000 0.0162326 0.0122722 0.0043270 0.0000010 0.0501130 0.0135290 0.0135290 0.0756719 0.0589786 
353407_Noatok                  0.2396011 0.2396011 0.0667465 0.0685778 0.1287262 0.0633787 0.0224391 0.0842634 0.0162326 0.0000000 0.0039919 0.0374916 0.0162326 0.0571182 0.0039919 0.0039919 0.0870747 0.0654454 
353410_Horizon_Lake            0.2029145 0.2029145 0.0576661 0.0592754 0.1165392 0.0525167 0.0157034 0.0801305 0.0122722 0.0039919 0.0000000 0.0267250 0.0122722 0.0529675 0.0012103 0.0012103 0.0815949 0.0618944 
92319_Little_Lost              0.3608996 0.3608996 0.0767675 0.0793612 0.0795137 0.0267250 0.0109071 0.1323419 0.0043270 0.0374916 0.0267250 0.0000000 0.0043270 0.1047713 0.0290681 0.0290681 0.1311054 0.1178344 
94280_St_Joe                   0.1930228 0.1930228 0.0511566 0.0527421 0.1096255 0.0675841 0.0070457 0.0713046 0.0000010 0.0162326 0.0122722 0.0043270 0.0000000 0.0501130 0.0135290 0.0135290 0.0756719 0.0589786 
GCA016432855_Lake_Trout        0.2915519 0.2915519 0.1078840 0.1097898 0.1690261 0.1220110 0.0609079 0.1201426 0.0501130 0.0571182 0.0529675 0.1047713 0.0501130 0.0000000 0.0544591 0.0544591 0.1110370 0.0128895 
GCA036784925_Maine_S_alpinus   0.2055869 0.2055869 0.0593468 0.0609632 0.1183580 0.0540336 0.0171748 0.0824347 0.0135290 0.0039919 0.0012103 0.0290681 0.0135290 0.0544591 0.0000000 0.0000010 0.0831343 0.0634276 
GCA045679555_Iceland_A_alpinus 0.2055869 0.2055869 0.0593468 0.0609632 0.1183580 0.0540336 0.0171748 0.0824347 0.0135290 0.0039919 0.0012103 0.0290681 0.0135290 0.0544591 0.0000010 0.0000000 0.0831343 0.0634276 
GCF013265735_Rainbow_Trout     0.3059723 0.3059723 0.1264585 0.1283166 0.1844979 0.1519839 0.0889814 0.1675632 0.0756719 0.0870747 0.0815949 0.1311054 0.0756719 0.1110370 0.0831343 0.0831343 0.0000000 0.1214648 
GCF029448725_Brook_Trout       0.3118873 0.3118873 0.1200917 0.1220508 0.1819566 0.1335080 0.0715905 0.1393145 0.0589786 0.0654454 0.0618944 0.1178344 0.0589786 0.0128895 0.0634276 0.0634276 0.1214648 0.0000000 
