18
251140_Ward_Creek              0.0000000 0.0014948 0.0285071 0.0007332 0.0391421 0.0124378 0.0088293 0.0228699 0.0153401 0.0228699 0.0108632 0.0142298 0.0331732 0.0659156 0.0140699 0.0114054 0.1752611 0.0906848 
260512_Pybus_Point             0.0014948 0.0000000 0.0285791 0.0022525 0.0392202 0.0105301 0.0106798 0.0251637 0.0191493 0.0251637 0.0132116 0.0162687 0.0360870 0.0659067 0.0160865 0.0133368 0.1719654 0.0906706 
261935_Kenai_River             0.0285071 0.0285791 0.0000000 0.0296893 0.0147419 0.0435810 0.0435042 0.0475917 0.0897781 0.0475917 0.0398081 0.0395223 0.0671378 0.1002107 0.0491760 0.0448798 0.2458120 0.1576667 
353213_Cropley_Lake            0.0007332 0.0022525 0.0296893 0.0000000 0.0378358 0.0115524 0.0096757 0.0238645 0.0136871 0.0238645 0.0153348 0.0151362 0.0344314 0.0673322 0.0149670 0.0122758 0.1769987 0.0923976 
353219_Peterson_Creek          0.0391421 0.0392202 0.0147419 0.0378358 0.0000000 0.0225140 0.0246861 0.0698679 0.0727794 0.0698679 0.0715740 0.0297446 0.0948805 0.0841048 0.0614630 0.0258367 0.2713099 0.1843941 
353220_Fish_Creek              0.0124378 0.0105301 0.0435810 0.0115524 0.0225140 0.0000000 0.0030174 0.0380476 0.0191493 0.0380476 0.0272265 0.0062338 0.0521964 0.0501658 0.0276923 0.0037925 0.1907153 0.1097473 
353246_Cottonwood_Creek        0.0088293 0.0106798 0.0435042 0.0096757 0.0246861 0.0030174 0.0000000 0.0354472 0.0153401 0.0354472 0.0243293 0.0045657 0.0490073 0.0501724 0.0253315 0.0022224 0.1940650 0.1097640 
353379_Skagit_River            0.0228699 0.0251637 0.0475917 0.0238645 0.0698679 0.0380476 0.0354472 0.0000000 0.0679466 0.0000010 0.0269027 0.0300196 0.0043808 0.0725910 0.0355352 0.0321239 0.1765223 0.0915398 
353381_Dungeness_River         0.0153401 0.0191493 0.0897781 0.0136871 0.0727794 0.0191493 0.0153401 0.0679466 0.0000000 0.0679466 0.0628042 0.0264421 0.0679466 0.1355260 0.0502186 0.0204683 0.3461211 0.2200434 
353401_Peace_River             0.0228699 0.0251637 0.0475917 0.0238645 0.0698679 0.0380476 0.0354472 0.0000010 0.0679466 0.0000000 0.0269027 0.0300196 0.0043808 0.0725910 0.0355352 0.0321239 0.1765223 0.0915398 
353407_Noatok                  0.0108632 0.0132116 0.0398081 0.0153348 0.0715740 0.0272265 0.0243293 0.0269027 0.0628042 0.0269027 0.0000000 0.0158294 0.0417938 0.0863398 0.0269349 0.0230937 0.2126211 0.1203185 
353410_Horizon_Lake            0.0142298 0.0162687 0.0395223 0.0151362 0.0297446 0.0062338 0.0045657 0.0300196 0.0264421 0.0300196 0.0158294 0.0000000 0.0422846 0.0451065 0.0277453 0.0037863 0.1873993 0.1026825 
92319_Little_Lost              0.0331732 0.0360870 0.0671378 0.0344314 0.0948805 0.0521964 0.0490073 0.0043808 0.0679466 0.0043808 0.0417938 0.0422846 0.0000000 0.0931738 0.0491509 0.0448221 0.2140098 0.1187032 
GCA016432855_Lake_Trout        0.0659156 0.0659067 0.1002107 0.0673322 0.0841048 0.0501658 0.0501724 0.0725910 0.1355260 0.0725910 0.0863398 0.0451065 0.0931738 0.0000000 0.0825826 0.0463577 0.2168137 0.0787402 
GCA036784925_Maine_S_alpinus   0.0140699 0.0160865 0.0491760 0.0149670 0.0614630 0.0276923 0.0253315 0.0355352 0.0502186 0.0355352 0.0269349 0.0277453 0.0491509 0.0825826 0.0000000 0.0223153 0.1461876 0.1099876 
GCA045679555_Iceland_A_alpinus 0.0114054 0.0133368 0.0448798 0.0122758 0.0258367 0.0037925 0.0022224 0.0321239 0.0204683 0.0321239 0.0230937 0.0037863 0.0448221 0.0463577 0.0223153 0.0000000 0.1887480 0.1044522 
GCF013265735_Rainbow_Trout     0.1752611 0.1719654 0.2458120 0.1769987 0.2713099 0.1907153 0.1940650 0.1765223 0.3461211 0.1765223 0.2126211 0.1873993 0.2140098 0.2168137 0.1461876 0.1887480 0.0000000 0.2093129 
GCF029448725_Brook_Trout       0.0906848 0.0906706 0.1576667 0.0923976 0.1843941 0.1097473 0.1097640 0.0915398 0.2200434 0.0915398 0.1203185 0.1026825 0.1187032 0.0787402 0.1099876 0.1044522 0.2093129 0.0000000 
