20
251140_Ward_Creek              0.0000000 0.0000010 0.0055740 0.0011459 0.0070395 0.0011459 0.0055740 0.0104665 0.0748663 0.0116474 0.0041666 0.0046104 0.0411769 0.0104665 0.0140203 0.0022981 0.0000010 0.2435014 0.0382385 0.0116474 
260512_Pybus_Point             0.0000010 0.0000000 0.0055740 0.0011459 0.0070395 0.0011459 0.0055740 0.0104665 0.0748663 0.0116474 0.0041666 0.0046104 0.0411769 0.0104665 0.0140203 0.0022981 0.0000010 0.2435014 0.0382385 0.0116474 
261935_Kenai_River             0.0055740 0.0055740 0.0000000 0.0069805 0.0013953 0.0069805 0.0000010 0.0126974 0.1128737 0.0141347 0.0041728 0.0084048 0.0556090 0.0126974 0.0155774 0.0084048 0.0055740 0.3429724 0.0453242 0.0141347 
353213_Cropley_Lake            0.0011459 0.0011459 0.0069805 0.0000000 0.0084632 0.0022953 0.0069805 0.0116474 0.0770402 0.0128320 0.0055657 0.0057718 0.0429913 0.0116474 0.0152122 0.0034525 0.0013838 0.2464171 0.0395376 0.0128320 
353219_Peterson_Creek          0.0070395 0.0070395 0.0013953 0.0084632 0.0000000 0.0056211 0.0013953 0.0142557 0.1115238 0.0157111 0.0056211 0.0099074 0.0589289 0.0142557 0.0171719 0.0099074 0.0070395 0.3546504 0.0473614 0.0157111 
353220_Fish_Creek              0.0011459 0.0011459 0.0069805 0.0022953 0.0056211 0.0000000 0.0069805 0.0116474 0.0727028 0.0128320 0.0055657 0.0057718 0.0429913 0.0116474 0.0152122 0.0034525 0.0013838 0.2464171 0.0395376 0.0128320 
353246_Cottonwood_Creek        0.0055740 0.0055740 0.0000010 0.0069805 0.0013953 0.0069805 0.0000000 0.0126974 0.1128737 0.0141347 0.0041728 0.0084048 0.0556090 0.0126974 0.0155774 0.0084048 0.0055740 0.3429724 0.0453242 0.0141347 
353379_Skagit_River            0.0104665 0.0104665 0.0126974 0.0116474 0.0142557 0.0116474 0.0126974 0.0000000 0.0860572 0.0011459 0.0141131 0.0128482 0.0268549 0.0000010 0.0140559 0.0128482 0.0126780 0.2597910 0.0370453 0.0011459 
353381_Dungeness_River         0.0748663 0.0748663 0.1128737 0.0770402 0.1115238 0.0727028 0.1128737 0.0860572 0.0000000 0.0882963 0.1161372 0.0838299 0.2568096 0.0860572 0.0907631 0.0772189 0.1064188 0.9842754 0.1416194 0.0882963 
353401_Peace_River             0.0116474 0.0116474 0.0141347 0.0128320 0.0157111 0.0128320 0.0141347 0.0011459 0.0882963 0.0000000 0.0155535 0.0140381 0.0251200 0.0011459 0.0152510 0.0140381 0.0141131 0.2628168 0.0383440 0.0000010 
353407_Noatok                  0.0041666 0.0041666 0.0041728 0.0055657 0.0056211 0.0055657 0.0041728 0.0141131 0.1161372 0.0155535 0.0000000 0.0069805 0.0579531 0.0141131 0.0169993 0.0069805 0.0041666 0.3461742 0.0468507 0.0155535 
353410_Horizon_Lake            0.0046104 0.0046104 0.0084048 0.0057718 0.0099074 0.0057718 0.0084048 0.0128482 0.0838299 0.0140381 0.0069805 0.0000000 0.0449010 0.0128482 0.0164288 0.0069454 0.0055740 0.2560220 0.0408976 0.0140381 
92319_Little_Lost              0.0411769 0.0411769 0.0556090 0.0429913 0.0589289 0.0429913 0.0556090 0.0268549 0.2568096 0.0251200 0.0579531 0.0449010 0.0000000 0.0268549 0.0486748 0.0449010 0.0554628 0.3584822 0.0867667 0.0251200 
94280_St_Joe                   0.0104665 0.0104665 0.0126974 0.0116474 0.0142557 0.0116474 0.0126974 0.0000010 0.0860572 0.0011459 0.0141131 0.0128482 0.0268549 0.0000000 0.0140559 0.0128482 0.0126780 0.2597910 0.0370453 0.0011459 
GCA016432855_Lake_Trout        0.0140203 0.0140203 0.0155774 0.0152122 0.0171719 0.0152122 0.0155774 0.0140559 0.0907631 0.0152510 0.0169993 0.0164288 0.0486748 0.0140559 0.0000000 0.0164288 0.0155535 0.2493496 0.0369436 0.0152510 
GCA036784925_Maine_S_alpinus   0.0022981 0.0022981 0.0084048 0.0034525 0.0099074 0.0034525 0.0084048 0.0128482 0.0772189 0.0140381 0.0069805 0.0069454 0.0449010 0.0128482 0.0164288 0.0000000 0.0027767 0.2500823 0.0408976 0.0140381 
GCA045679555_Iceland_A_alpinus 0.0000010 0.0000010 0.0055740 0.0013838 0.0070395 0.0013838 0.0055740 0.0126780 0.1064188 0.0141131 0.0041666 0.0055740 0.0554628 0.0126780 0.0155535 0.0027767 0.0000000 0.3322439 0.0452473 0.0141131 
GCF013265735_Rainbow_Trout     0.2435014 0.2435014 0.3429724 0.2464171 0.3546504 0.2464171 0.3429724 0.2597910 0.9842754 0.2628168 0.3461742 0.2560220 0.3584822 0.2597910 0.2493496 0.2500823 0.3322439 0.0000000 0.1953153 0.2628168 
GCF029448725_Brook_Trout       0.0382385 0.0382385 0.0453242 0.0395376 0.0473614 0.0395376 0.0453242 0.0370453 0.1416194 0.0383440 0.0468507 0.0408976 0.0867667 0.0370453 0.0369436 0.0408976 0.0452473 0.1953153 0.0000000 0.0383440 
Methow_River_99895             0.0116474 0.0116474 0.0141347 0.0128320 0.0157111 0.0128320 0.0141347 0.0011459 0.0882963 0.0000010 0.0155535 0.0140381 0.0251200 0.0011459 0.0152510 0.0140381 0.0141131 0.2628168 0.0383440 0.0000000 
