14
251140_Ward_Creek              0.0000000 0.0000010 0.0784517 0.2755338 0.4849355 0.0000010 0.4849355 0.2909677 0.4542721 4.3691447 0.3753132 0.3753132 2.0669733 0.8685774 
260512_Pybus_Point             0.0000010 0.0000000 0.0784517 0.2755338 0.4849355 0.0000010 0.4849355 0.2909677 0.4542721 4.3691447 0.3753132 0.3753132 2.0669733 0.8685774 
261935_Kenai_River             0.0784517 0.0784517 0.0000000 0.1768891 0.5957556 0.0849055 0.5957556 0.4084093 0.3220051 3.8652555 0.2705124 0.2705124 2.0488684 0.9585980 
353219_Peterson_Creek          0.2755338 0.2755338 0.1768891 0.0000000 0.4122171 0.2755338 0.4122171 0.7364005 0.5951280 5.4569914 0.0897320 0.0897320 2.1392472 0.7658937 
353379_Skagit_River            0.4849355 0.4849355 0.5957556 0.4122171 0.0000000 0.5326324 0.0000010 0.5957556 0.7658937 5.1183348 0.2533628 0.2533628 1.9836425 0.2755338 
353381_Dungeness_River         0.0000010 0.0000010 0.0849055 0.2755338 0.5326324 0.0000000 0.5326324 0.3220051 0.4542721 4.3691447 0.4122171 0.4122171 2.1149154 0.8685774 
353401_Peace_River             0.4849355 0.4849355 0.5957556 0.4122171 0.0000010 0.5326324 0.0000000 0.5957556 0.7658937 5.1183348 0.2533628 0.2533628 1.9836425 0.2755338 
353407_Noatok                  0.2909677 0.2909677 0.4084093 0.7364005 0.5957556 0.3220051 0.5957556 0.0000000 0.3220051 5.4569914 0.4849355 0.4849355 2.1117469 0.7658937 
353410_Horizon_Lake            0.4542721 0.4542721 0.3220051 0.5951280 0.7658937 0.4542721 0.7658937 0.3220051 0.0000000 3.2121500 0.4122171 0.4122171 2.1149154 0.8685774 
GCA016432855_Lake_Trout        4.3691447 4.3691447 3.8652555 5.4569914 5.1183348 4.3691447 5.1183348 5.4569914 3.2121500 0.0000000 4.1489001 4.1489001 2.9187365 4.1489001 
GCA036784925_Maine_S_alpinus   0.3753132 0.3753132 0.2705124 0.0897320 0.2533628 0.4122171 0.2533628 0.4849355 0.4122171 4.1489001 0.0000000 0.0000010 1.9408462 0.5914399 
GCA045679555_Iceland_A_alpinus 0.3753132 0.3753132 0.2705124 0.0897320 0.2533628 0.4122171 0.2533628 0.4849355 0.4122171 4.1489001 0.0000010 0.0000000 1.9408462 0.5914399 
GCF013265735_Rainbow_Trout     2.0669733 2.0669733 2.0488684 2.1392472 1.9836425 2.1149154 1.9836425 2.1117469 2.1149154 2.9187365 1.9408462 1.9408462 0.0000000 2.0730885 
GCF029448725_Brook_Trout       0.8685774 0.8685774 0.9585980 0.7658937 0.2755338 0.8685774 0.2755338 0.7658937 0.8685774 4.1489001 0.5914399 0.5914399 2.0730885 0.0000000 
