16
251140_Ward_Creek              0.0000000 0.0355983 0.0355983 0.0355983 8.9999987 3.1440364 0.0540128 0.2258758 0.0000010 0.2258758 0.0729625 0.3484757 0.1540241 0.1942487 8.9999981 0.5398687 
260512_Pybus_Point             0.0355983 0.0000000 0.0356199 0.0356199 8.9999988 3.1839693 0.0540462 0.2261034 0.0397709 0.2261034 0.0730083 0.3487549 0.1541281 0.1582026 8.9999981 0.5047831 
261935_Kenai_River             0.0355983 0.0356199 0.0000000 0.0000010 2.3917425 3.1839693 0.0540462 0.2261034 0.0397709 0.2261034 0.0730083 0.3487549 0.1123898 0.1236470 8.9999987 0.5403817 
353213_Cropley_Lake            0.0355983 0.0356199 0.0000010 0.0000000 2.3917425 3.1839693 0.0540462 0.2261034 0.0397709 0.2261034 0.0730083 0.3487549 0.1123898 0.1236470 8.9999987 0.5403817 
353219_Peterson_Creek          8.9999987 8.9999988 2.3917425 2.3917425 0.0000000 0.0187692 8.9999989 8.9999986 0.5751131 8.9999986 8.9999990 8.9999988 8.9999985 8.9999989 9.0000000 8.9999987 
353220_Fish_Creek              3.1440364 3.1839693 3.1839693 3.1839693 0.0187692 0.0000000 8.9999990 8.9999983 0.5303420 8.9999983 8.9999989 8.9999985 8.9999984 8.9999987 9.0000000 8.9999985 
353246_Cottonwood_Creek        0.0540128 0.0540462 0.0540462 0.0540462 8.9999989 8.9999990 0.0000000 0.1936068 0.0604271 0.1936068 0.0175855 0.3212087 0.1756902 0.2321048 8.9999982 0.5766798 
353379_Skagit_River            0.2258758 0.2261034 0.2261034 0.2261034 8.9999986 8.9999983 0.1936068 0.0000000 0.2714390 0.0000010 0.1626770 0.3326761 0.1939864 0.2919514 8.9999983 0.8747364 
353381_Dungeness_River         0.0000010 0.0397709 0.0397709 0.0397709 0.5751131 0.5303420 0.0604271 0.2714390 0.0000000 0.2714390 0.0817582 0.4010184 0.1738216 0.2404249 8.9999984 0.6368312 
353401_Peace_River             0.2258758 0.2261034 0.2261034 0.2261034 8.9999986 8.9999983 0.1936068 0.0000010 0.2714390 0.0000000 0.1626770 0.3326761 0.1939864 0.2919514 8.9999983 0.8747364 
353407_Noatok                  0.0729625 0.0730083 0.0730083 0.0730083 8.9999990 8.9999989 0.0175855 0.1626770 0.0817582 0.1626770 0.0000000 0.2949045 0.1539953 0.1941872 8.9999987 0.5397279 
GCA016432855_Lake_Trout        0.3484757 0.3487549 0.3487549 0.3487549 8.9999988 8.9999985 0.3212087 0.3326761 0.4010184 0.3326761 0.2949045 0.0000000 0.3487126 0.6374705 8.9999983 0.6144129 
GCA036784925_Maine_S_alpinus   0.1540241 0.1541281 0.1123898 0.1123898 8.9999985 8.9999984 0.1756902 0.1939864 0.1738216 0.1939864 0.1539953 0.3487126 0.0000000 0.0290265 8.9999982 0.5403036 
GCA045679555_Iceland_A_alpinus 0.1942487 0.1582026 0.1236470 0.1236470 8.9999989 8.9999987 0.2321048 0.2919514 0.2404249 0.2919514 0.1941872 0.6374705 0.0290265 0.0000000 8.9999983 1.0981313 
GCF013265735_Rainbow_Trout     8.9999981 8.9999981 8.9999987 8.9999987 9.0000000 9.0000000 8.9999982 8.9999983 8.9999984 8.9999983 8.9999987 8.9999983 8.9999982 8.9999983 0.0000000 8.9999982 
GCF029448725_Brook_Trout       0.5398687 0.5047831 0.5403817 0.5403817 8.9999987 8.9999985 0.5766798 0.8747364 0.6368312 0.8747364 0.5397279 0.6144129 0.5403036 1.0981313 8.9999982 0.0000000 
