17
251140_Ward_Creek              0.0000000 0.0204971 0.0000010 0.0205520 0.0050484 0.0101872 0.0591265 0.0581580 0.0258473 0.0363501 0.1261125 0.0581580 0.0858629 0.0205574 0.0205574 0.4590947 0.1340046 
260512_Pybus_Point             0.0204971 0.0000000 0.0204971 0.0309979 0.0256880 0.0205060 0.0591785 0.0582084 0.0258698 0.0363817 0.1262866 0.0582084 0.0859364 0.0205753 0.0205753 0.4593809 0.1341286 
261935_Kenai_River             0.0000010 0.0204971 0.0000000 0.0205520 0.0050484 0.0101872 0.0591265 0.0581580 0.0258473 0.0363501 0.1261125 0.0581580 0.0858629 0.0205574 0.0205574 0.4590947 0.1340046 
353213_Cropley_Lake            0.0205520 0.0309979 0.0205520 0.0000000 0.0153692 0.0311914 0.0589951 0.0580310 0.0257934 0.0362734 0.1256198 0.0580310 0.0856687 0.0205149 0.0205149 0.4572173 0.1336474 
353219_Peterson_Creek          0.0050484 0.0256880 0.0050484 0.0153692 0.0000000 0.0153207 0.0646792 0.0636168 0.0310984 0.0416530 0.1357461 0.0636168 0.0914792 0.0257639 0.0257639 0.4679764 0.1405350 
353246_Cottonwood_Creek        0.0101872 0.0205060 0.0101872 0.0311914 0.0153207 0.0000000 0.0591523 0.0581831 0.0153316 0.0363659 0.1261972 0.0581831 0.0858991 0.0205664 0.0205664 0.4592079 0.1340648 
353379_Skagit_River            0.0591265 0.0591785 0.0591265 0.0589951 0.0646792 0.0591523 0.0000000 0.0000010 0.0424277 0.0532826 0.0255313 0.0000010 0.0694440 0.0369018 0.0369018 0.4337833 0.1129731 
353401_Peace_River             0.0581580 0.0582084 0.0581580 0.0580310 0.0636168 0.0581831 0.0000010 0.0000000 0.0417421 0.0524175 0.0248755 0.0000010 0.0683133 0.0363090 0.0363090 0.4243625 0.1129731 
353407_Noatok                  0.0258473 0.0258698 0.0258473 0.0257934 0.0310984 0.0153316 0.0424277 0.0417421 0.0000000 0.0205061 0.0968588 0.0417421 0.0688301 0.0050746 0.0050746 0.4288596 0.1139462 
353410_Horizon_Lake            0.0363501 0.0363817 0.0363501 0.0362734 0.0416530 0.0363659 0.0532826 0.0524175 0.0205061 0.0000000 0.1153761 0.0524175 0.0797921 0.0152909 0.0152909 0.4282386 0.1266257 
92319_Little_Lost              0.1261125 0.1262866 0.1261125 0.1256198 0.1357461 0.1261972 0.0255313 0.0248755 0.0968588 0.1153761 0.0000000 0.0248755 0.1425626 0.0871759 0.0871759 0.9478496 0.2444297 
94280_St_Joe                   0.0581580 0.0582084 0.0581580 0.0580310 0.0636168 0.0581831 0.0000010 0.0000010 0.0417421 0.0524175 0.0248755 0.0000000 0.0683133 0.0363090 0.0363090 0.4243625 0.1129731 
GCA016432855_Lake_Trout        0.0858629 0.0859364 0.0858629 0.0856687 0.0914792 0.0858991 0.0694440 0.0683133 0.0688301 0.0797921 0.1425626 0.0683133 0.0000000 0.0631548 0.0631548 0.4234958 0.1254634 
GCA036784925_Maine_S_alpinus   0.0205574 0.0205753 0.0205574 0.0205149 0.0257639 0.0205664 0.0369018 0.0363090 0.0050746 0.0152909 0.0871759 0.0363090 0.0631548 0.0000000 0.0000010 0.4182841 0.1072101 
GCA045679555_Iceland_A_alpinus 0.0205574 0.0205753 0.0205574 0.0205149 0.0257639 0.0205664 0.0369018 0.0363090 0.0050746 0.0152909 0.0871759 0.0363090 0.0631548 0.0000010 0.0000000 0.4182841 0.1072101 
GCF013265735_Rainbow_Trout     0.4590947 0.4593809 0.4590947 0.4572173 0.4679764 0.4592079 0.4337833 0.4243625 0.4288596 0.4282386 0.9478496 0.4243625 0.4234958 0.4182841 0.4182841 0.0000000 0.5352702 
GCF029448725_Brook_Trout       0.1340046 0.1341286 0.1340046 0.1336474 0.1405350 0.1340648 0.1129731 0.1129731 0.1139462 0.1266257 0.2444297 0.1129731 0.1254634 0.1072101 0.1072101 0.5352702 0.0000000 
