17
251140_Ward_Creek          0.0000000 0.0000010 0.0000010 0.0000010 0.0000010 0.0085355 0.2062609 1.0913829 0.2516754 0.2185870 0.1815331 0.2548836 0.2581018 0.0740532 0.0573027 0.0740009 0.2516754 
260512_Pybus_Point         0.0000010 0.0000000 0.0000010 0.0000010 0.0000010 0.0085355 0.2062609 1.0913829 0.2516754 0.2185870 0.1815331 0.2548836 0.2581018 0.0740532 0.0573027 0.0740009 0.2516754 
261935_Kenai_River         0.0000010 0.0000010 0.0000000 0.0000010 0.0000010 0.0080219 0.2132431 1.0770160 0.2604875 0.2175478 0.1891608 0.2638237 0.2671717 0.0693800 0.0776549 0.0706713 0.2604875 
353213_Cropley_Lake        0.0000010 0.0000010 0.0000010 0.0000000 0.0000010 0.0078333 0.2062609 1.0770160 0.2516754 0.2199675 0.1830254 0.2548836 0.2581018 0.0676717 0.0756390 0.0688996 0.2516754 
353219_Peterson_Creek      0.0000010 0.0000010 0.0000010 0.0000010 0.0000000 0.0078333 0.2062609 1.0770160 0.2516754 0.2199675 0.1830254 0.2548836 0.2581018 0.0676717 0.0756390 0.0688996 0.2516754 
353246_Cottonwood_Creek    0.0085355 0.0085355 0.0080219 0.0078333 0.0078333 0.0000000 0.2062609 1.0770160 0.2516754 0.2199675 0.1830254 0.2548836 0.2581018 0.0762554 0.0847319 0.0776463 0.2516754 
353379_Skagit_River        0.2062609 0.2062609 0.2132431 0.2062609 0.2062609 0.2062609 0.0000000 0.3800585 0.0296774 0.0676551 0.0465286 0.0317279 0.0337457 0.2728251 0.2416870 0.2761242 0.0296774 
353381_Dungeness_River     1.0913829 1.0913829 1.0770160 1.0770160 1.0770160 1.0770160 0.3800585 0.0000000 0.4497792 0.4146959 0.3398238 0.4615064 0.4615064 1.5834904 1.2714902 1.6312010 0.4497792 
353401_Peace_River         0.2516754 0.2516754 0.2604875 0.2516754 0.2516754 0.2516754 0.0296774 0.4497792 0.0000000 0.0998681 0.0742835 0.0038659 0.0058046 0.3228523 0.2827574 0.3263586 0.0000010 
353407_Noatok              0.2185870 0.2185870 0.2175478 0.2199675 0.2199675 0.2199675 0.0676551 0.4146959 0.0998681 0.0000000 0.0492511 0.1047032 0.1070594 0.2946091 0.2517718 0.2992439 0.0998681 
353410_Horizon_Lake        0.1815331 0.1815331 0.1891608 0.1830254 0.1830254 0.1830254 0.0465286 0.3398238 0.0742835 0.0492511 0.0000000 0.0786852 0.0808449 0.2478252 0.2175630 0.2517642 0.0742835 
92319_Little_Lost          0.2548836 0.2548836 0.2638237 0.2548836 0.2548836 0.2548836 0.0317279 0.4615064 0.0038659 0.1047032 0.0786852 0.0000000 0.0019287 0.3263586 0.2860916 0.3298781 0.0038659 
94280_St_Joe               0.2581018 0.2581018 0.2671717 0.2581018 0.2581018 0.2581018 0.0337457 0.4615064 0.0058046 0.1070594 0.0808449 0.0019287 0.0000000 0.3298781 0.2894378 0.3334110 0.0058046 
GCA016432855_Lake_Trout    0.0740532 0.0740532 0.0693800 0.0676717 0.0676717 0.0762554 0.2728251 1.5834904 0.3228523 0.2946091 0.2478252 0.3263586 0.3298781 0.0000000 0.1480866 0.0039788 0.3228523 
GCF013265735_Rainbow_Trout 0.0573027 0.0573027 0.0776549 0.0756390 0.0756390 0.0847319 0.2416870 1.2714902 0.2827574 0.2517718 0.2175630 0.2860916 0.2894378 0.1480866 0.0000000 0.1488920 0.2827574 
GCF029448725_Brook_Trout   0.0740009 0.0740009 0.0706713 0.0688996 0.0688996 0.0776463 0.2761242 1.6312010 0.3263586 0.2992439 0.2517642 0.3298781 0.3334110 0.0039788 0.1488920 0.0000000 0.3263586 
Methow_River_99895         0.2516754 0.2516754 0.2604875 0.2516754 0.2516754 0.2516754 0.0296774 0.4497792 0.0000010 0.0998681 0.0742835 0.0038659 0.0058046 0.3228523 0.2827574 0.3263586 0.0000000 
