16
251140_Ward_Creek            0.0000000 0.2208177 0.2399817 0.0000010 0.2007112 0.0325546 0.0088085 0.0325546 0.0088085 0.0132976 0.0522459 0.0421080 0.2007112 0.0952726 0.0736720 0.0276661 
260512_Pybus_Point           0.2208177 0.0000000 0.0099971 0.2208177 0.0000010 0.2730503 0.2114541 0.2730503 0.2303272 0.2208177 0.7765416 0.2684374 0.0000010 0.4120033 0.3289468 0.5644242 
261935_Kenai_River           0.2399817 0.0099971 0.0000000 0.2399817 0.0101494 0.2730503 0.2303272 0.2730503 0.2303272 0.2208177 0.7765416 0.2684374 0.0101494 0.4120033 0.3060352 0.5971851 
353213_Cropley_Lake          0.0000010 0.2208177 0.2399817 0.0000000 0.2007112 0.0325546 0.0088085 0.0325546 0.0088085 0.0132976 0.0522459 0.0421080 0.2007112 0.0952726 0.0736720 0.0276661 
353246_Cottonwood_Creek      0.2007112 0.0000010 0.0101494 0.2007112 0.0000000 0.2495053 0.1917656 0.2495053 0.2097941 0.2007112 0.6759190 0.2454817 0.0000010 0.3785894 0.3026498 0.4944268 
353379_Skagit_River          0.0325546 0.2730503 0.2730503 0.0325546 0.2495053 0.0000000 0.0229387 0.0000010 0.0325546 0.0277139 0.0000010 0.0482200 0.2495053 0.0901328 0.0812002 0.0000010 
353381_Dungeness_River       0.0088085 0.2114541 0.2303272 0.0088085 0.1917656 0.0229387 0.0000000 0.0229387 0.0088085 0.0043759 0.0365187 0.0323143 0.1917656 0.0834084 0.0629852 0.0135580 
353401_Peace_River           0.0325546 0.2730503 0.2730503 0.0325546 0.2495053 0.0000010 0.0229387 0.0000000 0.0325546 0.0277139 0.0000010 0.0482200 0.2495053 0.0901328 0.0812002 0.0000010 
353407_Noatok                0.0088085 0.2303272 0.2303272 0.0088085 0.2097941 0.0325546 0.0088085 0.0325546 0.0000000 0.0043759 0.0522459 0.0421080 0.2097941 0.0952726 0.0629852 0.0276661 
353410_Horizon_Lake          0.0132976 0.2208177 0.2208177 0.0132976 0.2007112 0.0277139 0.0043759 0.0277139 0.0043759 0.0000000 0.0442995 0.0371791 0.2007112 0.0892979 0.0577444 0.0205421 
92319_Little_Lost            0.0522459 0.7765416 0.7765416 0.0522459 0.6759190 0.0000010 0.0365187 0.0000010 0.0522459 0.0442995 0.0000000 0.0792112 0.6759190 0.1319551 0.1065668 0.0000010 
GCA016432855_Lake_Trout      0.0421080 0.2684374 0.2684374 0.0421080 0.2454817 0.0482200 0.0323143 0.0482200 0.0421080 0.0371791 0.0792112 0.0000000 0.2454817 0.0892979 0.0474682 0.0590244 
GCA036784925_Maine_S_alpinus 0.2007112 0.0000010 0.0101494 0.2007112 0.0000010 0.2495053 0.1917656 0.2495053 0.2097941 0.2007112 0.6759190 0.2454817 0.0000000 0.3785894 0.3026498 0.4944268 
GCF013265735_Rainbow_Trout   0.0952726 0.4120033 0.4120033 0.0952726 0.3785894 0.0901328 0.0834084 0.0901328 0.0952726 0.0892979 0.1319551 0.0892979 0.3785894 0.0000000 0.1277265 0.0860635 
GCF029448725_Brook_Trout     0.0736720 0.3289468 0.3060352 0.0736720 0.3026498 0.0812002 0.0629852 0.0812002 0.0629852 0.0577444 0.1065668 0.0474682 0.3026498 0.1277265 0.0000000 0.0923642 
Methow_River_99895           0.0276661 0.5644242 0.5971851 0.0276661 0.4944268 0.0000010 0.0135580 0.0000010 0.0276661 0.0205421 0.0000010 0.0590244 0.4944268 0.0860635 0.0923642 0.0000000 
