17
251140_Ward_Creek              0.0000000 0.0029361 0.0089017 0.0029361 0.0029216 0.0059555 0.0567375 0.0052473 0.0567375 0.0121017 0.0212908 0.3395525 0.0416228 0.0212908 0.0212908 0.3014817 0.1624195 
260512_Pybus_Point             0.0029361 0.0000000 0.0058733 0.0000010 0.0059028 0.0090278 0.0608286 0.0000010 0.0608286 0.0152893 0.0245937 0.3565553 0.0453503 0.0245937 0.0245937 0.3139393 0.1697549 
261935_Kenai_River             0.0089017 0.0058733 0.0000000 0.0058733 0.0119313 0.0089470 0.0676982 0.0104996 0.0676982 0.0216394 0.0180857 0.3678763 0.0449132 0.0180857 0.0212111 0.3195351 0.1675203 
353213_Cropley_Lake            0.0029361 0.0000010 0.0058733 0.0000000 0.0059028 0.0090278 0.0608286 0.0000010 0.0608286 0.0152893 0.0245937 0.3565553 0.0453503 0.0245937 0.0245937 0.3139393 0.1697549 
353220_Fish_Creek              0.0029216 0.0059028 0.0119313 0.0059028 0.0000000 0.0089817 0.0604273 0.0105949 0.0604273 0.0152085 0.0244599 0.3485529 0.0450753 0.0244599 0.0244599 0.3014817 0.1678620 
353246_Cottonwood_Creek        0.0059555 0.0090278 0.0089470 0.0090278 0.0089817 0.0000000 0.0604273 0.0164598 0.0604273 0.0120390 0.0212111 0.3485529 0.0418730 0.0212111 0.0243691 0.3173330 0.1501320 
353379_Skagit_River            0.0567375 0.0608286 0.0676982 0.0608286 0.0604273 0.0604273 0.0000000 0.1062440 0.0000010 0.0614539 0.0563720 0.2744794 0.0289659 0.0563720 0.0600321 0.2970715 0.1304725 
353381_Dungeness_River         0.0052473 0.0000010 0.0104996 0.0000010 0.0105949 0.0164598 0.1062440 0.0000000 0.1062440 0.0282614 0.0395279 6.1891137 0.0812257 0.0395279 0.0395279 2.2564362 0.4939360 
353401_Peace_River             0.0567375 0.0608286 0.0676982 0.0608286 0.0604273 0.0604273 0.0000010 0.1062440 0.0000000 0.0614539 0.0563720 0.2744794 0.0289659 0.0563720 0.0600321 0.2970715 0.1304725 
353407_Noatok                  0.0121017 0.0152893 0.0216394 0.0152893 0.0152085 0.0120390 0.0614539 0.0282614 0.0614539 0.0000000 0.0345561 0.3123379 0.0496601 0.0345561 0.0345561 0.3249121 0.1645697 
353410_Horizon_Lake            0.0212908 0.0245937 0.0180857 0.0245937 0.0244599 0.0212111 0.0563720 0.0395279 0.0563720 0.0345561 0.0000000 0.3323016 0.0382072 0.0000010 0.0029216 0.3046577 0.1570341 
92319_Little_Lost              0.3395525 0.3565553 0.3678763 0.3565553 0.3485529 0.3485529 0.2744794 6.1891137 0.2744794 0.3123379 0.3323016 0.0000000 0.3650544 0.3323016 0.3410180 5.3433873 1.8750948 
GCA016432855_Lake_Trout        0.0416228 0.0453503 0.0449132 0.0453503 0.0450753 0.0418730 0.0289659 0.0812257 0.0289659 0.0496601 0.0382072 0.3650544 0.0000000 0.0382072 0.0416228 0.2342427 0.0934739 
GCA036784925_Maine_S_alpinus   0.0212908 0.0245937 0.0180857 0.0245937 0.0244599 0.0212111 0.0563720 0.0395279 0.0563720 0.0345561 0.0000010 0.3323016 0.0382072 0.0000000 0.0029216 0.3046577 0.1570341 
GCA045679555_Iceland_A_alpinus 0.0212908 0.0245937 0.0212111 0.0245937 0.0244599 0.0243691 0.0600321 0.0395279 0.0600321 0.0345561 0.0029216 0.3410180 0.0416228 0.0029216 0.0000000 0.2975210 0.1624195 
GCF013265735_Rainbow_Trout     0.3014817 0.3139393 0.3195351 0.3139393 0.3014817 0.3173330 0.2970715 2.2564362 0.2970715 0.3249121 0.3046577 5.3433873 0.2342427 0.3046577 0.2975210 0.0000000 0.3927145 
GCF029448725_Brook_Trout       0.1624195 0.1697549 0.1675203 0.1697549 0.1678620 0.1501320 0.1304725 0.4939360 0.1304725 0.1645697 0.1570341 1.8750948 0.0934739 0.1570341 0.1624195 0.3927145 0.0000000 
