9
251140_Ward_Creek          0.0000000 0.0030814 0.0030814 0.0061741 0.0000010 0.0061741 0.0187152 0.0782647 0.0299013 
260512_Pybus_Point         0.0030814 0.0000000 0.0000010 0.0030814 0.0000010 0.0030814 0.0155702 0.0748721 0.0299013 
261935_Kenai_River         0.0030814 0.0000010 0.0000000 0.0030814 0.0000010 0.0030814 0.0155702 0.0748721 0.0299013 
353379_Skagit_River        0.0061741 0.0030814 0.0030814 0.0000000 0.0000010 0.0000010 0.0187152 0.0782647 0.0332827 
353381_Dungeness_River     0.0000010 0.0000010 0.0000010 0.0000010 0.0000000 0.0000010 0.1567452 1.9689263 0.2014374 
353401_Peace_River         0.0061741 0.0030814 0.0030814 0.0000010 0.0000010 0.0000000 0.0187152 0.0782647 0.0332827 
GCA016432855_Lake_Trout    0.0187152 0.0155702 0.0155702 0.0187152 0.1567452 0.0187152 0.0000000 0.0854318 0.0402460 
GCF013265735_Rainbow_Trout 0.0782647 0.0748721 0.0748721 0.0782647 1.9689263 0.0782647 0.0854318 0.0000000 0.1055764 
GCF029448725_Brook_Trout   0.0299013 0.0299013 0.0299013 0.0332827 0.2014374 0.0332827 0.0402460 0.1055764 0.0000000 
