10
251140_Ward_Creek          0.0000000 0.0000010 0.0169089 0.0000010 0.0169089 0.0801166 0.0782256 0.1930553 0.0265373 0.0801166 
260512_Pybus_Point         0.0000010 0.0000000 0.0169089 0.0000010 0.0169089 0.0801166 0.0782256 0.1930553 0.0265373 0.0801166 
353379_Skagit_River        0.0169089 0.0169089 0.0000000 0.0257148 0.0000010 0.0564203 0.0977596 0.2125809 0.0447165 0.0564203 
353381_Dungeness_River     0.0000010 0.0000010 0.0257148 0.0000000 0.0257148 0.1494987 0.1247817 0.3244838 0.0413540 0.1494987 
353401_Peace_River         0.0169089 0.0169089 0.0000010 0.0257148 0.0000000 0.0564203 0.0977596 0.2125809 0.0447165 0.0564203 
94280_St_Joe               0.0801166 0.0801166 0.0564203 0.1494987 0.0564203 0.0000000 0.2030513 0.4226838 0.1236656 0.0000010 
GCA016432855_Lake_Trout    0.0782256 0.0782256 0.0977596 0.1247817 0.0977596 0.2030513 0.0000000 0.2469527 0.1125744 0.2030513 
GCF013265735_Rainbow_Trout 0.1930553 0.1930553 0.2125809 0.3244838 0.2125809 0.4226838 0.2469527 0.0000000 0.2367429 0.4226838 
GCF029448725_Brook_Trout   0.0265373 0.0265373 0.0447165 0.0413540 0.0447165 0.1236656 0.1125744 0.2367429 0.0000000 0.1236656 
Methow_River_99895         0.0801166 0.0801166 0.0564203 0.1494987 0.0564203 0.0000010 0.2030513 0.4226838 0.1236656 0.0000000 
