18
251140_Ward_Creek              0.0000000 0.0041275 0.0062024 0.0020610 0.0000010 0.0061980 0.0216830 0.0020616 0.0237192 0.0082783 0.0082783 0.0215382 0.0237192 0.0272479 3.4348951 0.0082793 0.0667546 0.0402528 
260512_Pybus_Point             0.0041275 0.0000000 0.0062026 0.0020615 0.0041275 0.0061982 0.0216834 0.0020617 0.0237196 0.0082785 0.0082785 0.0215386 0.0237196 0.0272484 3.5566818 0.0082795 0.0667549 0.0402533 
261935_Kenai_River             0.0062024 0.0062026 0.0000000 0.0082783 0.0062024 0.0041309 0.0151155 0.0041309 0.0171796 0.0020614 0.0020614 0.0150149 0.0171796 0.0208754 3.4348951 0.0062078 0.0600419 0.0337590 
353213_Cropley_Lake            0.0020610 0.0020615 0.0082783 0.0000000 0.0020610 0.0082724 0.0238776 0.0041275 0.0259039 0.0103584 0.0103584 0.0237169 0.0259039 0.0293744 3.5566818 0.0103597 0.0689825 0.0424160 
353219_Peterson_Creek          0.0000010 0.0041275 0.0062024 0.0020610 0.0000000 0.0061980 0.0216830 0.0020616 0.0237192 0.0082783 0.0082783 0.0215382 0.0237192 0.0272479 3.4348951 0.0082793 0.0667546 0.0402528 
353246_Cottonwood_Creek        0.0061980 0.0061982 0.0041309 0.0082724 0.0061980 0.0000000 0.0151287 0.0041279 0.0171945 0.0020632 0.0020632 0.0150279 0.0171945 0.0208930 3.2970794 0.0020634 0.0600943 0.0337879 
353379_Skagit_River            0.0216830 0.0216834 0.0151155 0.0238776 0.0216830 0.0151287 0.0000000 0.0194944 0.0021406 0.0129412 0.0129412 0.0000010 0.0021406 0.0216931 3.5535585 0.0151287 0.0577750 0.0350970 
353381_Dungeness_River         0.0020616 0.0020617 0.0041309 0.0041275 0.0020616 0.0041279 0.0194944 0.0000000 0.0215406 0.0062026 0.0062026 0.0193643 0.0215406 0.0251254 3.4348951 0.0062033 0.0645313 0.0380947 
353401_Peace_River             0.0237192 0.0237196 0.0171796 0.0259039 0.0237192 0.0171945 0.0021406 0.0215406 0.0000000 0.0150149 0.0150149 0.0021265 0.0000010 0.0237303 3.0608392 0.0171945 0.0596574 0.0370819 
353407_Noatok                  0.0082783 0.0082785 0.0020614 0.0103584 0.0082783 0.0020632 0.0129412 0.0062026 0.0150149 0.0000000 0.0000010 0.0128551 0.0150149 0.0187668 3.2970794 0.0041339 0.0578299 0.0316130 
353410_Horizon_Lake            0.0082783 0.0082785 0.0020614 0.0103584 0.0082783 0.0020632 0.0129412 0.0062026 0.0150149 0.0000010 0.0000000 0.0128551 0.0150149 0.0187668 3.2970794 0.0041339 0.0578299 0.0316130 
92319_Little_Lost              0.0215382 0.0215386 0.0150149 0.0237169 0.0215382 0.0150279 0.0000010 0.0193643 0.0021265 0.0128551 0.0128551 0.0000000 0.0021265 0.0215481 3.0608392 0.0150279 0.0573787 0.0348595 
94280_St_Joe                   0.0237192 0.0237196 0.0171796 0.0259039 0.0237192 0.0171945 0.0021406 0.0215406 0.0000010 0.0150149 0.0150149 0.0021265 0.0000000 0.0237303 3.0608392 0.0171945 0.0596574 0.0370819 
GCA016432855_Lake_Trout        0.0272479 0.0272484 0.0208754 0.0293744 0.0272479 0.0208930 0.0216931 0.0251254 0.0237303 0.0187668 0.0187668 0.0215481 0.0237303 0.0000000 2.6199010 0.0230255 0.0468297 0.0166982 
GCA036784925_Maine_S_alpinus   3.4348951 3.5566818 3.4348951 3.5566818 3.4348951 3.2970794 3.5535585 3.4348951 3.0608392 3.2970794 3.2970794 3.0608392 3.0608392 2.6199010 0.0000000 3.2970794 3.3659217 3.2117924 
GCA045679555_Iceland_A_alpinus 0.0082793 0.0082795 0.0062078 0.0103597 0.0082793 0.0020634 0.0151287 0.0062033 0.0171945 0.0041339 0.0041339 0.0150279 0.0171945 0.0230255 3.2970794 0.0000000 0.0578206 0.0359680 
GCF013265735_Rainbow_Trout     0.0667546 0.0667549 0.0600419 0.0689825 0.0667546 0.0600943 0.0577750 0.0645313 0.0596574 0.0578299 0.0578299 0.0573787 0.0596574 0.0468297 3.3659217 0.0578206 0.0000000 0.0602579 
GCF029448725_Brook_Trout       0.0402528 0.0402533 0.0337590 0.0424160 0.0402528 0.0337879 0.0350970 0.0380947 0.0370819 0.0316130 0.0316130 0.0348595 0.0370819 0.0166982 3.2117924 0.0359680 0.0602579 0.0000000 
