17
251140_Ward_Creek              0.0000000 0.0000010 0.0461918 0.0000010 0.2260622 0.4096868 0.4429733 0.1551983 0.1546780 0.4429733 0.4429733 0.7661336 0.2133946 0.2130086 1.9802000 0.6482067 0.4096868 
260512_Pybus_Point             0.0000010 0.0000000 0.0461918 0.0000010 0.2260622 0.4096868 0.4429733 0.1551983 0.1546780 0.4429733 0.4429733 0.7661336 0.2133946 0.2130086 1.9802000 0.6482067 0.4096868 
261935_Kenai_River             0.0461918 0.0461918 0.0000000 0.2243203 0.2929746 0.4800032 0.5227323 0.2135768 0.0996408 0.5227323 0.5227323 0.8499088 0.1546780 0.1544162 1.9548980 0.7292587 0.4800032 
353220_Fish_Creek              0.0000010 0.0000010 0.2243203 0.0000000 1.5638970 1.4080802 0.4779265 0.8905674 1.2105371 2.2657014 0.4779265 2.5836735 1.3497074 1.3436440 1.6346008 2.2445503 0.4231038 
353246_Cottonwood_Creek        0.2260622 0.2260622 0.2929746 1.5638970 0.0000000 0.4053289 0.4363720 0.1637473 0.1559406 0.4363720 0.4363720 0.7269921 0.2143438 0.2139599 1.8635945 0.5864215 0.4053289 
353379_Skagit_River            0.4096868 0.4096868 0.4800032 1.4080802 0.4053289 0.0000000 0.1002117 0.5106749 0.3214931 0.1002117 0.1002117 0.4472596 0.3836297 0.3829004 1.9057415 0.3678722 0.0000010 
353401_Peace_River             0.4429733 0.4429733 0.5227323 0.4779265 0.4363720 0.1002117 0.0000000 0.5607525 0.3423480 0.0000010 0.0000010 0.4914736 0.4107656 0.4099001 1.5732625 0.3980198 0.0648911 
353407_Noatok                  0.1551983 0.1551983 0.2135768 0.8905674 0.1637473 0.5106749 0.5607525 0.0000000 0.2268196 0.5607525 0.5607525 0.9108401 0.2935799 0.2929746 2.0232625 0.7284456 0.5106749 
353410_Horizon_Lake            0.1546780 0.1546780 0.0996408 1.2105371 0.1559406 0.3214931 0.3423480 0.2268196 0.0000000 0.3423480 0.3423480 0.6054836 0.0463696 0.0463039 1.8223986 0.5148507 0.3214931 
92319_Little_Lost              0.4429733 0.4429733 0.5227323 2.2657014 0.4363720 0.1002117 0.0000010 0.5607525 0.3423480 0.0000000 0.0000010 0.4914736 0.4107656 0.4099001 2.1782108 0.3980198 0.1002117 
94280_St_Joe                   0.4429733 0.4429733 0.5227323 0.4779265 0.4363720 0.1002117 0.0000010 0.5607525 0.3423480 0.0000010 0.0000000 0.4914736 0.4107656 0.4099001 1.5732625 0.3980198 0.0648911 
GCA016432855_Lake_Trout        0.7661336 0.7661336 0.8499088 2.5836735 0.7269921 0.4472596 0.4914736 0.9108401 0.6054836 0.4914736 0.4914736 0.0000000 0.6829555 0.6813231 1.8797059 0.1654034 0.4472596 
GCA036784925_Maine_S_alpinus   0.2133946 0.2133946 0.1546780 1.3497074 0.2143438 0.3836297 0.4107656 0.2935799 0.0463696 0.4107656 0.4107656 0.6829555 0.0000000 0.0954320 1.8080810 0.5884345 0.3836297 
GCA045679555_Iceland_A_alpinus 0.2130086 0.2130086 0.1544162 1.3436440 0.2139599 0.3829004 0.4099001 0.2929746 0.0463039 0.4099001 0.4099001 0.6813231 0.0954320 0.0000000 1.8079231 0.5871071 0.3829004 
GCF013265735_Rainbow_Trout     1.9802000 1.9802000 1.9548980 1.6346008 1.8635945 1.9057415 1.5732625 2.0232625 1.8223986 2.1782108 1.5732625 1.8797059 1.8080810 1.8079231 0.0000000 1.7573857 1.4137300 
GCF029448725_Brook_Trout       0.6482067 0.6482067 0.7292587 2.2445503 0.5864215 0.3678722 0.3980198 0.7284456 0.5148507 0.3980198 0.3980198 0.1654034 0.5884345 0.5871071 1.7573857 0.0000000 0.3678722 
Methow_River_99895             0.4096868 0.4096868 0.4800032 0.4231038 0.4053289 0.0000010 0.0648911 0.5106749 0.3214931 0.1002117 0.0648911 0.4472596 0.3836297 0.3829004 1.4137300 0.3678722 0.0000000 
