17
251140_Ward_Creek              0.0000000 0.0015599 0.0015659 0.0000010 0.0301609 0.0718322 0.0243879 0.0015659 0.0043779 0.0363694 0.0271023 0.0154870 0.0087976 0.0087976 0.0910397 0.0220034 0.0271023 
260512_Pybus_Point             0.0015599 0.0000000 0.0031369 0.0015599 0.0332862 0.0783331 0.0266692 0.0031369 0.0065825 0.0395307 0.0302127 0.0177416 0.0110232 0.0110232 0.0936153 0.0240566 0.0302127 
261935_Kenai_River             0.0015659 0.0031369 0.0000000 0.0015659 0.0332290 0.0780629 0.0266356 0.0031341 0.0065743 0.0394623 0.0301609 0.0177193 0.0110094 0.0110094 0.0934892 0.0240293 0.0301609 
353213_Cropley_Lake            0.0000010 0.0015599 0.0015659 0.0000000 0.0301609 0.0718322 0.0243879 0.0015659 0.0043779 0.0363694 0.0271023 0.0154870 0.0087976 0.0087976 0.0910397 0.0220034 0.0271023 
353379_Skagit_River            0.0301609 0.0332862 0.0332290 0.0301609 0.0000000 0.4913423 0.0022097 0.0332290 0.0239715 0.0088816 0.0022097 0.0270099 0.0239715 0.0239715 0.1146816 0.0300578 0.0022097 
353381_Dungeness_River         0.0718322 0.0783331 0.0780629 0.0718322 0.4913423 0.0000000 0.1307723 0.0718322 0.0783331 0.5648061 0.4605451 0.1117912 0.0915997 0.0915997 0.2980601 0.4677968 0.4605451 
353401_Peace_River             0.0243879 0.0266692 0.0266356 0.0243879 0.0022097 0.1307723 0.0000000 0.0266356 0.0198581 0.0066536 0.0000010 0.0220898 0.0198581 0.0198581 0.0954292 0.0270099 0.0000010 
353407_Noatok                  0.0015659 0.0031369 0.0031341 0.0015659 0.0332290 0.0718322 0.0266356 0.0000000 0.0065743 0.0394623 0.0301609 0.0177193 0.0110094 0.0110094 0.0934892 0.0240293 0.0301609 
353410_Horizon_Lake            0.0043779 0.0065825 0.0065743 0.0043779 0.0239715 0.0783331 0.0198581 0.0065743 0.0000000 0.0301092 0.0209425 0.0110094 0.0086267 0.0086267 0.0883590 0.0240534 0.0209425 
92319_Little_Lost              0.0363694 0.0395307 0.0394623 0.0363694 0.0088816 0.5648061 0.0066536 0.0394623 0.0301092 0.0000000 0.0066536 0.0331720 0.0301092 0.0301092 0.1216874 0.0362443 0.0066536 
94280_St_Joe                   0.0271023 0.0302127 0.0301609 0.0271023 0.0022097 0.4605451 0.0000010 0.0301609 0.0209425 0.0066536 0.0000000 0.0239715 0.0209425 0.0209425 0.1113086 0.0270099 0.0000010 
GCA016432855_Lake_Trout        0.0154870 0.0177416 0.0177193 0.0154870 0.0270099 0.1117912 0.0220898 0.0177193 0.0110094 0.0331720 0.0239715 0.0000000 0.0110094 0.0110094 0.0883590 0.0271023 0.0239715 
GCA036784925_Maine_S_alpinus   0.0087976 0.0110232 0.0110094 0.0087976 0.0239715 0.0915997 0.0198581 0.0110094 0.0086267 0.0301092 0.0209425 0.0110094 0.0000000 0.0000010 0.0859284 0.0240534 0.0209425 
GCA045679555_Iceland_A_alpinus 0.0087976 0.0110232 0.0110094 0.0087976 0.0239715 0.0915997 0.0198581 0.0110094 0.0086267 0.0301092 0.0209425 0.0110094 0.0000010 0.0000000 0.0859284 0.0240534 0.0209425 
GCF013265735_Rainbow_Trout     0.0910397 0.0936153 0.0934892 0.0910397 0.1146816 0.2980601 0.0954292 0.0934892 0.0883590 0.1216874 0.1113086 0.0883590 0.0859284 0.0859284 0.0000000 0.1151063 0.1113086 
GCF029448725_Brook_Trout       0.0220034 0.0240566 0.0240293 0.0220034 0.0300578 0.4677968 0.0270099 0.0240293 0.0240534 0.0362443 0.0270099 0.0271023 0.0240534 0.0240534 0.1151063 0.0000000 0.0270099 
Methow_River_99895             0.0271023 0.0302127 0.0301609 0.0271023 0.0022097 0.4605451 0.0000010 0.0301609 0.0209425 0.0066536 0.0000010 0.0239715 0.0209425 0.0209425 0.1113086 0.0270099 0.0000000 
