20
251140_Ward_Creek              0.0000000 0.2298117 0.2309977 0.2298117 0.2222022 0.2399652 0.2578574 0.7368186 0.2194387 0.3972964 0.3060322 0.3725996 0.3348416 0.1613783 0.3691270 0.2386145 0.2285384 1.0703290 0.3897188 0.1613783 
260512_Pybus_Point             0.2298117 0.0000000 0.0756510 0.0556035 0.0635186 0.0815341 0.0828765 0.1700039 0.1152815 0.1080093 0.0229901 0.1036493 0.2573077 0.1573093 0.1450542 0.0699849 0.0782236 0.8596647 0.1588967 0.1164097 
261935_Kenai_River             0.2309977 0.0756510 0.0000000 0.0292076 0.0225657 0.0438707 0.0266403 0.2512848 0.1076689 0.1417680 0.0230451 0.0726169 0.1069893 0.0886833 0.0841731 0.0165343 0.0232633 0.6251099 0.0878444 0.1544439 
353213_Cropley_Lake            0.2298117 0.0556035 0.0292076 0.0000000 0.0192718 0.0251957 0.0199110 0.2646369 0.1317926 0.1742275 0.0324970 0.0545180 0.1293962 0.0969938 0.0840099 0.0232680 0.0232233 0.6861993 0.0876731 0.1913948 
353219_Peterson_Creek          0.2222022 0.0635186 0.0225657 0.0192718 0.0000000 0.0215183 0.0336584 0.2461872 0.1234937 0.1710391 0.0231071 0.0483507 0.0870063 0.1028951 0.0743917 0.0359749 0.0421621 0.5749454 0.0776195 0.1855608 
353220_Fish_Creek              0.2399652 0.0815341 0.0438707 0.0251957 0.0215183 0.0000000 0.0417332 0.3398013 0.1843498 0.2115756 0.0497770 0.0574442 0.1630463 0.1156636 0.1040540 0.0300532 0.0455115 0.7860988 0.1125185 0.2374565 
353246_Cottonwood_Creek        0.2578574 0.0828765 0.0266403 0.0199110 0.0336584 0.0417332 0.0000000 0.2793526 0.1481909 0.1677153 0.0326655 0.0568905 0.1356133 0.1013003 0.0917103 0.0233533 0.0300690 0.6744187 0.0954167 0.1789885 
353379_Skagit_River            0.7368186 0.1700039 0.2512848 0.2646369 0.2461872 0.3398013 0.2793526 0.0000000 0.6533645 0.0569242 0.1981142 0.2921501 0.1635924 0.1349630 0.2316042 0.2122335 0.2228670 0.6737183 0.2861643 0.0641785 
353381_Dungeness_River         0.2194387 0.1152815 0.1076689 0.1317926 0.1234937 0.1843498 0.1481909 0.6533645 0.0000000 0.2634816 0.1712255 0.1960876 1.1368442 0.2634816 0.2868485 0.1306204 0.1468320 1.3098715 0.2852489 0.2634816 
353401_Peace_River             0.3972964 0.1080093 0.1417680 0.1742275 0.1710391 0.2115756 0.1677153 0.0569242 0.2634816 0.0000000 0.0973378 0.2021055 0.1633879 0.0520520 0.1411487 0.1318817 0.1397808 0.7240233 0.1858885 0.0000010 
353407_Noatok                  0.3060322 0.0229901 0.0230451 0.0324970 0.0231071 0.0497770 0.0326655 0.1981142 0.1712255 0.0973378 0.0000000 0.0495945 0.1692667 0.1007450 0.0880919 0.0183490 0.0277136 0.8856625 0.1199111 0.1066296 
353410_Horizon_Lake            0.3725996 0.1036493 0.0726169 0.0545180 0.0483507 0.0574442 0.0568905 0.2921501 0.1960876 0.2021055 0.0495945 0.0000000 0.1273403 0.1253966 0.1006640 0.0566527 0.0697991 0.6354038 0.1040883 0.2209685 
92319_Little_Lost              0.3348416 0.2573077 0.1069893 0.1293962 0.0870063 0.1630463 0.1356133 0.1635924 1.1368442 0.1633879 0.1692667 0.1273403 0.0000000 0.0655480 0.0986367 0.1442589 0.1562623 0.5033192 0.1383370 0.1633879 
94280_St_Joe                   0.1613783 0.1573093 0.0886833 0.0969938 0.1028951 0.1156636 0.1013003 0.1349630 0.2634816 0.0520520 0.1007450 0.1253966 0.0655480 0.0000000 0.0884832 0.0806842 0.0878601 0.6501539 0.1254293 0.0520520 
GCA016432855_Lake_Trout        0.3691270 0.1450542 0.0841731 0.0840099 0.0743917 0.1040540 0.0917103 0.2316042 0.2868485 0.1411487 0.0880919 0.1006640 0.0986367 0.0884832 0.0000000 0.1011752 0.1009763 0.5468498 0.0644331 0.1526144 
GCA036784925_Maine_S_alpinus   0.2386145 0.0699849 0.0165343 0.0232680 0.0359749 0.0300532 0.0233533 0.2122335 0.1306204 0.1318817 0.0183490 0.0566527 0.1442589 0.0806842 0.1011752 0.0000000 0.0117317 0.6094239 0.1045125 0.1421481 
GCA045679555_Iceland_A_alpinus 0.2285384 0.0782236 0.0232633 0.0232233 0.0421621 0.0455115 0.0300690 0.2228670 0.1468320 0.1397808 0.0277136 0.0697991 0.1562623 0.0878601 0.1009763 0.0117317 0.0000000 0.6220330 0.1043070 0.1509699 
GCF013265735_Rainbow_Trout     1.0703290 0.8596647 0.6251099 0.6861993 0.5749454 0.7860988 0.6744187 0.6737183 1.3098715 0.7240233 0.8856625 0.6354038 0.5033192 0.6501539 0.5468498 0.6094239 0.6220330 0.0000000 0.5914907 0.8018812 
GCF029448725_Brook_Trout       0.3897188 0.1588967 0.0878444 0.0876731 0.0776195 0.1125185 0.0954167 0.2861643 0.2852489 0.1858885 0.1199111 0.1040883 0.1383370 0.1254293 0.0644331 0.1045125 0.1043070 0.5914907 0.0000000 0.1977084 
Methow_River_99895             0.1613783 0.1164097 0.1544439 0.1913948 0.1855608 0.2374565 0.1789885 0.0641785 0.2634816 0.0000010 0.1066296 0.2209685 0.1633879 0.0520520 0.1526144 0.1421481 0.1509699 0.8018812 0.1977084 0.0000000 
