11
251140_Ward_Creek          0.0000000 0.0618325 0.0301976 0.0301976 0.0512342 0.1097216 0.0512342 0.0618325 0.0404885 0.2223434 0.0828319 
260512_Pybus_Point         0.0618325 0.0000000 0.0303953 0.0303953 0.0305950 0.0734162 0.0305950 0.0000010 0.0201504 0.1965251 0.0618325 
261935_Kenai_River         0.0301976 0.0303953 0.0000000 0.0000010 0.0201504 0.0000010 0.0201504 0.0303953 0.0099553 0.1814620 0.0508953 
353213_Cropley_Lake        0.0301976 0.0303953 0.0000010 0.0000000 0.0201504 0.0000010 0.0201504 0.0303953 0.0099553 0.1814620 0.0508953 
353379_Skagit_River        0.0512342 0.0305950 0.0201504 0.0201504 0.0000000 0.0734162 0.0000010 0.0305950 0.0100194 0.1829577 0.0512342 
353381_Dungeness_River     0.1097216 0.0734162 0.0000010 0.0000010 0.0734162 0.0000000 0.0734162 0.0734162 0.0351512 1.3158241 0.1905868 
353401_Peace_River         0.0512342 0.0305950 0.0201504 0.0201504 0.0000010 0.0734162 0.0000000 0.0305950 0.0100194 0.1829577 0.0512342 
353410_Horizon_Lake        0.0618325 0.0000010 0.0303953 0.0303953 0.0305950 0.0734162 0.0305950 0.0000000 0.0201504 0.1965251 0.0618325 
GCA016432855_Lake_Trout    0.0404885 0.0201504 0.0099553 0.0099553 0.0100194 0.0351512 0.0100194 0.0201504 0.0000000 0.1682071 0.0404885 
GCF013265735_Rainbow_Trout 0.2223434 0.1965251 0.1814620 0.1814620 0.1829577 1.3158241 0.1829577 0.1965251 0.1682071 0.0000000 0.2223434 
GCF029448725_Brook_Trout   0.0828319 0.0618325 0.0508953 0.0508953 0.0512342 0.1905868 0.0512342 0.0618325 0.0404885 0.2223434 0.0000000 
