20
251140_Ward_Creek              0.0000000 0.2129288 0.0063108 0.0191499 0.0063362 0.0095504 0.0032870 2.6720794 8.9999990 0.0120199 0.0052493 0.0074845 0.0265341 0.0133575 0.0344246 0.0073859 0.0084564 0.1141562 0.0398284 0.0335885 
260512_Pybus_Point             0.2129288 0.0000000 0.1634025 0.1633786 0.1538223 0.2230394 0.1386077 0.0792076 0.0902261 0.3119827 0.1614600 0.1610359 0.1464431 0.1442582 0.1429702 0.1572002 0.1591082 0.2513162 0.1346466 0.1761148 
261935_Kenai_River             0.0063108 0.1634025 0.0000000 0.0103712 0.0054207 0.0011040 0.0065712 0.4589002 2.9307346 0.0106197 0.0008916 0.0009024 0.0218408 0.0113203 0.0278275 0.0044922 0.0053990 0.0975272 0.0322465 0.0269290 
353213_Cropley_Lake            0.0191499 0.1633786 0.0103712 0.0000000 0.0142954 0.0116156 0.0156808 0.4588175 2.9266382 0.0260511 0.0113355 0.0094054 0.0138937 0.0206836 0.0384870 0.0132635 0.0142340 0.1112684 0.0421386 0.0179240 
353219_Peterson_Creek          0.0063362 0.1538223 0.0054207 0.0142954 0.0000000 0.0055899 0.0046635 0.4790044 2.9552381 0.0075059 0.0045101 0.0045589 0.0219329 0.0113612 0.0279348 0.0045075 0.0054175 0.0980031 0.0323729 0.0270568 
353220_Fish_Creek              0.0095504 0.2230394 0.0011040 0.0116156 0.0055899 0.0000000 0.0069322 3.1529775 2.8869202 0.0102720 0.0022129 0.0000010 0.0236195 0.0115963 0.0334769 0.0044412 0.0055621 0.1072412 0.0377637 0.0303828 
353246_Cottonwood_Creek        0.0032870 0.1386077 0.0065712 0.0156808 0.0046635 0.0069322 0.0000000 0.4054465 2.4404984 0.0045187 0.0056232 0.0056189 0.0207926 0.0103933 0.0178966 0.0056199 0.0065671 0.0837309 0.0221782 0.0257669 
353379_Skagit_River            2.6720794 0.0792076 0.4589002 0.4588175 0.4790044 3.1529775 0.4054465 0.0000000 0.0083925 0.7597159 0.4639188 0.4483531 0.3770308 0.3689284 0.3266585 0.4484773 0.4484773 0.6617806 0.3059735 0.4484697 
353381_Dungeness_River         8.9999990 0.0902261 2.9307346 2.9266382 2.9552381 2.8869202 2.4404984 0.0083925 0.0000000 2.3613328 3.0291415 2.8517464 2.6847799 2.7027597 0.6419097 2.8584596 2.8584596 3.7973992 0.5577187 3.9654125 
353401_Peace_River             0.0120199 0.3119827 0.0106197 0.0260511 0.0075059 0.0102720 0.0045187 0.7597159 2.3613328 0.0000000 0.0090774 0.0090669 0.0322512 0.0154257 0.0265881 0.0090685 0.0090685 0.1270935 0.0285348 0.0332179 
353407_Noatok                  0.0052493 0.1614600 0.0008916 0.0113355 0.0045101 0.0022129 0.0056232 0.4639188 3.0291415 0.0090774 0.0000000 0.0018082 0.0207098 0.0103600 0.0267877 0.0035881 0.0044920 0.0961745 0.0311848 0.0256514 
353410_Horizon_Lake            0.0074845 0.1610359 0.0009024 0.0094054 0.0045589 0.0000010 0.0056189 0.4483531 2.8517464 0.0090669 0.0018082 0.0000000 0.0206898 0.0103518 0.0267635 0.0036267 0.0045404 0.0960315 0.0311555 0.0256230 
92319_Little_Lost              0.0265341 0.1464431 0.0218408 0.0138937 0.0219329 0.0236195 0.0207926 0.3770308 2.6847799 0.0322512 0.0207098 0.0206898 0.0000000 0.0107006 0.0293023 0.0184434 0.0195642 0.0966035 0.0343430 0.0070327 
94280_St_Joe                   0.0133575 0.1442582 0.0113203 0.0206836 0.0113612 0.0115963 0.0103933 0.3689284 2.7027597 0.0154257 0.0103600 0.0103518 0.0107006 0.0000000 0.0168042 0.0084423 0.0093954 0.0781348 0.0210449 0.0143602 
GCA016432855_Lake_Trout        0.0344246 0.1429702 0.0278275 0.0384870 0.0279348 0.0334769 0.0178966 0.3266585 0.6419097 0.0265881 0.0267877 0.0267635 0.0293023 0.0168042 0.0000000 0.0246974 0.0257283 0.0768963 0.0136208 0.0353612 
GCA036784925_Maine_S_alpinus   0.0073859 0.1572002 0.0044922 0.0132635 0.0045075 0.0044412 0.0056199 0.4484773 2.8584596 0.0090685 0.0035881 0.0036267 0.0184434 0.0084423 0.0246974 0.0000000 0.0008919 0.0933503 0.0290462 0.0230875 
GCA045679555_Iceland_A_alpinus 0.0084564 0.1591082 0.0053990 0.0142340 0.0054175 0.0055621 0.0065671 0.4484773 2.8584596 0.0090685 0.0044920 0.0045404 0.0195642 0.0093954 0.0257283 0.0008919 0.0000000 0.0946862 0.0300986 0.0243522 
GCF013265735_Rainbow_Trout     0.1141562 0.2513162 0.0975272 0.1112684 0.0980031 0.1072412 0.0837309 0.6617806 3.7973992 0.1270935 0.0961745 0.0960315 0.0966035 0.0781348 0.0768963 0.0933503 0.0946862 0.0000000 0.0795884 0.1114255 
GCF029448725_Brook_Trout       0.0398284 0.1346466 0.0322465 0.0421386 0.0323729 0.0377637 0.0221782 0.3059735 0.5577187 0.0285348 0.0311848 0.0311555 0.0343430 0.0210449 0.0136208 0.0290462 0.0300986 0.0795884 0.0000000 0.0411246 
Methow_River_99895             0.0335885 0.1761148 0.0269290 0.0179240 0.0270568 0.0303828 0.0257669 0.4484697 3.9654125 0.0332179 0.0256514 0.0256230 0.0070327 0.0143602 0.0353612 0.0230875 0.0243522 0.1114255 0.0411246 0.0000000 
