18
251140_Ward_Creek              0.0000000 0.1581033 0.0541300 0.0000010 0.0000010 0.0000010 0.0208478 0.3466347 0.1951131 0.2682663 0.0000010 0.3338975 0.2682663 0.3016462 0.2705511 0.2588516 0.3288021 0.4429104 
260512_Pybus_Point             0.1581033 0.0000000 0.0548736 0.1655619 0.1655619 0.1655619 0.0210677 0.9078930 0.5523734 0.5835507 0.1655619 0.8174940 0.5835507 0.6401762 0.5930577 0.5713393 0.6608976 0.9665055 
261935_Kenai_River             0.0541300 0.0548736 0.0000000 0.0663149 0.0663149 0.0663149 0.0258834 1.3123438 0.6119727 0.6398595 0.0663149 0.5440445 0.6398595 0.7245795 0.6227547 0.5912725 0.7307102 1.2820935 
353213_Cropley_Lake            0.0000010 0.1655619 0.0663149 0.0000000 0.0000010 0.0000010 0.0307907 0.3381299 0.1909487 0.2633466 0.0000010 0.3262787 0.2633466 0.2960040 0.2655374 0.2541032 0.3223545 0.4331282 
353219_Peterson_Creek          0.0000010 0.1655619 0.0663149 0.0000010 0.0000000 0.0000010 0.0284511 0.3079539 0.1759350 0.2453600 0.0000010 0.2990227 0.2453600 0.2754139 0.2472278 0.2367449 0.3223545 0.3980203 
353220_Fish_Creek              0.0000010 0.1655619 0.0663149 0.0000010 0.0000010 0.0000000 0.0307907 0.3381299 0.1909487 0.2633466 0.0000010 0.3262787 0.2633466 0.2960040 0.2655374 0.2541032 0.3223545 0.4331282 
353246_Cottonwood_Creek        0.0208478 0.0210677 0.0258834 0.0307907 0.0284511 0.0307907 0.0000000 0.5518372 0.3084851 0.3819227 0.0284511 0.5132134 0.3819227 0.4282495 0.3866207 0.3699149 0.4732807 0.6549692 
353379_Skagit_River            0.3466347 0.9078930 1.3123438 0.3381299 0.3079539 0.3381299 0.5518372 0.0000000 0.8772648 0.0000010 0.3079539 0.0523257 0.0000010 0.0168826 0.0431596 0.0342683 1.0005407 0.1385116 
353381_Dungeness_River         0.1951131 0.5523734 0.6119727 0.1909487 0.1759350 0.1909487 0.3084851 0.8772648 0.0000000 0.5768984 0.1759350 0.8208058 0.5768984 0.6316518 0.6027910 0.5813831 0.7723291 0.9138014 
353401_Peace_River             0.2682663 0.5835507 0.6398595 0.2633466 0.2453600 0.2633466 0.3819227 0.0000010 0.5768984 0.0000000 0.2453600 0.0489424 0.0000010 0.0206186 0.0419913 0.0347798 0.6842491 0.1178766 
353407_Noatok                  0.0000010 0.1655619 0.0663149 0.0000010 0.0000010 0.0000010 0.0284511 0.3079539 0.1759350 0.2453600 0.0000000 0.2990227 0.2453600 0.2754139 0.2472278 0.2367449 0.3223545 0.3980203 
353410_Horizon_Lake            0.3338975 0.8174940 0.5440445 0.3262787 0.2990227 0.3262787 0.5132134 0.0523257 0.8208058 0.0489424 0.2990227 0.0000000 0.0489424 0.0745604 0.0241021 0.0159573 1.0314571 0.2053205 
92319_Little_Lost              0.2682663 0.5835507 0.6398595 0.2633466 0.2453600 0.2633466 0.3819227 0.0000010 0.5768984 0.0000010 0.2453600 0.0489424 0.0000000 0.0206186 0.0419913 0.0347798 0.6842491 0.1178766 
GCA016432855_Lake_Trout        0.3016462 0.6401762 0.7245795 0.2960040 0.2754139 0.2960040 0.4282495 0.0168826 0.6316518 0.0206186 0.2754139 0.0745604 0.0206186 0.0000000 0.0638347 0.0563890 0.7216082 0.1351037 
GCA036784925_Maine_S_alpinus   0.2705511 0.5930577 0.6227547 0.2655374 0.2472278 0.2655374 0.3866207 0.0431596 0.6027910 0.0419913 0.2472278 0.0241021 0.0419913 0.0638347 0.0000000 0.0068256 0.7740275 0.1713639 
GCA045679555_Iceland_A_alpinus 0.2588516 0.5713393 0.5912725 0.2541032 0.2367449 0.2541032 0.3699149 0.0342683 0.5813831 0.0347798 0.2367449 0.0159573 0.0347798 0.0563890 0.0068256 0.0000000 0.7504499 0.1619752 
GCF013265735_Rainbow_Trout     0.3288021 0.6608976 0.7307102 0.3223545 0.3223545 0.3223545 0.4732807 1.0005407 0.7723291 0.6842491 0.3223545 1.0314571 0.6842491 0.7216082 0.7740275 0.7504499 0.0000000 0.4947283 
GCF029448725_Brook_Trout       0.4429104 0.9665055 1.2820935 0.4331282 0.3980203 0.4331282 0.6549692 0.1385116 0.9138014 0.1178766 0.3980203 0.2053205 0.1178766 0.1351037 0.1713639 0.1619752 0.4947283 0.0000000 
