19
251140_Ward_Creek              0.0000000 0.0017779 0.0143757 0.0000010 0.0022320 0.0180019 0.0925622 0.3273778 0.0677371 0.0071356 0.2513034 0.0735875 0.0708897 0.4738544 0.0641819 0.0662453 0.8477738 0.5062768 0.0951742 
260512_Pybus_Point             0.0017779 0.0000000 0.0125677 0.0017779 0.0000010 0.0161875 0.0905899 0.3306685 0.0657400 0.0053471 0.2488923 0.0714724 0.0689097 0.4699701 0.0621776 0.0642354 0.8429781 0.5022980 0.0931439 
261935_Kenai_River             0.0143757 0.0125677 0.0000000 0.0143757 0.0158176 0.0035587 0.0764865 0.3573476 0.0515955 0.0143651 0.2305912 0.0564713 0.0548677 0.4378119 0.0480029 0.0500105 0.7945847 0.4688471 0.0786157 
353213_Cropley_Lake            0.0000010 0.0017779 0.0143757 0.0000000 0.0022320 0.0180019 0.0925622 0.3273778 0.0677371 0.0071356 0.2513034 0.0735875 0.0708897 0.4738544 0.0641819 0.0662453 0.8477738 0.5062768 0.0951742 
353220_Fish_Creek              0.0022320 0.0000010 0.0158176 0.0022320 0.0000000 0.0203829 0.1130186 0.4916413 0.0818379 0.0067170 0.3302410 0.0904881 0.0856861 0.7336413 0.0798484 0.0825348 1.3176027 0.7758520 0.1171122 
353246_Cottonwood_Creek        0.0180019 0.0161875 0.0035587 0.0180019 0.0203829 0.0000000 0.0764865 0.3641460 0.0515955 0.0107546 0.2305912 0.0564713 0.0548677 0.4415579 0.0480029 0.0500105 0.7899533 0.4726862 0.0786157 
353379_Skagit_River            0.0925622 0.0905899 0.0764865 0.0925622 0.1130186 0.0764865 0.0000000 0.3648296 0.0235773 0.0885440 0.3193684 0.0267217 0.0251290 0.3758383 0.0659939 0.0679965 0.7205647 0.4037028 0.0000010 
353381_Dungeness_River         0.3273778 0.3306685 0.3573476 0.3273778 0.4916413 0.3641460 0.3648296 0.0000000 0.4603055 0.3410915 0.3529942 0.5095374 0.4590806 1.5846856 0.3586052 0.3586052 2.3386302 1.5926802 0.3803442 
353401_Peace_River             0.0677371 0.0657400 0.0515955 0.0677371 0.0818379 0.0515955 0.0235773 0.4603055 0.0000000 0.0636910 0.2987188 0.0019586 0.0018390 0.4303348 0.0947400 0.0968910 0.8767739 0.5080561 0.0242154 
353407_Noatok                  0.0071356 0.0053471 0.0143651 0.0071356 0.0067170 0.0107546 0.0885440 0.3410915 0.0636910 0.0000000 0.2462056 0.0692973 0.0668753 0.4690065 0.0601244 0.0621746 0.8307382 0.5012239 0.0910355 
353410_Horizon_Lake            0.2513034 0.2488923 0.2305912 0.2513034 0.3302410 0.2305912 0.3193684 0.3529942 0.2987188 0.2462056 0.0000000 0.3187025 0.2971331 0.8817828 0.2464388 0.2492393 1.4029575 0.9072873 0.3301664 
92319_Little_Lost              0.0735875 0.0714724 0.0564713 0.0735875 0.0904881 0.0564713 0.0267217 0.5095374 0.0019586 0.0692973 0.3187025 0.0000000 0.0000010 0.5151761 0.1052899 0.1077035 0.9898321 0.5753265 0.0266906 
94280_St_Joe                   0.0708897 0.0689097 0.0548677 0.0708897 0.0856861 0.0548677 0.0251290 0.4590806 0.0018390 0.0668753 0.2971331 0.0000010 0.0000000 0.4540959 0.1002817 0.1025233 0.8793814 0.4957138 0.0251015 
GCA016432855_Lake_Trout        0.4738544 0.4699701 0.4378119 0.4738544 0.7336413 0.4415579 0.3758383 1.5846856 0.4303348 0.4690065 0.8817828 0.5151761 0.4540959 0.0000000 0.3325467 0.3595981 0.5782202 0.0995955 0.3923895 
GCA036784925_Maine_S_alpinus   0.0641819 0.0621776 0.0480029 0.0641819 0.0798484 0.0480029 0.0659939 0.3586052 0.0947400 0.0601244 0.2464388 0.1052899 0.1002817 0.3325467 0.0000000 0.0018108 0.7400770 0.4004319 0.0678509 
GCA045679555_Iceland_A_alpinus 0.0662453 0.0642354 0.0500105 0.0662453 0.0825348 0.0500105 0.0679965 0.3586052 0.0968910 0.0621746 0.2492393 0.1077035 0.1025233 0.3595981 0.0018108 0.0000000 0.7467113 0.4287765 0.0699134 
GCF013265735_Rainbow_Trout     0.8477738 0.8429781 0.7945847 0.8477738 1.3176027 0.7899533 0.7205647 2.3386302 0.8767739 0.8307382 1.4029575 0.9898321 0.8793814 0.5782202 0.7400770 0.7467113 0.0000000 0.6526769 0.7534408 
GCF029448725_Brook_Trout       0.5062768 0.5022980 0.4688471 0.5062768 0.7758520 0.4726862 0.4037028 1.5926802 0.5080561 0.5012239 0.9072873 0.5753265 0.4957138 0.0995955 0.4004319 0.4287765 0.6526769 0.0000000 0.4181161 
Methow_River_99895             0.0951742 0.0931439 0.0786157 0.0951742 0.1171122 0.0786157 0.0000010 0.3803442 0.0242154 0.0910355 0.3301664 0.0266906 0.0251015 0.3923895 0.0678509 0.0699134 0.7534408 0.4181161 0.0000000 
