11
251140_Ward_Creek              0.0000000 0.0000010 0.0028721 0.0309080 0.0309080 0.0028721 0.0057683 0.0339977 9.0000000 0.0057683 0.0926217 
260512_Pybus_Point             0.0000010 0.0000000 0.0028721 0.0309080 0.0309080 0.0028721 0.0057683 0.0339977 9.0000000 0.0057683 0.0926217 
353213_Cropley_Lake            0.0028721 0.0028721 0.0000000 0.0343087 0.0343087 0.0057917 0.0087241 0.0374258 9.0000000 0.0087241 0.0970558 
353379_Skagit_River            0.0309080 0.0309080 0.0343087 0.0000000 0.0000010 0.0343087 0.0310481 0.0135295 9.0000000 0.0310481 0.0657143 
353401_Peace_River             0.0309080 0.0309080 0.0343087 0.0000010 0.0000000 0.0343087 0.0310481 0.0135295 9.0000000 0.0310481 0.0657143 
353407_Noatok                  0.0028721 0.0028721 0.0057917 0.0343087 0.0343087 0.0000000 0.0087241 0.0374258 9.0000000 0.0087241 0.0970558 
353410_Horizon_Lake            0.0057683 0.0057683 0.0087241 0.0310481 0.0310481 0.0087241 0.0000000 0.0274472 9.0000000 0.0000010 0.0844830 
GCA016432855_Lake_Trout        0.0339977 0.0339977 0.0374258 0.0135295 0.0135295 0.0374258 0.0274472 0.0000000 9.0000000 0.0274472 0.0616194 
GCA036784925_Maine_S_alpinus   9.0000000 9.0000000 9.0000000 9.0000000 9.0000000 9.0000000 9.0000000 9.0000000 0.0000000 9.0000000 9.0000000 
GCA045679555_Iceland_A_alpinus 0.0057683 0.0057683 0.0087241 0.0310481 0.0310481 0.0087241 0.0000010 0.0274472 9.0000000 0.0000000 0.0844830 
GCF013265735_Rainbow_Trout     0.0926217 0.0926217 0.0970558 0.0657143 0.0657143 0.0970558 0.0844830 0.0616194 9.0000000 0.0844830 0.0000000 
