12
251140_Ward_Creek            0.0000000 0.0000010 0.0238684 0.1260424 0.2133675 0.1504644 0.0157534 0.1504644 0.0317681 0.0157534 0.1963998 0.1256955 
260512_Pybus_Point           0.0000010 0.0000000 0.0238684 0.1260424 0.2133675 0.1504644 0.0157534 0.1504644 0.0317681 0.0157534 0.1963998 0.1256955 
353220_Fish_Creek            0.0238684 0.0238684 0.0000000 0.2029410 0.4112503 0.1866574 0.0483457 0.1866574 0.0734570 0.0483457 0.3424073 0.1552575 
353379_Skagit_River          0.1260424 0.1260424 0.2029410 0.0000000 0.3021483 0.0000010 0.1454547 0.0000010 0.1566104 0.1454547 0.3759531 0.3404768 
353381_Dungeness_River       0.2133675 0.2133675 0.4112503 0.3021483 0.0000000 0.4609348 0.2352774 0.4609348 0.2431364 0.2352774 0.5120780 0.5952989 
353401_Peace_River           0.1504644 0.1504644 0.1866574 0.0000010 0.4609348 0.0000000 0.1739777 0.0000010 0.1980539 0.1739777 0.5136730 0.3114127 
353410_Horizon_Lake          0.0157534 0.0157534 0.0483457 0.1454547 0.2352774 0.1739777 0.0000000 0.1739777 0.0480528 0.0317681 0.2183567 0.1528820 
92319_Little_Lost            0.1504644 0.1504644 0.1866574 0.0000010 0.4609348 0.0000010 0.1739777 0.0000000 0.1980539 0.1739777 0.5136730 0.3114127 
GCA016432855_Lake_Trout      0.0317681 0.0317681 0.0734570 0.1566104 0.2431364 0.1980539 0.0480528 0.1980539 0.0000000 0.0480528 0.2148551 0.1808214 
GCA036784925_Maine_S_alpinus 0.0157534 0.0157534 0.0483457 0.1454547 0.2352774 0.1739777 0.0317681 0.1739777 0.0480528 0.0000000 0.2183567 0.1528820 
GCF013265735_Rainbow_Trout   0.1963998 0.1963998 0.3424073 0.3759531 0.5120780 0.5136730 0.2183567 0.5136730 0.2148551 0.2183567 0.0000000 0.5186535 
GCF029448725_Brook_Trout     0.1256955 0.1256955 0.1552575 0.3404768 0.5952989 0.3114127 0.1528820 0.3114127 0.1808214 0.1528820 0.5186535 0.0000000 
