20
251140_Ward_Creek              0.0000000 0.0895933 0.1147689 0.0000010 0.0933941 0.0983700 0.1439822 0.1481236 0.0187632 0.0795272 0.0972447 0.0905483 0.1825156 0.0751447 0.0246823 0.0927909 0.0927662 0.0821825 0.0279146 0.0956783 
260512_Pybus_Point             0.0895933 0.0000000 0.0328300 0.0895933 0.0307859 0.0207661 0.0525178 0.2380293 0.2131837 0.0062717 0.0206521 0.0207167 0.0550154 0.0030565 0.1199032 0.0168375 0.0187979 0.1839611 0.1274610 0.0228616 
261935_Kenai_River             0.1147689 0.0328300 0.0000000 0.1147689 0.0015121 0.0097195 0.0954368 0.2748870 0.1746377 0.0370206 0.0327891 0.0328300 0.0981534 0.0370499 0.1182476 0.0286131 0.0307397 0.2013567 0.1258235 0.0189734 
353213_Cropley_Lake            0.0000010 0.0895933 0.1147689 0.0000000 0.0933941 0.0983700 0.1439822 0.1481236 0.0187632 0.0795272 0.0972447 0.0905483 0.1825156 0.0751447 0.0246823 0.0927909 0.0927662 0.0821825 0.0279146 0.0956783 
353219_Peterson_Creek          0.0933941 0.0307859 0.0015121 0.0933941 0.0000000 0.0080247 0.0753333 0.2163512 0.1262354 0.0290804 0.0255961 0.0291232 0.0954368 0.0291232 0.0977488 0.0221717 0.0239278 0.1752121 0.1040266 0.0171063 
353220_Fish_Creek              0.0983700 0.0207661 0.0097195 0.0983700 0.0080247 0.0000000 0.0793942 0.2861405 0.2019133 0.0246907 0.0370499 0.0370791 0.0820628 0.0247506 0.1232871 0.0328300 0.0349688 0.1879007 0.1309127 0.0080634 
353246_Cottonwood_Creek        0.1439822 0.0525178 0.0954368 0.1439822 0.0753333 0.0793942 0.0000000 0.2948611 0.3123529 0.0427578 0.0551038 0.0592638 0.0053167 0.0427711 0.1593897 0.0509531 0.0530176 0.2325366 0.1668407 0.0772202 
353379_Skagit_River            0.1481236 0.2380293 0.2748870 0.1481236 0.2163512 0.2861405 0.2948611 0.0000000 0.1961837 0.1938723 0.1911378 0.1994463 0.3978468 0.1884776 0.1483607 0.1884130 0.1912052 0.2413237 0.1555195 0.2843403 
353381_Dungeness_River         0.0187632 0.2131837 0.1746377 0.0187632 0.1262354 0.2019133 0.3123529 0.1961837 0.0000000 0.1567219 0.1489806 0.1413431 0.5082421 0.1567693 0.0275724 0.1451401 0.1451695 0.1169865 0.0275724 0.2186876 
353401_Peace_River             0.0795272 0.0062717 0.0370206 0.0795272 0.0290804 0.0246907 0.0427578 0.1938723 0.1567219 0.0000000 0.0172468 0.0205582 0.0451227 0.0025782 0.1012985 0.0140731 0.0125751 0.1587201 0.1075693 0.0151362 
353407_Noatok                  0.0972447 0.0206521 0.0327891 0.0972447 0.0255961 0.0370499 0.0551038 0.1911378 0.1489806 0.0172468 0.0000000 0.0111482 0.0753769 0.0173033 0.0889213 0.0052735 0.0067179 0.1697897 0.0992296 0.0393780 
353410_Horizon_Lake            0.0905483 0.0207167 0.0328300 0.0905483 0.0291232 0.0370791 0.0592638 0.1994463 0.1413431 0.0205582 0.0111482 0.0000000 0.0753441 0.0206141 0.0929892 0.0081646 0.0096877 0.1698277 0.0992101 0.0394010 
92319_Little_Lost              0.1825156 0.0550154 0.0981534 0.1825156 0.0954368 0.0820628 0.0053167 0.3978468 0.5082421 0.0451227 0.0753769 0.0753441 0.0000000 0.0500455 0.2044339 0.0702448 0.0676632 0.2769318 0.2138286 0.0693201 
94280_St_Joe                   0.0751447 0.0030565 0.0370499 0.0751447 0.0291232 0.0247506 0.0427711 0.1884776 0.1567693 0.0025782 0.0173033 0.0206141 0.0500455 0.0000000 0.1012802 0.0141278 0.0126278 0.1587484 0.1075550 0.0189062 
GCA016432855_Lake_Trout        0.0246823 0.1199032 0.1182476 0.0246823 0.0977488 0.1232871 0.1593897 0.1483607 0.0275724 0.1012985 0.0889213 0.0929892 0.2044339 0.1012802 0.0000000 0.0889213 0.0909399 0.0778816 0.0192148 0.1207596 
GCA036784925_Maine_S_alpinus   0.0927909 0.0168375 0.0286131 0.0927909 0.0221717 0.0328300 0.0509531 0.1884130 0.1451401 0.0140731 0.0052735 0.0081646 0.0702448 0.0141278 0.0889213 0.0000000 0.0039230 0.1653534 0.0951091 0.0351134 
GCA045679555_Iceland_A_alpinus 0.0927662 0.0187979 0.0307397 0.0927662 0.0239278 0.0349688 0.0530176 0.1912052 0.1451695 0.0125751 0.0067179 0.0096877 0.0676632 0.0126278 0.0909399 0.0039230 0.0000000 0.1631774 0.0971456 0.0330391 
GCF013265735_Rainbow_Trout     0.0821825 0.1839611 0.2013567 0.0821825 0.1752121 0.1879007 0.2325366 0.2413237 0.1169865 0.1587201 0.1697897 0.1698277 0.2769318 0.1587484 0.0778816 0.1653534 0.1631774 0.0000000 0.0810678 0.1798503 
GCF029448725_Brook_Trout       0.0279146 0.1274610 0.1258235 0.0279146 0.1040266 0.1309127 0.1668407 0.1555195 0.0275724 0.1075693 0.0992296 0.0992101 0.2138286 0.1075550 0.0192148 0.0951091 0.0971456 0.0810678 0.0000000 0.1283636 
Methow_River_99895             0.0956783 0.0228616 0.0189734 0.0956783 0.0171063 0.0080634 0.0772202 0.2843403 0.2186876 0.0151362 0.0393780 0.0394010 0.0693201 0.0189062 0.1207596 0.0351134 0.0330391 0.1798503 0.1283636 0.0000000 
