13
251140_Ward_Creek              0.0000000 0.0000010 0.0631952 0.1322089 0.4408396 0.4408396 0.3389888 0.3389888 0.4408396 0.4408396 0.3881868 0.5587287 0.7083462 
260512_Pybus_Point             0.0000010 0.0000000 0.0631952 0.1322089 0.4408396 0.4408396 0.3389888 0.3389888 0.4408396 0.4408396 0.3881868 0.5587287 0.7083462 
261935_Kenai_River             0.0631952 0.0631952 0.0000000 0.2082238 0.5587287 0.5587287 0.4408396 0.4408396 0.5587287 0.5587287 0.4974707 0.6986687 0.9607004 
353246_Cottonwood_Creek        0.1322089 0.1322089 0.2082238 0.0000000 0.2493300 0.2493300 0.1692540 0.1692540 0.2493300 0.2493300 0.2082238 0.3389888 0.3693574 
353379_Skagit_River            0.4408396 0.4408396 0.5587287 0.2493300 0.0000000 0.0000010 0.0631952 0.0631952 0.0631952 0.0631952 0.0969087 0.6254398 0.0883373 
353401_Peace_River             0.4408396 0.4408396 0.5587287 0.2493300 0.0000010 0.0000000 0.0631952 0.0631952 0.0631952 0.0631952 0.0969087 0.6254398 0.0883373 
353407_Noatok                  0.3389888 0.3389888 0.4408396 0.1692540 0.0631952 0.0631952 0.0000000 0.0000010 0.0631952 0.0631952 0.0309322 0.6254398 0.0883373 
353410_Horizon_Lake            0.3389888 0.3389888 0.4408396 0.1692540 0.0631952 0.0631952 0.0000010 0.0000000 0.0631952 0.0631952 0.0309322 0.6254398 0.0883373 
GCA016432855_Lake_Trout        0.4408396 0.4408396 0.5587287 0.2493300 0.0631952 0.0631952 0.0631952 0.0631952 0.0000000 0.0631952 0.0969087 0.6254398 0.0883373 
GCA036784925_Maine_S_alpinus   0.4408396 0.4408396 0.5587287 0.2493300 0.0631952 0.0631952 0.0631952 0.0631952 0.0631952 0.0000000 0.0309322 0.6254398 0.0883373 
GCA045679555_Iceland_A_alpinus 0.3881868 0.3881868 0.4974707 0.2082238 0.0969087 0.0969087 0.0309322 0.0309322 0.0969087 0.0309322 0.0000000 0.6986687 0.1367412 
GCF013265735_Rainbow_Trout     0.5587287 0.5587287 0.6986687 0.3389888 0.6254398 0.6254398 0.6254398 0.6254398 0.6254398 0.6254398 0.6986687 0.0000000 1.1280580 
GCF029448725_Brook_Trout       0.7083462 0.7083462 0.9607004 0.3693574 0.0883373 0.0883373 0.0883373 0.0883373 0.0883373 0.0883373 0.1367412 1.1280580 0.0000000 
