15
251140_Ward_Creek            0.0000000 0.0000010 0.0026202 0.0000010 0.0240966 0.0000010 0.0268473 0.0026699 0.0053426 0.0339386 0.0268473 0.0748098 0.0026699 0.1360488 0.0825679 
260512_Pybus_Point           0.0000010 0.0000000 0.0026202 0.0000010 0.0240966 0.0000010 0.0268473 0.0026699 0.0053426 0.0339386 0.0268473 0.0748098 0.0026699 0.1360488 0.0825679 
353220_Fish_Creek            0.0026202 0.0026202 0.0000000 0.0026676 0.0267877 0.0029778 0.0295473 0.0053426 0.0080178 0.0424918 0.0295473 0.0778499 0.0053426 0.1390319 0.0856799 
353246_Cottonwood_Creek      0.0000010 0.0000010 0.0026676 0.0000000 0.0245420 0.0000010 0.0273449 0.0026699 0.0053426 0.0360091 0.0273449 0.0763588 0.0026699 0.1387737 0.0843159 
353379_Skagit_River          0.0240966 0.0240966 0.0267877 0.0245420 0.0000000 0.0274734 0.0026387 0.0217834 0.0245191 0.0251037 0.0026387 0.0778075 0.0217834 0.1328670 0.0824372 
353381_Dungeness_River       0.0000010 0.0000010 0.0029778 0.0000010 0.0274734 0.0000000 0.0306214 0.0030426 0.0060896 0.0540739 0.0306214 0.0867298 0.0030426 0.1569473 0.0960608 
353401_Peace_River           0.0268473 0.0268473 0.0295473 0.0273449 0.0026387 0.0306214 0.0000000 0.0245745 0.0273194 0.0251037 0.0000010 0.0810532 0.0245745 0.1361756 0.0857639 
353407_Noatok                0.0026699 0.0026699 0.0053426 0.0026699 0.0217834 0.0030426 0.0245745 0.0000000 0.0026675 0.0360091 0.0245745 0.0763588 0.0000010 0.1356012 0.0843159 
353410_Horizon_Lake          0.0053426 0.0053426 0.0080178 0.0053426 0.0245191 0.0060896 0.0273194 0.0026675 0.0000000 0.0450881 0.0273194 0.0794630 0.0026675 0.1386391 0.0874950 
92319_Little_Lost            0.0339386 0.0339386 0.0424918 0.0360091 0.0251037 0.0540739 0.0251037 0.0360091 0.0450881 0.0000000 0.0251037 0.1354345 0.0360091 0.5068565 0.1663054 
94280_St_Joe                 0.0268473 0.0268473 0.0295473 0.0273449 0.0026387 0.0306214 0.0000010 0.0245745 0.0273194 0.0251037 0.0000000 0.0810532 0.0245745 0.1361756 0.0857639 
GCA016432855_Lake_Trout      0.0748098 0.0748098 0.0778499 0.0763588 0.0778075 0.0867298 0.0810532 0.0763588 0.0794630 0.1354345 0.0810532 0.0000000 0.0763588 0.1568734 0.0173557 
GCA036784925_Maine_S_alpinus 0.0026699 0.0026699 0.0053426 0.0026699 0.0217834 0.0030426 0.0245745 0.0000010 0.0026675 0.0360091 0.0245745 0.0763588 0.0000000 0.1356012 0.0843159 
GCF013265735_Rainbow_Trout   0.1360488 0.1360488 0.1390319 0.1387737 0.1328670 0.1569473 0.1361756 0.1356012 0.1386391 0.5068565 0.1361756 0.1568734 0.1356012 0.0000000 0.1669164 
GCF029448725_Brook_Trout     0.0825679 0.0825679 0.0856799 0.0843159 0.0824372 0.0960608 0.0857639 0.0843159 0.0874950 0.1663054 0.0857639 0.0173557 0.0843159 0.1669164 0.0000000 
