13
251140_Ward_Creek              0.0000000 0.0000010 0.0078691 0.0078691 0.0158001 0.1194108 0.0158001 0.0000010 0.0495260 0.0158001 0.0158001 0.3394560 0.1097681 
260512_Pybus_Point             0.0000010 0.0000000 0.0078691 0.0078691 0.0158001 0.1194108 0.0158001 0.0000010 0.0495260 0.0158001 0.0158001 0.3394560 0.1097681 
261935_Kenai_River             0.0078691 0.0078691 0.0000000 0.0000010 0.0238746 0.1420105 0.0238746 0.0044827 0.0582286 0.0044742 0.0044742 0.3530160 0.1191667 
353246_Cottonwood_Creek        0.0078691 0.0078691 0.0000010 0.0000000 0.0238746 0.1420105 0.0238746 0.0044827 0.0582286 0.0044742 0.0044742 0.3530160 0.1191667 
353379_Skagit_River            0.0158001 0.0158001 0.0238746 0.0238746 0.0000000 0.0639272 0.0000010 0.0158001 0.0538278 0.0319602 0.0319602 0.2158486 0.0835990 
353381_Dungeness_River         0.1194108 0.1194108 0.1420105 0.1420105 0.0639272 0.0000000 0.0639272 0.1194108 0.0822068 0.1640528 0.1640528 0.3077305 0.1404762 
353401_Peace_River             0.0158001 0.0158001 0.0238746 0.0238746 0.0000010 0.0639272 0.0000000 0.0158001 0.0538278 0.0319602 0.0319602 0.2158486 0.0835990 
353410_Horizon_Lake            0.0000010 0.0000010 0.0044827 0.0044827 0.0158001 0.1194108 0.0158001 0.0000000 0.0495260 0.0089854 0.0089854 0.3394560 0.1097681 
GCA016432855_Lake_Trout        0.0495260 0.0495260 0.0582286 0.0582286 0.0538278 0.0822068 0.0538278 0.0495260 0.0000000 0.0668288 0.0668288 0.2072608 0.0452772 
GCA036784925_Maine_S_alpinus   0.0158001 0.0158001 0.0044742 0.0044742 0.0319602 0.1640528 0.0319602 0.0089854 0.0668288 0.0000000 0.0000010 0.3651883 0.1282463 
GCA045679555_Iceland_A_alpinus 0.0158001 0.0158001 0.0044742 0.0044742 0.0319602 0.1640528 0.0319602 0.0089854 0.0668288 0.0000010 0.0000000 0.3651883 0.1282463 
GCF013265735_Rainbow_Trout     0.3394560 0.3394560 0.3530160 0.3530160 0.2158486 0.3077305 0.2158486 0.3394560 0.2072608 0.3651883 0.3651883 0.0000000 0.2475876 
GCF029448725_Brook_Trout       0.1097681 0.1097681 0.1191667 0.1191667 0.0835990 0.1404762 0.0835990 0.1097681 0.0452772 0.1282463 0.1282463 0.2475876 0.0000000 
