9
251140_Ward_Creek              0.0000000 0.0000010 0.0127400 0.0127400 0.0127400 0.0127957 0.0127957 0.1088708 6.9855781 
260512_Pybus_Point             0.0000010 0.0000000 0.0127400 0.0127400 0.0127400 0.0127957 0.0127957 0.1088708 6.9855781 
353379_Skagit_River            0.0127400 0.0127400 0.0000000 0.0000010 0.0256462 0.0257598 0.0257598 0.1233741 7.1662111 
353401_Peace_River             0.0127400 0.0127400 0.0000010 0.0000000 0.0256462 0.0257598 0.0257598 0.1233741 7.1662111 
353407_Noatok                  0.0127400 0.0127400 0.0256462 0.0256462 0.0000000 0.0257598 0.0257598 0.1233741 6.9855781 
GCA036784925_Maine_S_alpinus   0.0127957 0.0127957 0.0257598 0.0257598 0.0257598 0.0000000 0.0000010 0.1239618 9.0000000 
GCA045679555_Iceland_A_alpinus 0.0127957 0.0127957 0.0257598 0.0257598 0.0257598 0.0000010 0.0000000 0.1239618 9.0000000 
GCF013265735_Rainbow_Trout     0.1088708 0.1088708 0.1233741 0.1233741 0.1233741 0.1239618 0.1239618 0.0000000 9.0000000 
GCF029448725_Brook_Trout       6.9855781 6.9855781 7.1662111 7.1662111 6.9855781 9.0000000 9.0000000 9.0000000 0.0000000 
