17
251140_Ward_Creek              0.0000000 0.0018580 0.0055893 0.0037193 0.0000010 0.0264681 0.1699218 0.0226276 0.0037166 0.0037193 0.0226276 0.0206632 0.0018567 0.0018567 0.1471271 0.0245015 0.0245365 
260512_Pybus_Point             0.0018580 0.0000000 0.0037193 0.0018567 0.0018580 0.0284062 0.1596599 0.0245541 0.0055853 0.0055893 0.0245541 0.0225792 0.0037193 0.0037193 0.1496617 0.0264302 0.0264681 
261935_Kenai_River             0.0055893 0.0037193 0.0000000 0.0055853 0.0055893 0.0322786 0.1797323 0.0284062 0.0055893 0.0093395 0.0284062 0.0264113 0.0074593 0.0074593 0.1546303 0.0302853 0.0303289 
353213_Cropley_Lake            0.0037193 0.0018567 0.0055853 0.0000000 0.0037193 0.0303289 0.1500780 0.0264681 0.0074541 0.0074593 0.0264681 0.0244840 0.0055853 0.0055853 0.1520765 0.0283451 0.0283858 
353219_Peterson_Creek          0.0000010 0.0018580 0.0055893 0.0037193 0.0000000 0.0264681 0.1699218 0.0226276 0.0037166 0.0037193 0.0226276 0.0206632 0.0018567 0.0018567 0.1471271 0.0245015 0.0245365 
353379_Skagit_River            0.0264681 0.0284062 0.0322786 0.0303289 0.0264681 0.0000000 0.2215677 0.0037193 0.0264681 0.0264871 0.0037193 0.0245015 0.0245541 0.0245541 0.1497905 0.0302853 0.0018580 
353381_Dungeness_River         0.1699218 0.1596599 0.1797323 0.1500780 0.1699218 0.2215677 0.0000000 0.2003582 0.1797323 0.1803591 0.2003582 0.2199865 0.1699218 0.1699218 4.1963713 0.2207742 0.2105130 
353401_Peace_River             0.0226276 0.0245541 0.0284062 0.0264681 0.0226276 0.0037193 0.2003582 0.0000000 0.0226276 0.0226438 0.0000010 0.0206780 0.0207223 0.0207223 0.1448506 0.0264302 0.0018567 
353407_Noatok                  0.0037166 0.0055853 0.0055893 0.0074541 0.0037166 0.0264681 0.1797323 0.0226276 0.0000000 0.0037193 0.0226276 0.0206632 0.0018567 0.0018567 0.1471271 0.0264113 0.0245365 
353410_Horizon_Lake            0.0037193 0.0055893 0.0093395 0.0074593 0.0037193 0.0264871 0.1803591 0.0226438 0.0037193 0.0000000 0.0226438 0.0206780 0.0018580 0.0018580 0.1448506 0.0264302 0.0245541 
92319_Little_Lost              0.0226276 0.0245541 0.0284062 0.0264681 0.0226276 0.0037193 0.2003582 0.0000010 0.0226276 0.0226438 0.0000000 0.0206780 0.0207223 0.0207223 0.1448506 0.0264302 0.0018567 
GCA016432855_Lake_Trout        0.0206632 0.0225792 0.0264113 0.0244840 0.0206632 0.0245015 0.2199865 0.0206780 0.0206632 0.0206780 0.0206780 0.0000000 0.0187670 0.0187670 0.1348381 0.0168624 0.0225792 
GCA036784925_Maine_S_alpinus   0.0018567 0.0037193 0.0074593 0.0055853 0.0018567 0.0245541 0.1699218 0.0207223 0.0018567 0.0018580 0.0207223 0.0187670 0.0000000 0.0000010 0.1447266 0.0245015 0.0226276 
GCA045679555_Iceland_A_alpinus 0.0018567 0.0037193 0.0074593 0.0055853 0.0018567 0.0245541 0.1699218 0.0207223 0.0018567 0.0018580 0.0207223 0.0187670 0.0000010 0.0000000 0.1447266 0.0245015 0.0226276 
GCF013265735_Rainbow_Trout     0.1471271 0.1496617 0.1546303 0.1520765 0.1471271 0.1497905 4.1963713 0.1448506 0.1471271 0.1448506 0.1448506 0.1348381 0.1447266 0.1447266 0.0000000 0.1451806 0.1472534 
GCF029448725_Brook_Trout       0.0245015 0.0264302 0.0302853 0.0283451 0.0245015 0.0302853 0.2207742 0.0264302 0.0264113 0.0264302 0.0264302 0.0168624 0.0245015 0.0245015 0.1451806 0.0000000 0.0283451 
Methow_River_99895             0.0245365 0.0264681 0.0303289 0.0283858 0.0245365 0.0018580 0.2105130 0.0018567 0.0245365 0.0245541 0.0018567 0.0225792 0.0226276 0.0226276 0.1472534 0.0283451 0.0000000 
