20
251140_Ward_Creek              0.0000000 0.0601645 0.0656846 0.0338198 0.0493658 0.0615300 0.0493658 0.0427229 1.3637898 0.0414060 0.0967451 0.0338198 0.0533742 0.0414060 0.0452903 0.0389087 0.0389087 0.1822499 0.0479494 0.0520238 
260512_Pybus_Point             0.0601645 0.0000000 0.0033074 0.0213223 0.0069251 0.0008122 0.0069251 0.0292688 0.2501460 0.0280708 0.0785478 0.0213223 0.0200733 0.0280708 0.0315290 0.0258789 0.0258789 0.1580000 0.0339383 0.0189594 
261935_Kenai_River             0.0656846 0.0033074 0.0000000 0.0257600 0.0106621 0.0041780 0.0106621 0.0316350 0.2629742 0.0304201 0.0785168 0.0257600 0.0222789 0.0304201 0.0339383 0.0236108 0.0236108 0.1563750 0.0363822 0.0211400 
353213_Cropley_Lake            0.0338198 0.0213223 0.0257600 0.0000000 0.0127605 0.0224613 0.0127605 0.0078112 0.3742316 0.0068721 0.0498856 0.0016418 0.0158061 0.0068721 0.0096188 0.0051179 0.0051179 0.1306670 0.0115515 0.0147429 
353219_Peterson_Creek          0.0493658 0.0069251 0.0106621 0.0127605 0.0000000 0.0078681 0.0000010 0.0200733 0.3603138 0.0189594 0.0669214 0.0127605 0.0292688 0.0189594 0.0221568 0.0169408 0.0169408 0.1498887 0.0244082 0.0280708 
353220_Fish_Creek              0.0615300 0.0008122 0.0041780 0.0224613 0.0078681 0.0000000 0.0078681 0.0304747 0.2371003 0.0292688 0.0800062 0.0224613 0.0212008 0.0292688 0.0327548 0.0270567 0.0270567 0.1596284 0.0351796 0.0200733 
353246_Cottonwood_Creek        0.0493658 0.0069251 0.0106621 0.0127605 0.0000010 0.0078681 0.0000000 0.0200733 0.3603138 0.0189594 0.0669214 0.0127605 0.0292688 0.0189594 0.0221568 0.0169408 0.0169408 0.1498887 0.0244082 0.0280708 
353379_Skagit_River            0.0427229 0.0292688 0.0316350 0.0078112 0.0200733 0.0304747 0.0200733 0.0000000 0.4045439 0.0008204 0.0569102 0.0078112 0.0069974 0.0008204 0.0088057 0.0097825 0.0097825 0.1337931 0.0107315 0.0079509 
353381_Dungeness_River         1.3637898 0.2501460 0.2629742 0.3742316 0.3603138 0.2371003 0.3603138 0.4045439 0.0000000 0.3892651 0.1048592 0.3603138 0.2899564 0.3892651 0.4321927 0.3902838 0.3902838 0.6242286 0.4480142 0.2763613 
353401_Peace_River             0.0414060 0.0280708 0.0304201 0.0068721 0.0189594 0.0292688 0.0189594 0.0008204 0.3892651 0.0000000 0.0554938 0.0068721 0.0079509 0.0000010 0.0078458 0.0088057 0.0088057 0.1322125 0.0097412 0.0069974 
353407_Noatok                  0.0967451 0.0785478 0.0785168 0.0498856 0.0669214 0.0800062 0.0669214 0.0569102 0.1048592 0.0554938 0.0000000 0.0498856 0.0683595 0.0554938 0.0597637 0.0526984 0.0526984 0.0958357 0.0626386 0.0669214 
353410_Horizon_Lake            0.0338198 0.0213223 0.0257600 0.0016418 0.0127605 0.0224613 0.0127605 0.0078112 0.3603138 0.0068721 0.0498856 0.0000000 0.0158061 0.0068721 0.0096188 0.0051179 0.0051179 0.1306670 0.0115515 0.0147429 
92319_Little_Lost              0.0533742 0.0200733 0.0222789 0.0158061 0.0292688 0.0212008 0.0292688 0.0069974 0.2899564 0.0079509 0.0683595 0.0158061 0.0000000 0.0079509 0.0169408 0.0180322 0.0180322 0.1417732 0.0190776 0.0008204 
94280_St_Joe                   0.0414060 0.0280708 0.0304201 0.0068721 0.0189594 0.0292688 0.0189594 0.0008204 0.3892651 0.0000010 0.0554938 0.0068721 0.0079509 0.0000000 0.0078458 0.0088057 0.0088057 0.1322125 0.0097412 0.0069974 
GCA016432855_Lake_Trout        0.0452903 0.0315290 0.0339383 0.0096188 0.0221568 0.0327548 0.0221568 0.0088057 0.4321927 0.0078458 0.0597637 0.0096188 0.0169408 0.0078458 0.0000000 0.0116444 0.0116444 0.1306670 0.0105998 0.0158619 
GCA036784925_Maine_S_alpinus   0.0389087 0.0258789 0.0236108 0.0051179 0.0169408 0.0270567 0.0169408 0.0097825 0.3902838 0.0088057 0.0526984 0.0051179 0.0180322 0.0088057 0.0116444 0.0000000 0.0000010 0.1290263 0.0136429 0.0169408 
GCA045679555_Iceland_A_alpinus 0.0389087 0.0258789 0.0236108 0.0051179 0.0169408 0.0270567 0.0169408 0.0097825 0.3902838 0.0088057 0.0526984 0.0051179 0.0180322 0.0088057 0.0116444 0.0000010 0.0000000 0.1290263 0.0136429 0.0169408 
GCF013265735_Rainbow_Trout     0.1822499 0.1580000 0.1563750 0.1306670 0.1498887 0.1596284 0.1498887 0.1337931 0.6242286 0.1322125 0.0958357 0.1306670 0.1417732 0.1322125 0.1306670 0.1290263 0.1290263 0.0000000 0.1370806 0.1401769 
GCF029448725_Brook_Trout       0.0479494 0.0339383 0.0363822 0.0115515 0.0244082 0.0351796 0.0244082 0.0107315 0.4480142 0.0097412 0.0626386 0.0115515 0.0190776 0.0097412 0.0105998 0.0136429 0.0136429 0.1370806 0.0000000 0.0179745 
Methow_River_99895             0.0520238 0.0189594 0.0211400 0.0147429 0.0280708 0.0200733 0.0280708 0.0079509 0.2763613 0.0069974 0.0669214 0.0147429 0.0008204 0.0069974 0.0158619 0.0169408 0.0169408 0.1401769 0.0179745 0.0000000 
