12
251140_Ward_Creek              0.0000000 0.0000010 0.0034262 0.0200612 0.2625816 0.0173243 0.0034262 0.0173243 0.0211561 0.0068649 0.0728028 0.0242986 
260512_Pybus_Point             0.0000010 0.0000000 0.0034262 0.0200612 0.2625816 0.0173243 0.0034262 0.0173243 0.0211561 0.0068649 0.0728028 0.0242986 
261935_Kenai_River             0.0034262 0.0034262 0.0000000 0.0160191 0.2978399 0.0138379 0.0000010 0.0138379 0.0176021 0.0034262 0.0690473 0.0207944 
353379_Skagit_River            0.0200612 0.0200612 0.0160191 0.0000000 0.4725143 0.0000010 0.0160191 0.0000010 0.0080690 0.0200612 0.0669463 0.0240848 
353381_Dungeness_River         0.2625816 0.2625816 0.2978399 0.4725143 0.0000000 0.4673766 0.2978399 0.4673766 0.2561166 0.2978399 0.8531940 0.5044163 
353401_Peace_River             0.0173243 0.0173243 0.0138379 0.0000010 0.4673766 0.0000000 0.0138379 0.0000010 0.0176047 0.0173243 0.0690577 0.0207974 
353407_Noatok                  0.0034262 0.0034262 0.0000010 0.0160191 0.2978399 0.0138379 0.0000000 0.0138379 0.0176021 0.0034262 0.0690473 0.0207944 
92319_Little_Lost              0.0173243 0.0173243 0.0138379 0.0000010 0.4673766 0.0000010 0.0138379 0.0000000 0.0176047 0.0173243 0.0690577 0.0207974 
GCA016432855_Lake_Trout        0.0211561 0.0211561 0.0176021 0.0080690 0.2561166 0.0176047 0.0176021 0.0176047 0.0000000 0.0211561 0.0500385 0.0246921 
GCA045679555_Iceland_A_alpinus 0.0068649 0.0068649 0.0034262 0.0200612 0.2978399 0.0173243 0.0034262 0.0173243 0.0211561 0.0000000 0.0728028 0.0242986 
GCF013265735_Rainbow_Trout     0.0728028 0.0728028 0.0690473 0.0669463 0.8531940 0.0690577 0.0690473 0.0690577 0.0500385 0.0728028 0.0000000 0.0764763 
GCF029448725_Brook_Trout       0.0242986 0.0242986 0.0207944 0.0240848 0.5044163 0.0207974 0.0207944 0.0207974 0.0246921 0.0242986 0.0764763 0.0000000 
