14
251140_Ward_Creek            0.0000000 0.0052369 0.0296556 0.0052369 0.0448242 0.0211769 0.0000010 0.0211769 0.0211769 0.0105017 0.0430679 0.0105017 0.0949429 0.0551937 
260512_Pybus_Point           0.0052369 0.0000000 0.0146002 0.0000010 0.0294197 0.0157948 0.0294548 0.0157948 0.0157948 0.0052221 0.0374715 0.0052221 0.0884490 0.0493852 
261935_Kenai_River           0.0296556 0.0146002 0.0000000 0.0146002 0.0146002 0.0146002 0.0598173 0.0146002 0.0146002 0.0000010 0.0607258 0.0000010 0.2472626 0.1152056 
353213_Cropley_Lake          0.0052369 0.0000010 0.0146002 0.0000000 0.0294197 0.0157948 0.0294548 0.0157948 0.0157948 0.0052221 0.0374715 0.0052221 0.0884490 0.0493852 
353246_Cottonwood_Creek      0.0448242 0.0294197 0.0146002 0.0294197 0.0000000 0.0000010 0.0911376 0.0000010 0.0000010 0.0146002 0.0451904 0.0146002 0.2708674 0.0979054 
353379_Skagit_River          0.0211769 0.0157948 0.0146002 0.0157948 0.0000010 0.0000000 0.0911376 0.0000010 0.0105315 0.0105017 0.0211769 0.0105017 0.0949429 0.0325519 
353381_Dungeness_River       0.0000010 0.0294548 0.0598173 0.0294548 0.0911376 0.0911376 0.0000000 0.0911376 0.0911376 0.0598173 0.1984963 0.0598173 1.1303968 0.3599901 
353401_Peace_River           0.0211769 0.0157948 0.0146002 0.0157948 0.0000010 0.0000010 0.0911376 0.0000000 0.0105315 0.0105017 0.0211769 0.0105017 0.0949429 0.0325519 
353407_Noatok                0.0211769 0.0157948 0.0146002 0.0157948 0.0000010 0.0105315 0.0911376 0.0105315 0.0000000 0.0105017 0.0321223 0.0105017 0.0949429 0.0439052 
353410_Horizon_Lake          0.0105017 0.0052221 0.0000010 0.0052221 0.0146002 0.0105017 0.0598173 0.0105017 0.0105017 0.0000000 0.0320305 0.0000010 0.0823003 0.0437749 
GCA016432855_Lake_Trout      0.0430679 0.0374715 0.0607258 0.0374715 0.0451904 0.0211769 0.1984963 0.0211769 0.0321223 0.0320305 0.0000000 0.0320305 0.1074750 0.0323619 
GCA036784925_Maine_S_alpinus 0.0105017 0.0052221 0.0000010 0.0052221 0.0146002 0.0105017 0.0598173 0.0105017 0.0105017 0.0000010 0.0320305 0.0000000 0.0823003 0.0437749 
GCF013265735_Rainbow_Trout   0.0949429 0.0884490 0.2472626 0.0884490 0.2708674 0.0949429 1.1303968 0.0949429 0.0949429 0.0823003 0.1074750 0.0823003 0.0000000 0.1293426 
GCF029448725_Brook_Trout     0.0551937 0.0493852 0.1152056 0.0493852 0.0979054 0.0325519 0.3599901 0.0325519 0.0439052 0.0437749 0.0323619 0.0437749 0.1293426 0.0000000 
