17
251140_Ward_Creek              0.0000000 0.0000010 0.0343276 0.0703020 0.0707823 0.3016108 0.0464384 0.0520991 0.0797761 0.0453711 0.0464384 0.0522304 0.0343276 0.0343276 0.9720487 0.1071106 0.1179446 
260512_Pybus_Point             0.0000010 0.0000000 0.0343276 0.0703020 0.0707823 0.3016108 0.0464384 0.0520991 0.0797761 0.0453711 0.0464384 0.0522304 0.0343276 0.0343276 0.9720487 0.1071106 0.1179446 
261935_Kenai_River             0.0343276 0.0343276 0.0000000 0.0343276 0.0464384 0.3661915 0.0228598 0.0169674 0.0522304 0.0000010 0.0228598 0.0256598 0.0343276 0.0343276 0.8569089 0.0788650 0.0765343 
353246_Cottonwood_Creek        0.0703020 0.0703020 0.0343276 0.0000000 0.0464384 0.4368630 0.0228598 0.0169674 0.0522304 0.0453711 0.0228598 0.0256598 0.0343276 0.0343276 0.8569089 0.0788650 0.0765343 
353379_Skagit_River            0.0707823 0.0707823 0.0464384 0.0464384 0.0000000 0.6941418 0.0228598 0.0228598 0.0522304 0.0000010 0.0228598 0.0256598 0.0464384 0.0464384 1.3770571 0.0788650 0.0248307 
353381_Dungeness_River         0.3016108 0.3016108 0.3661915 0.4368630 0.6941418 0.0000000 0.6216064 0.4006952 0.9163863 8.9999990 0.6216064 0.8053540 0.3661915 0.3661915 0.5285546 1.0131797 0.5977236 
353401_Peace_River             0.0464384 0.0464384 0.0228598 0.0228598 0.0228598 0.6216064 0.0000000 0.0000010 0.0256598 0.0000010 0.0000010 0.0000010 0.0228598 0.0228598 1.2476761 0.0516448 0.0000010 
353407_Noatok                  0.0520991 0.0520991 0.0169674 0.0169674 0.0228598 0.4006952 0.0000010 0.0000000 0.0256598 0.0000010 0.0000010 0.0000010 0.0169674 0.0169674 0.8053539 0.0516448 0.0566553 
353410_Horizon_Lake            0.0797761 0.0797761 0.0522304 0.0522304 0.0522304 0.9163863 0.0256598 0.0256598 0.0000000 0.0000010 0.0256598 0.0256598 0.0522304 0.0522304 1.5567206 0.0797761 0.0281709 
92319_Little_Lost              0.0453711 0.0453711 0.0000010 0.0453711 0.0000010 8.9999990 0.0000010 0.0000010 0.0000010 0.0000000 0.0000010 0.0000010 0.0453711 0.0453711 9.0000000 0.1176094 0.0000010 
94280_St_Joe                   0.0464384 0.0464384 0.0228598 0.0228598 0.0228598 0.6216064 0.0000010 0.0000010 0.0256598 0.0000010 0.0000000 0.0000010 0.0228598 0.0228598 1.2476761 0.0516448 0.0000010 
GCA016432855_Lake_Trout        0.0522304 0.0522304 0.0256598 0.0256598 0.0256598 0.8053540 0.0000010 0.0000010 0.0256598 0.0000010 0.0000010 0.0000000 0.0256598 0.0256598 1.3786048 0.0522304 0.0000010 
GCA036784925_Maine_S_alpinus   0.0343276 0.0343276 0.0343276 0.0343276 0.0464384 0.3661915 0.0228598 0.0169674 0.0522304 0.0453711 0.0228598 0.0256598 0.0000000 0.0000010 0.8569089 0.0788650 0.0765343 
GCA045679555_Iceland_A_alpinus 0.0343276 0.0343276 0.0343276 0.0343276 0.0464384 0.3661915 0.0228598 0.0169674 0.0522304 0.0453711 0.0228598 0.0256598 0.0000010 0.0000000 0.8569089 0.0788650 0.0765343 
GCF013265735_Rainbow_Trout     0.9720487 0.9720487 0.8569089 0.8569089 1.3770571 0.5285546 1.2476761 0.8053539 1.5567206 9.0000000 1.2476761 1.3786048 0.8569089 0.8569089 0.0000000 1.7144595 1.0081763 
GCF029448725_Brook_Trout       0.1071106 0.1071106 0.0788650 0.0788650 0.0788650 1.0131797 0.0516448 0.0516448 0.0797761 0.1176094 0.0516448 0.0522304 0.0788650 0.0788650 1.7144595 0.0000000 0.0567337 
Methow_River_99895             0.1179446 0.1179446 0.0765343 0.0765343 0.0248307 0.5977236 0.0000010 0.0566553 0.0281709 0.0000010 0.0000010 0.0000010 0.0765343 0.0765343 1.0081763 0.0567337 0.0000000 
