19
251140_Ward_Creek              0.0000000 0.0402402 0.0000010 0.0264493 0.0264493 0.0131373 0.1258067 0.1196590 0.7763726 0.1290030 0.2408744 0.0405464 0.2201481 0.1290030 0.2632670 0.0674482 0.0674482 0.3389749 0.5600329 
260512_Pybus_Point             0.0402402 0.0000000 0.0402402 0.0132323 0.0132323 0.0266457 0.1277810 0.1369002 0.7634262 0.1456887 0.2265896 0.0540175 0.2243871 0.1456887 0.2839359 0.0540175 0.0540175 0.3620327 0.5708657 
261935_Kenai_River             0.0000010 0.0402402 0.0000000 0.0264493 0.0264493 0.0131373 0.1258067 0.1196590 0.7763726 0.1290030 0.2408744 0.0405464 0.2201481 0.1290030 0.2632670 0.0674482 0.0674482 0.3389749 0.5600329 
353213_Cropley_Lake            0.0264493 0.0132323 0.0264493 0.0000000 0.0000010 0.0131373 0.0994697 0.1196590 0.6819470 0.1290030 0.2078963 0.0685187 0.1898811 0.1290030 0.2632670 0.0399387 0.0399387 0.3389749 0.5600329 
353219_Peterson_Creek          0.0264493 0.0132323 0.0264493 0.0000010 0.0000000 0.0131373 0.0994697 0.1196590 0.6819470 0.1290030 0.2078963 0.0685187 0.1898811 0.1290030 0.2632670 0.0399387 0.0399387 0.3389749 0.5600329 
353220_Fish_Creek              0.0131373 0.0266457 0.0131373 0.0131373 0.0131373 0.0000000 0.1258067 0.1356173 0.7295339 0.1443676 0.2242868 0.0544374 0.2201481 0.1443676 0.2807422 0.0536044 0.0536044 0.3574867 0.5840189 
353246_Cottonwood_Creek        0.1258067 0.1277810 0.1258067 0.0994697 0.0994697 0.1258067 0.0000000 0.2087851 1.9016410 0.2197738 0.2554664 0.1552193 0.3122464 0.2197738 0.6006714 0.0994697 0.0994697 0.3886403 0.7293192 
353379_Skagit_River            0.1196590 0.1369002 0.1196590 0.1196590 0.1196590 0.1356173 0.2087851 0.0000000 1.3278346 0.0000010 0.3031999 0.1382112 0.0260416 0.0000010 0.3070289 0.1039254 0.1039254 0.3672172 0.7114487 
353381_Dungeness_River         0.7763726 0.7634262 0.7763726 0.6819470 0.6819470 0.7295339 1.9016410 1.3278346 0.0000000 1.2435127 1.4283735 0.9594073 1.4528825 1.2435127 1.6523195 0.7763726 0.7763726 1.7078379 2.5420906 
353401_Peace_River             0.1290030 0.1456887 0.1290030 0.1290030 0.1290030 0.1443676 0.2197738 0.0000010 1.2435127 0.0000000 0.3054806 0.1470379 0.0235744 0.0000010 0.2872247 0.1138470 0.1138470 0.3667381 0.6913889 
353407_Noatok                  0.2408744 0.2265896 0.2408744 0.2078963 0.2078963 0.2242868 0.2554664 0.3031999 1.4283735 0.3054806 0.0000000 0.2632670 0.6367607 0.3054806 0.1560822 0.1917066 0.1917066 0.5695967 0.8589509 
353410_Horizon_Lake            0.0405464 0.0540175 0.0405464 0.0685187 0.0685187 0.0544374 0.1552193 0.1382112 0.9594073 0.1470379 0.2632670 0.0000000 0.2562873 0.1470379 0.2872247 0.0827914 0.0827914 0.3475433 0.5823854 
92319_Little_Lost              0.2201481 0.2243871 0.2201481 0.1898811 0.1898811 0.2201481 0.3122464 0.0260416 1.4528825 0.0235744 0.6367607 0.2562873 0.0000000 0.0235744 0.5929973 0.1604186 0.1604186 0.5162723 2.7824749 
94280_St_Joe                   0.1290030 0.1456887 0.1290030 0.1290030 0.1290030 0.1443676 0.2197738 0.0000010 1.2435127 0.0000010 0.3054806 0.1470379 0.0235744 0.0000000 0.2872247 0.1138470 0.1138470 0.3667381 0.6913889 
GCA016432855_Lake_Trout        0.2632670 0.2839359 0.2632670 0.2632670 0.2632670 0.2807422 0.6006714 0.3070289 1.6523195 0.2872247 0.1560822 0.2872247 0.5929973 0.2872247 0.0000000 0.2460016 0.2460016 0.6132088 0.9132194 
GCA036784925_Maine_S_alpinus   0.0674482 0.0540175 0.0674482 0.0399387 0.0399387 0.0536044 0.0994697 0.1039254 0.7763726 0.1138470 0.1917066 0.0827914 0.1604186 0.1138470 0.2460016 0.0000000 0.0000010 0.3574867 0.5362144 
GCA045679555_Iceland_A_alpinus 0.0674482 0.0540175 0.0674482 0.0399387 0.0399387 0.0536044 0.0994697 0.1039254 0.7763726 0.1138470 0.1917066 0.0827914 0.1604186 0.1138470 0.2460016 0.0000010 0.0000000 0.3574867 0.5362144 
GCF013265735_Rainbow_Trout     0.3389749 0.3620327 0.3389749 0.3389749 0.3389749 0.3574867 0.3886403 0.3672172 1.7078379 0.3667381 0.5695967 0.3475433 0.5162723 0.3667381 0.6132088 0.3574867 0.3574867 0.0000000 1.1007965 
GCF029448725_Brook_Trout       0.5600329 0.5708657 0.5600329 0.5600329 0.5600329 0.5840189 0.7293192 0.7114487 2.5420906 0.6913889 0.8589509 0.5823854 2.7824749 0.6913889 0.9132194 0.5362144 0.5362144 1.1007965 0.0000000 
