16
251140_Ward_Creek              0.0000000 0.0000010 0.0157629 0.2708715 0.0154486 0.0492511 0.1076894 0.0492511 0.0154486 0.1037352 0.1745251 0.1037352 0.0318364 0.4710688 0.1028893 0.0664333 
260512_Pybus_Point             0.0000010 0.0000000 0.0157629 0.2708715 0.0154486 0.0492511 0.1076894 0.0492511 0.0154486 0.1037352 0.1745251 0.1037352 0.0318364 0.4710688 0.1028893 0.0664333 
353213_Cropley_Lake            0.0157629 0.0157629 0.0000000 0.3355868 0.0318167 0.0677807 0.1419952 0.0677807 0.0318167 0.1252169 0.2015012 0.1252169 0.0492307 0.5131297 0.1241036 0.0857583 
353219_Peterson_Creek          0.2708715 0.2708715 0.3355868 0.0000000 0.2708715 0.2710866 3.1297785 0.2710866 0.2708715 0.2391853 0.2984899 0.2391853 0.2159708 1.2670043 0.4222592 0.2710866 
353246_Cottonwood_Creek        0.0154486 0.0154486 0.0318167 0.2708715 0.0000000 0.0325598 0.1366945 0.0325598 0.0000010 0.0856786 0.1536930 0.0856786 0.0157905 0.4470710 0.0850155 0.0494035 
353379_Skagit_River            0.0492511 0.0492511 0.0677807 0.2710866 0.0325598 0.0000000 0.2147303 0.0000010 0.0325598 0.0857147 0.1537614 0.0857147 0.0157970 0.4223625 0.0850510 0.0155082 
353381_Dungeness_River         0.1076894 0.1076894 0.1419952 3.1297785 0.1366945 0.2147303 0.0000000 0.2147303 0.1366945 0.3411219 0.4994971 0.3411219 0.1733983 1.0400512 0.2940990 0.2510344 
353401_Peace_River             0.0492511 0.0492511 0.0677807 0.2710866 0.0325598 0.0000010 0.2147303 0.0000000 0.0325598 0.0857147 0.1537614 0.0857147 0.0157970 0.4223625 0.0850510 0.0155082 
353407_Noatok                  0.0154486 0.0154486 0.0318167 0.2708715 0.0000010 0.0325598 0.1366945 0.0325598 0.0000000 0.0856786 0.1536930 0.0856786 0.0157905 0.4470710 0.0850155 0.0494035 
353410_Horizon_Lake            0.1037352 0.1037352 0.1252169 0.2391853 0.0856786 0.0857147 0.3411219 0.0857147 0.0856786 0.0000000 0.2246900 0.0000010 0.0663723 0.5417078 0.1435432 0.1041297 
GCA016432855_Lake_Trout        0.1745251 0.1745251 0.2015012 0.2984899 0.1536930 0.1537614 0.4994971 0.1537614 0.1536930 0.2246900 0.0000000 0.2246900 0.1297205 0.6753617 0.1346183 0.1537614 
GCA036784925_Maine_S_alpinus   0.1037352 0.1037352 0.1252169 0.2391853 0.0856786 0.0857147 0.3411219 0.0857147 0.0856786 0.0000010 0.2246900 0.0000000 0.0663723 0.5417078 0.1435432 0.1041297 
GCA045679555_Iceland_A_alpinus 0.0318364 0.0318364 0.0492307 0.2159708 0.0157905 0.0157970 0.1733983 0.0157970 0.0157905 0.0663723 0.1297205 0.0663723 0.0000000 0.4099672 0.0658975 0.0319439 
GCF013265735_Rainbow_Trout     0.4710688 0.4710688 0.5131297 1.2670043 0.4470710 0.4223625 1.0400512 0.4223625 0.4470710 0.5417078 0.6753617 0.5417078 0.4099672 0.0000000 0.5283425 0.4483074 
GCF029448725_Brook_Trout       0.1028893 0.1028893 0.1241036 0.4222592 0.0850155 0.0850510 0.2940990 0.0850510 0.0850155 0.1435432 0.1346183 0.1435432 0.0658975 0.5283425 0.0000000 0.1032764 
Methow_River_99895             0.0664333 0.0664333 0.0857583 0.2710866 0.0494035 0.0155082 0.2510344 0.0155082 0.0494035 0.1041297 0.1537614 0.1041297 0.0319439 0.4483074 0.1032764 0.0000000 
