17
251140_Ward_Creek              0.0000000 0.0238159 0.0087083 0.0051754 0.0000010 0.0034456 0.0357855 3.5130385 0.0357855 0.0017146 0.0237269 0.0594032 0.0488661 0.0257326 0.0258754 0.1125445 0.0442705 
260512_Pybus_Point             0.0238159 0.0000000 0.0297176 0.0257326 0.0238159 0.0238597 0.0178783 2.3390495 0.0178783 0.0219116 0.0069452 0.0300948 0.0255393 0.0087382 0.0087842 0.0815335 0.0215905 
261935_Kenai_River             0.0087083 0.0297176 0.0000000 0.0034511 0.0087083 0.0034572 0.0420272 3.4181157 0.0420272 0.0069452 0.0296031 0.0698774 0.0555510 0.0277677 0.0279229 0.1105777 0.0465498 
353213_Cropley_Lake            0.0051754 0.0257326 0.0034511 0.0000000 0.0051754 0.0000010 0.0377957 3.4181157 0.0377957 0.0034389 0.0256356 0.0626994 0.0509984 0.0276616 0.0278156 0.1048118 0.0422010 
353219_Peterson_Creek          0.0000010 0.0238159 0.0087083 0.0051754 0.0000000 0.0034456 0.0357855 3.5130385 0.0357855 0.0017146 0.0237269 0.0594032 0.0488661 0.0257326 0.0258754 0.1125445 0.0442705 
353246_Cottonwood_Creek        0.0034456 0.0238597 0.0034572 0.0000010 0.0034456 0.0000000 0.0358532 3.4512216 0.0358532 0.0017175 0.0237703 0.0595808 0.0489622 0.0257800 0.0259234 0.1050419 0.0402222 
353379_Skagit_River            0.0357855 0.0178783 0.0420272 0.0377957 0.0357855 0.0358532 0.0000000 2.5927106 0.0000010 0.0337884 0.0178142 0.0051613 0.0335235 0.0197286 0.0198354 0.0908668 0.0293769 
353381_Dungeness_River         3.5130385 2.3390495 3.4181157 3.4181157 3.5130385 3.4512216 2.5927106 0.0000000 2.5927106 3.4181157 2.6743048 8.9999986 2.7645351 2.6721059 2.7507757 3.1212400 2.8439986 
353401_Peace_River             0.0357855 0.0178783 0.0420272 0.0377957 0.0357855 0.0358532 0.0000010 2.5927106 0.0000000 0.0337884 0.0178142 0.0051613 0.0335235 0.0197286 0.0198354 0.0908668 0.0293769 
353407_Noatok                  0.0017146 0.0219116 0.0069452 0.0034389 0.0017146 0.0017175 0.0337884 3.4181157 0.0337884 0.0000000 0.0218304 0.0561388 0.0467478 0.0238159 0.0239476 0.1099522 0.0422010 
353410_Horizon_Lake            0.0237269 0.0069452 0.0296031 0.0256356 0.0237269 0.0237703 0.0178142 2.6743048 0.0178142 0.0218304 0.0000000 0.0299243 0.0294895 0.0087083 0.0087532 0.0866026 0.0254438 
92319_Little_Lost              0.0594032 0.0300948 0.0698774 0.0626994 0.0594032 0.0595808 0.0051613 8.9999986 0.0051613 0.0561388 0.0299243 0.0000000 0.0554060 0.0329886 0.0332630 0.1551498 0.0484604 
GCA016432855_Lake_Trout        0.0488661 0.0255393 0.0555510 0.0509984 0.0488661 0.0489622 0.0335235 2.7645351 0.0335235 0.0467478 0.0294895 0.0554060 0.0000000 0.0315570 0.0317339 0.0966013 0.0069688 
GCA036784925_Maine_S_alpinus   0.0257326 0.0087382 0.0277677 0.0276616 0.0257326 0.0257800 0.0197286 2.6721059 0.0197286 0.0238159 0.0087083 0.0329886 0.0315570 0.0000000 0.0000010 0.0894069 0.0274521 
GCA045679555_Iceland_A_alpinus 0.0258754 0.0087842 0.0279229 0.0278156 0.0258754 0.0259234 0.0198354 2.7507757 0.0198354 0.0239476 0.0087532 0.0332630 0.0317339 0.0000010 0.0000000 0.0899675 0.0276037 
GCF013265735_Rainbow_Trout     0.1125445 0.0815335 0.1105777 0.1048118 0.1125445 0.1050419 0.0908668 3.1212400 0.0908668 0.1099522 0.0866026 0.1551498 0.0966013 0.0894069 0.0899675 0.0000000 0.0861742 
GCF029448725_Brook_Trout       0.0442705 0.0215905 0.0465498 0.0422010 0.0442705 0.0402222 0.0293769 2.8439986 0.0293769 0.0422010 0.0254438 0.0484604 0.0069688 0.0274521 0.0276037 0.0861742 0.0000000 
