17
251140_Ward_Creek              0.0000000 0.0000010 0.0881064 0.0000010 0.0000010 0.0137041 0.1159971 0.0000010 0.1159971 0.0879601 0.0605493 0.1428718 0.1125498 0.0360732 0.0731031 2.0016893 0.1308042 
260512_Pybus_Point             0.0000010 0.0000000 0.0881064 0.0000010 0.0000010 0.0137041 0.1376802 0.0000010 0.1376802 0.0879601 0.0710721 0.1772250 0.1328521 0.0422910 0.0858950 2.3114016 0.1557120 
261935_Kenai_River             0.0881064 0.0881064 0.0000000 0.0881064 0.0881064 0.1035541 0.1747623 0.1644031 0.1747623 0.0280392 0.0722344 0.2019997 0.1710651 0.0728785 0.0573701 2.6793749 0.1953820 
353213_Cropley_Lake            0.0000010 0.0000010 0.0881064 0.0000000 0.0000010 0.0137041 0.1159971 0.0000010 0.1159971 0.0879601 0.0605493 0.1428718 0.1125498 0.0360732 0.0731031 2.0016893 0.1308042 
353219_Peterson_Creek          0.0000010 0.0000010 0.0881064 0.0000010 0.0000000 0.0137041 0.1376802 0.0000010 0.1376802 0.0879601 0.0710721 0.1772250 0.1328521 0.0422910 0.0858950 2.3114016 0.1557120 
353220_Fish_Creek              0.0137041 0.0137041 0.1035541 0.0137041 0.0137041 0.0000000 0.1541107 0.0247753 0.1541107 0.1033809 0.0858950 0.1987383 0.1486715 0.0567880 0.1009221 2.3114016 0.1725832 
353379_Skagit_River            0.1159971 0.1376802 0.1747623 0.1159971 0.1376802 0.1541107 0.0000000 0.2284096 0.0000010 0.1405048 0.1032927 0.0000010 0.0000010 0.1024567 0.1169635 1.9224160 0.0377276 
353381_Dungeness_River         0.0000010 0.0000010 0.1644031 0.0000010 0.0000010 0.0247753 0.2284096 0.0000000 0.2284096 0.1638943 0.1324205 0.3873137 0.2199421 0.0762115 0.1609377 3.4330886 0.2657948 
353401_Peace_River             0.1159971 0.1376802 0.1747623 0.1159971 0.1376802 0.1541107 0.0000010 0.2284096 0.0000000 0.1405048 0.1032927 0.0000010 0.0000010 0.1024567 0.1169635 1.9224160 0.0377276 
353407_Noatok                  0.0879601 0.0879601 0.0280392 0.0879601 0.0879601 0.1033809 0.1405048 0.1638943 0.1405048 0.0000000 0.0426469 0.1581344 0.1375806 0.0430093 0.0282251 2.7303332 0.1599011 
353410_Horizon_Lake            0.0605493 0.0710721 0.0722344 0.0605493 0.0710721 0.0858950 0.1032927 0.1324205 0.1032927 0.0426469 0.0000000 0.1094191 0.1002140 0.0487414 0.0117370 2.1254643 0.1179481 
92319_Little_Lost              0.1428718 0.1772250 0.2019997 0.1428718 0.1772250 0.1987383 0.0000010 0.3873137 0.0000010 0.1581344 0.1094191 0.0000000 0.0000010 0.1260236 0.1260236 2.4815060 0.0462181 
GCA016432855_Lake_Trout        0.1125498 0.1328521 0.1710651 0.1125498 0.1328521 0.1486715 0.0000010 0.2199421 0.0000010 0.1375806 0.1002140 0.0000010 0.0000000 0.1007046 0.1134560 1.8753473 0.0369384 
GCA036784925_Maine_S_alpinus   0.0360732 0.0422910 0.0728785 0.0360732 0.0422910 0.0567880 0.1024567 0.0762115 0.1024567 0.0430093 0.0487414 0.1260236 0.1007046 0.0000000 0.0363303 2.0335658 0.1174823 
GCA045679555_Iceland_A_alpinus 0.0731031 0.0858950 0.0573701 0.0731031 0.0858950 0.1009221 0.1169635 0.1609377 0.1169635 0.0282251 0.0117370 0.1260236 0.1134560 0.0363303 0.0000000 2.1428709 0.1319290 
GCF013265735_Rainbow_Trout     2.0016893 2.3114016 2.6793749 2.0016893 2.3114016 2.3114016 1.9224160 3.4330886 1.9224160 2.7303332 2.1254643 2.4815060 1.8753473 2.0335658 2.1428709 0.0000000 2.0090419 
GCF029448725_Brook_Trout       0.1308042 0.1557120 0.1953820 0.1308042 0.1557120 0.1725832 0.0377276 0.2657948 0.0377276 0.1599011 0.1179481 0.0462181 0.0369384 0.1174823 0.1319290 2.0090419 0.0000000 
