17
251140_Ward_Creek              0.0000000 0.0223450 0.3919841 0.0223450 1.8214883 0.1700970 2.7806408 0.2018421 1.8214883 1.8219102 2.7587263 0.1700970 2.9366403 2.0632929 1.8849767 2.1611690 2.6448667 
260512_Pybus_Point             0.0223450 0.0000000 0.4246173 0.0000010 1.8177646 0.1442931 2.8279605 0.1746878 1.8177646 1.8183798 2.7917030 0.1442931 2.9732388 2.0675768 1.8837471 2.1703534 2.6697914 
261935_Kenai_River             0.3919841 0.4246173 0.0000000 0.4246173 2.0946690 0.4232641 2.2672687 0.4729485 2.0665840 2.1115924 2.8094381 0.4232641 2.5442998 2.2726848 2.1732861 2.3093089 2.2734989 
353213_Cropley_Lake            0.0223450 0.0000010 0.4246173 0.0000000 1.8177646 0.1442931 2.8279605 0.1746878 1.8177646 1.8183798 2.7917030 0.1442931 2.9732388 2.0675768 1.8837471 2.1703534 2.6697914 
353246_Cottonwood_Creek        1.8214883 1.8177646 2.0946690 1.8177646 0.0000000 1.8210160 2.8724592 1.9466868 0.0563831 0.0184361 2.9113873 1.8210160 2.6934865 0.5211587 0.0587490 1.5955171 2.2861161 
353379_Skagit_River            0.1700970 0.1442931 0.4232641 0.1442931 1.8210160 0.0000000 2.7817134 0.0227820 1.8219102 1.8214813 2.7284047 0.0000010 2.9594506 2.0847294 1.8878165 2.1762677 2.6608582 
353381_Dungeness_River         2.7806408 2.8279605 2.2672687 2.8279605 2.8724592 2.7817134 0.0000000 2.9826584 2.7004481 2.7603950 1.8074272 2.7817134 0.5347237 2.8362755 3.0544383 3.9117847 0.3732557 
353401_Peace_River             0.2018421 0.1746878 0.4729485 0.1746878 1.9466868 0.0227820 2.9826584 0.0000000 1.9354679 1.9408333 2.9014679 0.0227820 3.1139882 2.1896660 2.0167940 2.3102065 2.7953159 
353407_Noatok                  1.8214883 1.8177646 2.0665840 1.8177646 0.0563831 1.8219102 2.7004481 1.9354679 0.0000000 0.0759432 2.7562407 1.8219102 2.6586740 0.6169961 0.1213938 1.6063224 2.2712199 
353410_Horizon_Lake            1.8219102 1.8183798 2.1115924 1.8183798 0.0184361 1.8214813 2.7603950 1.9408333 0.0759432 0.0000000 2.8277502 1.8214813 2.6412377 0.5532405 0.0792171 1.6052961 2.2620803 
92319_Little_Lost              2.7587263 2.7917030 2.8094381 2.7917030 2.9113873 2.7284047 1.8074272 2.9014679 2.7562407 2.8277502 0.0000000 2.7284047 2.4014969 2.9582432 3.0365681 4.0429389 2.0058202 
94280_St_Joe                   0.1700970 0.1442931 0.4232641 0.1442931 1.8210160 0.0000010 2.7817134 0.0227820 1.8219102 1.8214813 2.7284047 0.0000000 2.9594506 2.0847294 1.8878165 2.1762677 2.6608582 
GCA016432855_Lake_Trout        2.9366403 2.9732388 2.5442998 2.9732388 2.6934865 2.9594506 0.5347237 3.1139882 2.6586740 2.6412377 2.4014969 2.9594506 0.0000000 2.5494714 3.2222332 3.4591473 0.2560685 
GCA036784925_Maine_S_alpinus   2.0632929 2.0675768 2.2726848 2.0675768 0.5211587 2.0847294 2.8362755 2.1896660 0.6169961 0.5532405 2.9582432 2.0847294 2.5494714 0.0000000 0.5607047 1.5427802 3.9061926 
GCA045679555_Iceland_A_alpinus 1.8849767 1.8837471 2.1732861 1.8837471 0.0587490 1.8878165 3.0544383 2.0167940 0.1213938 0.0792171 3.0365681 1.8878165 3.2222332 0.5607047 0.0000000 1.8716449 2.6921093 
GCF013265735_Rainbow_Trout     2.1611690 2.1703534 2.3093089 2.1703534 1.5955171 2.1762677 3.9117847 2.3102065 1.6063224 1.6052961 4.0429389 2.1762677 3.4591473 1.5427802 1.8716449 0.0000000 4.0582120 
GCF029448725_Brook_Trout       2.6448667 2.6697914 2.2734989 2.6697914 2.2861161 2.6608582 0.3732557 2.7953159 2.2712199 2.2620803 2.0058202 2.6608582 0.2560685 3.9061926 2.6921093 4.0582120 0.0000000 
