18
251140_Ward_Creek            0.0000000 0.0649853 0.0988749 0.0649853 0.1598622 0.0585792 0.0205153 0.1054350 0.0986018 0.0770746 0.0673282 0.0036296 0.1539121 0.0770746 0.0091900 0.0036296 0.0924193 0.0091900 
260512_Pybus_Point           0.0649853 0.0000000 0.2197328 0.0000010 0.0504735 0.1783429 0.0057259 0.0306685 0.2437568 0.0125541 0.0053124 0.0696802 0.0212340 0.0125541 0.0773744 0.0696802 0.2303486 0.0773744 
261935_Kenai_River           0.0988749 0.2197328 0.0000000 0.2197328 0.5306305 0.0435336 0.1337148 0.3114882 0.4246082 0.2432200 0.2197328 0.0958603 2.8313052 0.2432200 0.1122104 0.0958603 0.3275550 0.1122104 
353213_Cropley_Lake          0.0649853 0.0000010 0.2197328 0.0000000 0.0504735 0.1783429 0.0057259 0.0306685 0.2437568 0.0125541 0.0053124 0.0696802 0.0212340 0.0125541 0.0773744 0.0696802 0.2303486 0.0773744 
353219_Peterson_Creek        0.1598622 0.0504735 0.5306305 0.0504735 0.0000000 0.4745208 0.0638660 0.0439549 0.1629943 0.0681969 0.0578882 0.1666146 0.0212340 0.0681969 0.1792568 0.1666146 0.1737216 0.1792568 
353220_Fish_Creek            0.0585792 0.1783429 0.0435336 0.1783429 0.4745208 0.0000000 0.0860021 0.2571533 0.3596816 0.1915838 0.1705087 0.0555956 2.4390276 0.1915838 0.0682671 0.0555956 0.2450708 0.0682671 
353246_Cottonwood_Creek      0.0205153 0.0057259 0.1337148 0.0057259 0.0638660 0.0860021 0.0000000 0.0310866 0.1522697 0.0115765 0.0000010 0.0163130 0.0206593 0.0115765 0.0270659 0.0163130 0.1415230 0.0270659 
353379_Skagit_River          0.1054350 0.0306685 0.3114882 0.0306685 0.0439549 0.2571533 0.0310866 0.0000000 0.2075090 0.0168825 0.0286764 0.1054350 0.0029440 0.0168825 0.1090938 0.1054350 0.1997831 0.1090938 
353381_Dungeness_River       0.0986018 0.2437568 0.4246082 0.2437568 0.1629943 0.3596816 0.1522697 0.2075090 0.0000000 0.2646677 0.2564514 0.1054709 0.3496582 0.2646677 0.1173155 0.1054709 0.1200670 0.1173155 
353401_Peace_River           0.0770746 0.0125541 0.2432200 0.0125541 0.0681969 0.1915838 0.0115765 0.0168825 0.2646677 0.0000000 0.0107330 0.0770746 0.0029440 0.0000010 0.0800937 0.0770746 0.2359302 0.0800937 
353407_Noatok                0.0673282 0.0053124 0.2197328 0.0053124 0.0578882 0.1705087 0.0000010 0.0286764 0.2564514 0.0107330 0.0000000 0.0626507 0.0181249 0.0107330 0.0749772 0.0626507 0.2268182 0.0749772 
353410_Horizon_Lake          0.0036296 0.0696802 0.0958603 0.0696802 0.1666146 0.0555956 0.0163130 0.1054350 0.1054709 0.0770746 0.0626507 0.0000000 0.1539121 0.0770746 0.0091900 0.0000010 0.0924193 0.0091900 
92319_Little_Lost            0.1539121 0.0212340 2.8313052 0.0212340 0.0212340 2.4390276 0.0206593 0.0029440 0.3496582 0.0029440 0.0181249 0.1539121 0.0000000 0.0029440 0.1618231 0.1539121 0.2944646 0.1618231 
94280_St_Joe                 0.0770746 0.0125541 0.2432200 0.0125541 0.0681969 0.1915838 0.0115765 0.0168825 0.2646677 0.0000010 0.0107330 0.0770746 0.0029440 0.0000000 0.0800937 0.0770746 0.2359302 0.0800937 
GCA016432855_Lake_Trout      0.0091900 0.0773744 0.1122104 0.0773744 0.1792568 0.0682671 0.0270659 0.1090938 0.1173155 0.0800937 0.0749772 0.0091900 0.1618231 0.0800937 0.0000000 0.0091900 0.0963642 0.0073324 
GCA036784925_Maine_S_alpinus 0.0036296 0.0696802 0.0958603 0.0696802 0.1666146 0.0555956 0.0163130 0.1054350 0.1054709 0.0770746 0.0626507 0.0000010 0.1539121 0.0770746 0.0091900 0.0000000 0.0924193 0.0091900 
GCF013265735_Rainbow_Trout   0.0924193 0.2303486 0.3275550 0.2303486 0.1737216 0.2450708 0.1415230 0.1997831 0.1200670 0.2359302 0.2268182 0.0924193 0.2944646 0.2359302 0.0963642 0.0924193 0.0000000 0.0963642 
GCF029448725_Brook_Trout     0.0091900 0.0773744 0.1122104 0.0773744 0.1792568 0.0682671 0.0270659 0.1090938 0.1173155 0.0800937 0.0749772 0.0091900 0.1618231 0.0800937 0.0073324 0.0091900 0.0963642 0.0000000 
