15
251140_Ward_Creek            0.0000000 0.0027815 0.0027815 0.0055775 0.0492167 0.0359246 0.0521879 0.0553105 0.0183475 0.0521879 0.0673524 0.0553105 0.1730126 0.0168266 0.0521879 
260512_Pybus_Point           0.0027815 0.0000000 0.0000010 0.0027849 0.0462542 0.0313636 0.0492167 0.0523226 0.0121945 0.0492167 0.0643285 0.0523226 0.1694560 0.0140026 0.0492167 
261935_Kenai_River           0.0027815 0.0000010 0.0000000 0.0027849 0.0462542 0.0313636 0.0492167 0.0523226 0.0121945 0.0492167 0.0643285 0.0523226 0.1694560 0.0140026 0.0492167 
353220_Fish_Creek            0.0055775 0.0027849 0.0027849 0.0000000 0.0492800 0.0359962 0.0522552 0.0553821 0.0183972 0.0522552 0.0674403 0.0553821 0.1732685 0.0168475 0.0522552 
353379_Skagit_River          0.0492167 0.0462542 0.0462542 0.0492800 0.0000000 0.0219228 0.0027815 0.0055843 0.0621977 0.0027815 0.0168475 0.0055843 0.2152666 0.0492800 0.0027815 
353381_Dungeness_River       0.0359246 0.0313636 0.0313636 0.0359962 0.0219228 0.0000000 0.0263650 0.0309473 0.0724107 0.0263650 0.0353088 0.0309473 0.3217348 0.0498335 0.0263650 
353401_Peace_River           0.0521879 0.0492167 0.0492167 0.0522552 0.0027815 0.0263650 0.0000000 0.0083880 0.0686341 0.0055706 0.0196829 0.0083880 0.2190254 0.0522552 0.0055706 
353410_Horizon_Lake          0.0553105 0.0523226 0.0523226 0.0553821 0.0055843 0.0309473 0.0083880 0.0000000 0.0755327 0.0083880 0.0225826 0.0000010 0.2234875 0.0553821 0.0083880 
92319_Little_Lost            0.0183475 0.0121945 0.0121945 0.0183972 0.0621977 0.0724107 0.0686341 0.0755327 0.0000000 0.0621977 0.0818605 0.0755327 0.3833662 0.0121945 0.0621977 
94280_St_Joe                 0.0521879 0.0492167 0.0492167 0.0522552 0.0027815 0.0263650 0.0055706 0.0083880 0.0621977 0.0000000 0.0196829 0.0083880 0.2190254 0.0522552 0.0000010 
GCA016432855_Lake_Trout      0.0673524 0.0643285 0.0643285 0.0674403 0.0168475 0.0353088 0.0196829 0.0225826 0.0818605 0.0196829 0.0000000 0.0225826 0.2387753 0.0674403 0.0196829 
GCA036784925_Maine_S_alpinus 0.0553105 0.0523226 0.0523226 0.0553821 0.0055843 0.0309473 0.0083880 0.0000010 0.0755327 0.0083880 0.0225826 0.0000000 0.2234875 0.0553821 0.0083880 
GCF013265735_Rainbow_Trout   0.1730126 0.1694560 0.1694560 0.1732685 0.2152666 0.3217348 0.2190254 0.2234875 0.3833662 0.2190254 0.2387753 0.2234875 0.0000000 0.1697068 0.2190254 
GCF029448725_Brook_Trout     0.0168266 0.0140026 0.0140026 0.0168475 0.0492800 0.0498335 0.0522552 0.0553821 0.0121945 0.0522552 0.0674403 0.0553821 0.1697068 0.0000000 0.0522552 
Methow_River_99895           0.0521879 0.0492167 0.0492167 0.0522552 0.0027815 0.0263650 0.0055706 0.0083880 0.0621977 0.0000010 0.0196829 0.0083880 0.2190254 0.0522552 0.0000000 
