12
251140_Ward_Creek            0.0000000 0.0000010 0.0497221 0.0000010 0.0497221 0.0332013 0.0162745 0.0497221 0.1046465 0.0162745 0.7748669 0.1838278 
260512_Pybus_Point           0.0000010 0.0000000 0.0497221 0.0000010 0.0497221 0.0332013 0.0162745 0.0497221 0.1046465 0.0162745 0.7748669 0.1838278 
353379_Skagit_River          0.0497221 0.0497221 0.0000000 0.0129680 0.0039092 0.0189051 0.0125082 0.0039092 0.0189828 0.0125082 0.2171727 0.0517476 
353381_Dungeness_River       0.0000010 0.0000010 0.0129680 0.0000000 0.0173811 0.0147879 0.0073288 0.0173811 0.0376164 0.0073288 0.2937124 0.0772399 
353401_Peace_River           0.0497221 0.0497221 0.0039092 0.0173811 0.0000000 0.0189051 0.0125082 0.0000010 0.0189828 0.0125082 0.2171727 0.0517476 
353407_Noatok                0.0332013 0.0332013 0.0189051 0.0147879 0.0189051 0.0000000 0.0062579 0.0189051 0.0378039 0.0062579 0.2378434 0.0708503 
353410_Horizon_Lake          0.0162745 0.0162745 0.0125082 0.0073288 0.0125082 0.0062579 0.0000000 0.0125082 0.0318627 0.0000010 0.2335760 0.0651573 
92319_Little_Lost            0.0497221 0.0497221 0.0039092 0.0173811 0.0000010 0.0189051 0.0125082 0.0000000 0.0189828 0.0125082 0.2171727 0.0517476 
GCA016432855_Lake_Trout      0.1046465 0.1046465 0.0189828 0.0376164 0.0189828 0.0378039 0.0318627 0.0189828 0.0000000 0.0318627 0.2205190 0.0573120 
GCA036784925_Maine_S_alpinus 0.0162745 0.0162745 0.0125082 0.0073288 0.0125082 0.0062579 0.0000010 0.0125082 0.0318627 0.0000000 0.2335760 0.0651573 
GCF013265735_Rainbow_Trout   0.7748669 0.7748669 0.2171727 0.2937124 0.2171727 0.2378434 0.2335760 0.2171727 0.2205190 0.2335760 0.0000000 0.2627039 
GCF029448725_Brook_Trout     0.1838278 0.1838278 0.0517476 0.0772399 0.0517476 0.0708503 0.0651573 0.0517476 0.0573120 0.0651573 0.2627039 0.0000000 
