14
251140_Ward_Creek              0.0000000 0.0000010 7.5678558 0.0075900 0.0114015 0.0114330 0.0230212 0.0114015 0.0152337 0.0114100 0.0230212 0.0268981 0.1314983 0.0347932 
260512_Pybus_Point             0.0000010 0.0000000 7.5678558 0.0075900 0.0114015 0.0114330 0.0230212 0.0114015 0.0152337 0.0114100 0.0230212 0.0268981 0.1314983 0.0347932 
261935_Kenai_River             7.5678558 7.5678558 0.0000000 6.3359701 0.8008241 0.7929929 0.8120521 0.8008241 0.8070970 0.7957754 0.8120521 0.8173313 9.0000000 9.0000000 
353379_Skagit_River            0.0075900 0.0075900 6.3359701 0.0000000 0.0037791 0.0114100 0.0229746 0.0037791 0.0075738 0.0113871 0.0229746 0.0268434 0.1311989 0.0347219 
353401_Peace_River             0.0114015 0.0114015 0.8008241 0.0037791 0.0000000 0.0133792 0.0201486 0.0000010 0.0022140 0.0111219 0.0201486 0.0224068 0.1355206 0.0386375 
353407_Noatok                  0.0114330 0.0114330 0.7929929 0.0114100 0.0133792 0.0000000 0.0156651 0.0133792 0.0156280 0.0111422 0.0156651 0.0179193 0.1359480 0.0387468 
353410_Horizon_Lake            0.0230212 0.0230212 0.8120521 0.0229746 0.0201486 0.0156651 0.0000000 0.0201486 0.0224151 0.0133941 0.0000010 0.0022147 0.1449859 0.0427534 
92319_Little_Lost              0.0114015 0.0114015 0.8008241 0.0037791 0.0000010 0.0133792 0.0201486 0.0000000 0.0022140 0.0111219 0.0201486 0.0224068 0.1355206 0.0386375 
94280_St_Joe                   0.0152337 0.0152337 0.8070970 0.0075738 0.0022140 0.0156280 0.0224151 0.0022140 0.0000000 0.0133625 0.0224151 0.0246780 0.1399638 0.0425924 
GCA016432855_Lake_Trout        0.0114100 0.0114100 0.7957754 0.0113871 0.0111219 0.0111422 0.0133941 0.0111219 0.0133625 0.0000000 0.0133941 0.0156397 0.1268912 0.0308179 
GCA036784925_Maine_S_alpinus   0.0230212 0.0230212 0.8120521 0.0229746 0.0201486 0.0156651 0.0000010 0.0201486 0.0224151 0.0133941 0.0000000 0.0022147 0.1449859 0.0427534 
GCA045679555_Iceland_A_alpinus 0.0268981 0.0268981 0.8173313 0.0268434 0.0224068 0.0179193 0.0022147 0.0224068 0.0246780 0.0156397 0.0022147 0.0000000 0.1493769 0.0467107 
GCF013265735_Rainbow_Trout     0.1314983 0.1314983 9.0000000 0.1311989 0.1355206 0.1359480 0.1449859 0.1355206 0.1399638 0.1268912 0.1449859 0.1493769 0.0000000 0.1632684 
GCF029448725_Brook_Trout       0.0347932 0.0347932 9.0000000 0.0347219 0.0386375 0.0387468 0.0427534 0.0386375 0.0425924 0.0308179 0.0427534 0.0467107 0.1632684 0.0000000 
