10
251140_Ward_Creek            0.0000000 0.0000010 0.0515840 0.0515840 0.1652348 0.1065511 0.1652348 0.1065511 0.8795710 0.3266744 
260512_Pybus_Point           0.0000010 0.0000000 0.0515840 0.0515840 0.1652348 0.1065511 0.1652348 0.1065511 0.8795710 0.3266744 
353379_Skagit_River          0.0515840 0.0515840 0.0000000 0.0000010 0.1065511 0.0515840 0.1065511 0.0515840 0.7561087 0.2507100 
353401_Peace_River           0.0515840 0.0515840 0.0000010 0.0000000 0.1065511 0.0515840 0.1065511 0.0515840 0.7561087 0.2507100 
353407_Noatok                0.1652348 0.1652348 0.1065511 0.1065511 0.0000000 0.1652348 0.2279812 0.1652348 1.0076800 0.4091451 
353410_Horizon_Lake          0.1065511 0.1065511 0.0515840 0.0515840 0.1652348 0.0000000 0.1652348 0.1065511 0.8795710 0.3266744 
GCA016432855_Lake_Trout      0.1652348 0.1652348 0.1065511 0.1065511 0.2279812 0.1652348 0.0000000 0.1652348 1.0076800 0.4091451 
GCA036784925_Maine_S_alpinus 0.1065511 0.1065511 0.0515840 0.0515840 0.1652348 0.1065511 0.1652348 0.0000000 0.8795710 0.3266744 
GCF013265735_Rainbow_Trout   0.8795710 0.8795710 0.7561087 0.7561087 1.0076800 0.8795710 1.0076800 0.8795710 0.0000000 1.6061534 
GCF029448725_Brook_Trout     0.3266744 0.3266744 0.2507100 0.2507100 0.4091451 0.3266744 0.4091451 0.3266744 1.6061534 0.0000000 
