19
251140_Ward_Creek            0.0000000 0.0000010 0.0031198 0.0024478 0.0029194 0.0000010 0.0049108 0.0098834 0.1412661 0.0073887 0.1759266 0.0124679 0.0914042 0.0073887 0.0098834 0.0124679 0.1851078 0.0226601 0.0914042 
260512_Pybus_Point           0.0000010 0.0000000 0.0031198 0.0024478 0.0029194 0.0000010 0.0049108 0.0098834 0.1412661 0.0073887 0.1759266 0.0124679 0.0914042 0.0073887 0.0098834 0.0124679 0.1851078 0.0226601 0.0914042 
261935_Kenai_River           0.0031198 0.0031198 0.0000000 0.0031198 0.0000010 0.0031198 0.0031198 0.0126295 0.2688871 0.0094344 0.2341108 0.0159734 0.1443946 0.0094344 0.0126295 0.0159734 0.2552507 0.0291090 0.1443946 
353213_Cropley_Lake          0.0024478 0.0024478 0.0031198 0.0000000 0.0029194 0.0000010 0.0023544 0.0071057 0.1482967 0.0047230 0.1760508 0.0095577 0.0812976 0.0047230 0.0071057 0.0095577 0.1717650 0.0192930 0.0812976 
353219_Peterson_Creek        0.0029194 0.0029194 0.0000010 0.0029194 0.0000000 0.0029194 0.0029194 0.0118089 0.2247532 0.0088237 0.2201563 0.0149238 0.1261014 0.0088237 0.0118089 0.0149238 0.2315422 0.0271758 0.1261014 
353220_Fish_Creek            0.0000010 0.0000010 0.0031198 0.0000010 0.0029194 0.0000000 0.0000010 0.0087925 0.2125622 0.0058400 0.2117832 0.0118513 0.1185886 0.0058400 0.0087925 0.0118513 0.2248158 0.0239761 0.1185886 
353246_Cottonwood_Creek      0.0049108 0.0049108 0.0031198 0.0023544 0.0029194 0.0000010 0.0000000 0.0088705 0.1730257 0.0066339 0.1825008 0.0111791 0.0890691 0.0066339 0.0088705 0.0111791 0.1722260 0.0202980 0.0890691 
353379_Skagit_River          0.0098834 0.0098834 0.0126295 0.0071057 0.0118089 0.0087925 0.0088705 0.0000000 0.1859472 0.0021988 0.1825008 0.0111791 0.0812091 0.0021988 0.0044104 0.0111791 0.1652051 0.0156979 0.0812091 
353381_Dungeness_River       0.1412661 0.1412661 0.2688871 0.1482967 0.2247532 0.2125622 0.1730257 0.1859472 0.0000000 0.1794468 2.0992099 0.1955301 0.0495611 0.1794468 0.1859472 0.1955301 0.1235791 0.2144583 0.0495611 
353401_Peace_River           0.0073887 0.0073887 0.0094344 0.0047230 0.0088237 0.0058400 0.0066339 0.0021988 0.1794468 0.0000000 0.1781546 0.0089174 0.0773302 0.0000010 0.0021988 0.0089174 0.1617298 0.0134173 0.0773302 
353407_Noatok                0.1759266 0.1759266 0.2341108 0.1760508 0.2201563 0.2117832 0.1825008 0.1825008 2.0992099 0.1781546 0.0000000 0.1888105 0.5908390 0.1781546 0.1825008 0.1888105 0.6132541 0.2058464 0.5908390 
353410_Horizon_Lake          0.0124679 0.0124679 0.0159734 0.0095577 0.0149238 0.0118513 0.0111791 0.0111791 0.1955301 0.0089174 0.1888105 0.0000000 0.0939404 0.0089174 0.0111791 0.0000010 0.1772404 0.0227436 0.0939404 
92319_Little_Lost            0.0914042 0.0914042 0.1443946 0.0812976 0.1261014 0.1185886 0.0890691 0.0812091 0.0495611 0.0773302 0.5908390 0.0939404 0.0000000 0.0773302 0.0812091 0.0939404 0.1435085 0.0975329 0.0000010 
94280_St_Joe                 0.0073887 0.0073887 0.0094344 0.0047230 0.0088237 0.0058400 0.0066339 0.0021988 0.1794468 0.0000010 0.1781546 0.0089174 0.0773302 0.0000000 0.0021988 0.0089174 0.1617298 0.0134173 0.0773302 
GCA016432855_Lake_Trout      0.0098834 0.0098834 0.0126295 0.0071057 0.0118089 0.0087925 0.0088705 0.0044104 0.1859472 0.0021988 0.1825008 0.0111791 0.0812091 0.0021988 0.0000000 0.0111791 0.1582776 0.0104503 0.0812091 
GCA036784925_Maine_S_alpinus 0.0124679 0.0124679 0.0159734 0.0095577 0.0149238 0.0118513 0.0111791 0.0111791 0.1955301 0.0089174 0.1888105 0.0000010 0.0939404 0.0089174 0.0111791 0.0000000 0.1772404 0.0227436 0.0939404 
GCF013265735_Rainbow_Trout   0.1851078 0.1851078 0.2552507 0.1717650 0.2315422 0.2248158 0.1722260 0.1652051 0.1235791 0.1617298 0.6132541 0.1772404 0.1435085 0.1617298 0.1582776 0.1772404 0.0000000 0.1765027 0.1435085 
GCF029448725_Brook_Trout     0.0226601 0.0226601 0.0291090 0.0192930 0.0271758 0.0239761 0.0202980 0.0156979 0.2144583 0.0134173 0.2058464 0.0227436 0.0975329 0.0134173 0.0104503 0.0227436 0.1765027 0.0000000 0.0975329 
Methow_River_99895           0.0914042 0.0914042 0.1443946 0.0812976 0.1261014 0.1185886 0.0890691 0.0812091 0.0495611 0.0773302 0.5908390 0.0939404 0.0000010 0.0773302 0.0812091 0.0939404 0.1435085 0.0975329 0.0000000 
