13
251140_Ward_Creek          0.0000000 0.0000010 0.0117584 0.1366990 0.4674435 0.1956210 0.1558140 0.1366990 0.2149885 0.1956210 0.1968491 0.4018739 0.1293343 
260512_Pybus_Point         0.0000010 0.0000000 0.0117584 0.1366990 0.4674435 0.1956210 0.1558140 0.1366990 0.2149885 0.1956210 0.1968491 0.4018739 0.1293343 
261935_Kenai_River         0.0117584 0.0117584 0.0000000 0.1188063 0.4183612 0.1765969 0.1375559 0.1188063 0.1957003 0.1765969 0.1776875 0.3841424 0.1124511 
353246_Cottonwood_Creek    0.1366990 0.1366990 0.1188063 0.0000000 0.1009710 0.0480839 0.0156497 0.0000010 0.0645472 0.0480839 0.0483345 0.8423207 0.1391272 
353379_Skagit_River        0.4674435 0.4674435 0.4183612 0.1009710 0.0000000 0.0000010 0.0663850 0.1009710 0.0313235 0.0000010 0.1414520 1.6621704 0.3820633 
353401_Peace_River         0.1956210 0.1956210 0.1765969 0.0480839 0.0000010 0.0000000 0.0318395 0.0480839 0.0154783 0.0000010 0.0656005 0.8975387 0.1596235 
353407_Noatok              0.1558140 0.1558140 0.1375559 0.0156497 0.0663850 0.0318395 0.0000000 0.0156497 0.0480839 0.0318395 0.0320027 0.8092075 0.1208297 
353410_Horizon_Lake        0.1366990 0.1366990 0.1188063 0.0000010 0.1009710 0.0480839 0.0156497 0.0000000 0.0645472 0.0480839 0.0483345 0.8423207 0.1391272 
92319_Little_Lost          0.2149885 0.2149885 0.1957003 0.0645472 0.0313235 0.0154783 0.0480839 0.0645472 0.0000000 0.0154783 0.0825768 0.9321463 0.1787184 
94280_St_Joe               0.1956210 0.1956210 0.1765969 0.0480839 0.0000010 0.0000010 0.0318395 0.0480839 0.0154783 0.0000000 0.0656005 0.8975387 0.1596235 
GCA016432855_Lake_Trout    0.1968491 0.1968491 0.1776875 0.0483345 0.1414520 0.0656005 0.0320027 0.0483345 0.0825768 0.0656005 0.0000000 0.9076926 0.1194109 
GCF013265735_Rainbow_Trout 0.4018739 0.4018739 0.3841424 0.8423207 1.6621704 0.8975387 0.8092075 0.8423207 0.9321463 0.8975387 0.9076926 0.0000000 0.7041374 
GCF029448725_Brook_Trout   0.1293343 0.1293343 0.1124511 0.1391272 0.3820633 0.1596235 0.1208297 0.1391272 0.1787184 0.1596235 0.1194109 0.7041374 0.0000000 
