17
251140_Ward_Creek              0.0000000 0.0096443 0.0099438 0.0048120 0.0048120 0.0096558 0.0145998 0.0000010 0.0145998 0.0096674 0.0099438 0.0245530 0.0244217 0.0048177 0.0048177 0.2086035 0.0565250 
260512_Pybus_Point             0.0096443 0.0000000 0.0199744 0.0048025 0.0048025 0.0096366 0.0244375 0.0404930 0.0244375 0.0194170 0.0199744 0.0345230 0.0343371 0.0145144 0.0145144 0.2228594 0.0671011 
261935_Kenai_River             0.0099438 0.0199744 0.0000000 0.0149482 0.0149482 0.0099357 0.0150264 0.0463722 0.0150264 0.0000010 0.0000010 0.0252768 0.0251377 0.0049571 0.0049571 0.1965912 0.0565500 
353213_Cropley_Lake            0.0048120 0.0048025 0.0149482 0.0000000 0.0000010 0.0048082 0.0195081 0.0200458 0.0195081 0.0145319 0.0149482 0.0295273 0.0293688 0.0096558 0.0096558 0.2157132 0.0618014 
353219_Peterson_Creek          0.0048120 0.0048025 0.0149482 0.0000010 0.0000000 0.0048082 0.0195081 0.0200458 0.0195081 0.0145319 0.0149482 0.0295273 0.0293688 0.0096558 0.0096558 0.2157132 0.0618014 
353246_Cottonwood_Creek        0.0096558 0.0096366 0.0099357 0.0048082 0.0048082 0.0000000 0.0145881 0.0407007 0.0145881 0.0096597 0.0099357 0.0245330 0.0244020 0.0048139 0.0048139 0.2083650 0.0564764 
353379_Skagit_River            0.0145998 0.0244375 0.0150264 0.0195081 0.0195081 0.0145881 0.0000000 0.0407007 0.0000010 0.0146057 0.0150264 0.0096813 0.0295207 0.0097046 0.0097046 0.2173442 0.0621428 
353381_Dungeness_River         0.0000010 0.0404930 0.0463722 0.0200458 0.0200458 0.0407007 0.0407007 0.0000000 0.0407007 0.0409106 0.0463722 0.0847985 0.0845725 0.0201466 0.0201466 1.3915427 0.2364149 
353401_Peace_River             0.0145998 0.0244375 0.0150264 0.0195081 0.0195081 0.0145881 0.0000010 0.0407007 0.0000000 0.0146057 0.0150264 0.0096813 0.0295207 0.0097046 0.0097046 0.2173442 0.0621428 
353407_Noatok                  0.0096674 0.0194170 0.0000010 0.0145319 0.0145319 0.0096597 0.0146057 0.0409106 0.0146057 0.0000000 0.0000010 0.0245631 0.0244317 0.0048196 0.0048196 0.2087308 0.0565500 
353410_Horizon_Lake            0.0099438 0.0199744 0.0000010 0.0149482 0.0149482 0.0099357 0.0150264 0.0463722 0.0150264 0.0000010 0.0000000 0.0252768 0.0251377 0.0049571 0.0049571 0.1965912 0.0565500 
94280_St_Joe                   0.0245530 0.0345230 0.0252768 0.0295273 0.0295273 0.0245330 0.0096813 0.0847985 0.0096813 0.0245631 0.0252768 0.0000000 0.0397215 0.0195841 0.0195841 0.2334128 0.0732010 
GCA016432855_Lake_Trout        0.0244217 0.0343371 0.0251377 0.0293688 0.0293688 0.0244020 0.0295207 0.0845725 0.0295207 0.0244317 0.0251377 0.0397215 0.0000000 0.0194799 0.0194799 0.2016525 0.0407647 
GCA036784925_Maine_S_alpinus   0.0048177 0.0145144 0.0049571 0.0096558 0.0096558 0.0048139 0.0097046 0.0201466 0.0097046 0.0048196 0.0049571 0.0195841 0.0194799 0.0000000 0.0000010 0.2013009 0.0512279 
GCA045679555_Iceland_A_alpinus 0.0048177 0.0145144 0.0049571 0.0096558 0.0096558 0.0048139 0.0097046 0.0201466 0.0097046 0.0048196 0.0049571 0.0195841 0.0194799 0.0000010 0.0000000 0.2013009 0.0512279 
GCF013265735_Rainbow_Trout     0.2086035 0.2228594 0.1965912 0.2157132 0.2157132 0.2083650 0.2173442 1.3915427 0.2173442 0.2087308 0.1965912 0.2334128 0.2016525 0.2013009 0.2013009 0.0000000 0.2201451 
GCF029448725_Brook_Trout       0.0565250 0.0671011 0.0565500 0.0618014 0.0618014 0.0564764 0.0621428 0.2364149 0.0621428 0.0565500 0.0565500 0.0732010 0.0407647 0.0512279 0.0512279 0.2201451 0.0000000 
