19
251140_Ward_Creek              0.0000000 0.0058016 0.0082631 0.0016302 0.0049168 0.0049168 0.0016302 0.0261810 0.0020646 0.0261810 0.0428980 0.0529781 0.0282856 0.0285609 0.0362824 0.0065928 0.0551666 0.3121307 0.0363851 
260512_Pybus_Point             0.0058016 0.0000000 0.0117552 0.0077596 0.0038556 0.0000010 0.0077596 0.0244865 0.0103496 0.0244865 0.0454492 0.0566347 0.0270421 0.0271100 0.0368989 0.0019280 0.0592795 0.4245953 0.0369006 
261935_Kenai_River             0.0082631 0.0117552 0.0000000 0.0099435 0.0099435 0.0099435 0.0099435 0.0198706 0.0104635 0.0198706 0.0295381 0.0591892 0.0219281 0.0210835 0.0285609 0.0116673 0.0614486 0.2920344 0.0299142 
353213_Cropley_Lake            0.0016302 0.0077596 0.0099435 0.0000000 0.0065732 0.0065732 0.0000010 0.0282856 0.0000010 0.0282856 0.0456050 0.0549641 0.0265805 0.0265552 0.0388515 0.0072881 0.0571724 0.3165234 0.0385310 
353219_Peterson_Creek          0.0049168 0.0038556 0.0099435 0.0065732 0.0000000 0.0032692 0.0065732 0.0240887 0.0083421 0.0240887 0.0402124 0.0510031 0.0261810 0.0260808 0.0337326 0.0049313 0.0531720 0.3121307 0.0342526 
353220_Fish_Creek              0.0049168 0.0000010 0.0099435 0.0065732 0.0032692 0.0000000 0.0065732 0.0199440 0.0083421 0.0199440 0.0349033 0.0470856 0.0220098 0.0211757 0.0286901 0.0016350 0.0492158 0.3034006 0.0300277 
353246_Cottonwood_Creek        0.0016302 0.0077596 0.0099435 0.0000010 0.0065732 0.0065732 0.0000000 0.0282856 0.0000010 0.0282856 0.0456050 0.0549641 0.0304052 0.0310603 0.0388515 0.0082631 0.0571724 0.3165234 0.0385310 
353379_Skagit_River            0.0261810 0.0244865 0.0198706 0.0282856 0.0240887 0.0199440 0.0282856 0.0000000 0.0293693 0.0000010 0.0322796 0.0763378 0.0019107 0.0000010 0.0212688 0.0178261 0.0792333 0.3450413 0.0162743 
353381_Dungeness_River         0.0020646 0.0103496 0.0104635 0.0000010 0.0083421 0.0083421 0.0000010 0.0293693 0.0000000 0.0293693 0.0546628 0.0689866 0.0321755 0.0335384 0.0406759 0.0083421 0.0719857 0.4758272 0.0368621 
353401_Peace_River             0.0261810 0.0244865 0.0198706 0.0282856 0.0240887 0.0199440 0.0282856 0.0000010 0.0293693 0.0000000 0.0322796 0.0763378 0.0019107 0.0000010 0.0212688 0.0178261 0.0792333 0.3450413 0.0162743 
353407_Noatok                  0.0428980 0.0454492 0.0295381 0.0456050 0.0402124 0.0349033 0.0456050 0.0322796 0.0546628 0.0322796 0.0000000 0.1101775 0.0349033 0.0322796 0.0404096 0.0321276 0.1143172 0.6490333 0.0404096 
353410_Horizon_Lake            0.0529781 0.0566347 0.0591892 0.0549641 0.0510031 0.0470856 0.0549641 0.0763378 0.0689866 0.0763378 0.1101775 0.0000000 0.0788570 0.0894637 0.0994133 0.0449839 0.0032627 0.4464527 0.0879478 
92319_Little_Lost              0.0282856 0.0270421 0.0219281 0.0265805 0.0261810 0.0220098 0.0304052 0.0019107 0.0321755 0.0019107 0.0349033 0.0788570 0.0000000 0.0019217 0.0237238 0.0190761 0.0817839 0.3507012 0.0186699 
94280_St_Joe                   0.0285609 0.0271100 0.0210835 0.0265552 0.0260808 0.0211757 0.0310603 0.0000010 0.0335384 0.0000010 0.0322796 0.0894637 0.0019217 0.0000000 0.0212688 0.0179324 0.0931073 0.4787672 0.0162743 
GCA016432855_Lake_Trout        0.0362824 0.0368989 0.0285609 0.0388515 0.0337326 0.0286901 0.0388515 0.0212688 0.0406759 0.0212688 0.0404096 0.0994133 0.0237238 0.0212688 0.0000000 0.0260808 0.1032339 0.4006878 0.0211757 
GCA036784925_Maine_S_alpinus   0.0065928 0.0019280 0.0116673 0.0072881 0.0049313 0.0016350 0.0082631 0.0178261 0.0083421 0.0178261 0.0321276 0.0449839 0.0190761 0.0179324 0.0260808 0.0000000 0.0470856 0.2963007 0.0278304 
GCA045679555_Iceland_A_alpinus 0.0551666 0.0592795 0.0614486 0.0571724 0.0531720 0.0492158 0.0571724 0.0792333 0.0719857 0.0792333 0.1143172 0.0032627 0.0817839 0.0931073 0.1032339 0.0470856 0.0000000 0.4574617 0.0909587 
GCF013265735_Rainbow_Trout     0.3121307 0.4245953 0.2920344 0.3165234 0.3121307 0.3034006 0.3165234 0.3450413 0.4758272 0.3450413 0.6490333 0.4464527 0.3507012 0.4787672 0.4006878 0.2963007 0.4574617 0.0000000 0.3492461 
GCF029448725_Brook_Trout       0.0363851 0.0369006 0.0299142 0.0385310 0.0342526 0.0300277 0.0385310 0.0162743 0.0368621 0.0162743 0.0404096 0.0879478 0.0186699 0.0162743 0.0211757 0.0278304 0.0909587 0.3492461 0.0000000 
