9
251140_Ward_Creek          0.0000000 0.0000010 0.0085961 0.0260896 0.0000010 0.0260896 0.0085961 0.0623503 0.0349918 
260512_Pybus_Point         0.0000010 0.0000000 0.0085961 0.0260896 0.0000010 0.0260896 0.0085961 0.0623503 0.0349918 
353246_Cottonwood_Creek    0.0085961 0.0085961 0.0000000 0.0172915 0.1202570 0.0172915 0.0000010 0.0531195 0.0260896 
353379_Skagit_River        0.0260896 0.0260896 0.0172915 0.0000000 0.2635484 0.0000010 0.0172915 0.0716963 0.0440009 
353381_Dungeness_River     0.0000010 0.0000010 0.1202570 0.2635484 0.0000000 0.2635484 0.1202570 1.6479184 0.6734562 
353401_Peace_River         0.0260896 0.0260896 0.0172915 0.0000010 0.2635484 0.0000000 0.0172915 0.0716963 0.0440009 
353407_Noatok              0.0085961 0.0085961 0.0000010 0.0172915 0.1202570 0.0172915 0.0000000 0.0531195 0.0260896 
GCF013265735_Rainbow_Trout 0.0623503 0.0623503 0.0531195 0.0716963 1.6479184 0.0716963 0.0531195 0.0000000 0.0623503 
GCF029448725_Brook_Trout   0.0349918 0.0349918 0.0260896 0.0440009 0.6734562 0.0440009 0.0260896 0.0623503 0.0000000 
