17
251140_Ward_Creek              0.0000000 0.0065110 0.0132326 0.0000010 0.0000010 0.0132326 0.0369712 0.0303759 0.0369712 0.0177359 0.0891868 0.0395452 0.0223952 0.0178225 0.0154973 0.1627845 0.0413917 
260512_Pybus_Point             0.0065110 0.0000000 0.0109336 0.0065110 0.0110409 0.0109336 0.0446795 0.0531082 0.0446795 0.0200289 0.0926577 0.0473550 0.0296059 0.0249177 0.0225073 0.1720169 0.0496115 
261935_Kenai_River             0.0132326 0.0109336 0.0000000 0.0132326 0.0226983 0.0000010 0.0318730 0.0793635 0.0318730 0.0086374 0.0849920 0.0343743 0.0223555 0.0177041 0.0153949 0.1603406 0.0416253 
353213_Cropley_Lake            0.0000010 0.0065110 0.0132326 0.0000000 0.0000010 0.0132326 0.0369712 0.0303759 0.0369712 0.0177359 0.0891868 0.0395452 0.0223952 0.0178225 0.0154973 0.1627845 0.0413917 
353219_Peterson_Creek          0.0000010 0.0110409 0.0226983 0.0000010 0.0000000 0.0226983 0.0561579 0.0303759 0.0561579 0.0305352 0.2086958 0.0608850 0.0388503 0.0308003 0.0266564 0.3379395 0.0713879 
353246_Cottonwood_Creek        0.0132326 0.0109336 0.0000010 0.0132326 0.0226983 0.0000000 0.0318730 0.0793635 0.0318730 0.0086374 0.0849920 0.0343743 0.0223555 0.0177041 0.0153949 0.1603406 0.0416253 
353379_Skagit_River            0.0369712 0.0446795 0.0318730 0.0369712 0.0561579 0.0318730 0.0000000 0.2107850 0.0000010 0.0366205 0.1271381 0.0021357 0.0294798 0.0417485 0.0391670 0.1824994 0.0497562 
353381_Dungeness_River         0.0303759 0.0531082 0.0793635 0.0303759 0.0303759 0.0793635 0.2107850 0.0000000 0.2107850 0.1206588 0.1080007 0.2360000 0.1539157 0.1080007 0.0925720 8.9999982 0.4338210 
353401_Peace_River             0.0369712 0.0446795 0.0318730 0.0369712 0.0561579 0.0318730 0.0000010 0.2107850 0.0000000 0.0366205 0.1271381 0.0021357 0.0294798 0.0417485 0.0391670 0.1824994 0.0497562 
353407_Noatok                  0.0177359 0.0200289 0.0086374 0.0177359 0.0305352 0.0086374 0.0366205 0.1206588 0.0366205 0.0000000 0.0914810 0.0391670 0.0269690 0.0222461 0.0198964 0.1712586 0.0467918 
353410_Horizon_Lake            0.0891868 0.0926577 0.0849920 0.0891868 0.2086958 0.0849920 0.1271381 0.1080007 0.1271381 0.0914810 0.0000000 0.1316589 0.1067860 0.1072162 0.1031631 0.3920557 0.1413703 
92319_Little_Lost              0.0395452 0.0473550 0.0343743 0.0395452 0.0608850 0.0343743 0.0021357 0.2360000 0.0021357 0.0391670 0.1316589 0.0000000 0.0319552 0.0443660 0.0417485 0.1875251 0.0526291 
GCA016432855_Lake_Trout        0.0223952 0.0296059 0.0223555 0.0223952 0.0388503 0.0223555 0.0294798 0.1539157 0.0294798 0.0269690 0.1067860 0.0319552 0.0000000 0.0318730 0.0294048 0.1641921 0.0309553 
GCA036784925_Maine_S_alpinus   0.0178225 0.0249177 0.0177041 0.0178225 0.0308003 0.0177041 0.0417485 0.1080007 0.0417485 0.0222461 0.1072162 0.0443660 0.0318730 0.0000000 0.0064124 0.1727837 0.0524740 
GCA045679555_Iceland_A_alpinus 0.0154973 0.0225073 0.0153949 0.0154973 0.0266564 0.0153949 0.0391670 0.0925720 0.0391670 0.0198964 0.1031631 0.0417485 0.0294048 0.0064124 0.0000000 0.1759921 0.0496115 
GCF013265735_Rainbow_Trout     0.1627845 0.1720169 0.1603406 0.1627845 0.3379395 0.1603406 0.1824994 8.9999982 0.1824994 0.1712586 0.3920557 0.1875251 0.1641921 0.1727837 0.1759921 0.0000000 0.1980049 
GCF029448725_Brook_Trout       0.0413917 0.0496115 0.0416253 0.0413917 0.0713879 0.0416253 0.0497562 0.4338210 0.0497562 0.0467918 0.1413703 0.0526291 0.0309553 0.0524740 0.0496115 0.1980049 0.0000000 
