20
251140_Ward_Creek              0.0000000 0.0012433 0.0088248 0.0012441 0.0025031 0.0025030 0.0012447 0.1296781 0.0076813 0.0186425 0.0127000 0.0114071 0.1068220 0.0180032 0.1610918 0.0101110 0.0101110 0.2548319 0.1636305 0.0186425 
260512_Pybus_Point             0.0012433 0.0000000 0.0075554 0.0024915 0.0037598 0.0037597 0.0024928 0.1277816 0.0096219 0.0171859 0.0114168 0.0101279 0.1045406 0.0164805 0.1610918 0.0088369 0.0088369 0.2548319 0.1636305 0.0171859 
261935_Kenai_River             0.0088248 0.0075554 0.0000000 0.0101056 0.0062910 0.0062908 0.0075415 0.1234136 0.0195895 0.0142317 0.0032656 0.0054612 0.1043718 0.0133958 0.1330191 0.0021710 0.0021710 0.2080145 0.1352089 0.0142317 
353213_Cropley_Lake            0.0012441 0.0024915 0.0101056 0.0000000 0.0012491 0.0037620 0.0024943 0.1317593 0.0096311 0.0201226 0.0139982 0.0127000 0.1092890 0.0195500 0.1640243 0.0113977 0.0113977 0.2518146 0.1663078 0.0201226 
353219_Peterson_Creek          0.0025031 0.0037598 0.0062910 0.0012491 0.0000000 0.0025005 0.0012478 0.1295083 0.0096636 0.0186212 0.0101398 0.0088546 0.1070542 0.0179816 0.1647273 0.0075683 0.0075683 0.2494110 0.1669554 0.0186212 
353220_Fish_Creek              0.0025030 0.0037597 0.0062908 0.0037620 0.0025005 0.0000000 0.0012478 0.1295028 0.0096632 0.0186206 0.0101395 0.0088543 0.1070486 0.0179810 0.1647175 0.0075680 0.0075680 0.2554449 0.1669464 0.0186206 
353246_Cottonwood_Creek        0.0012447 0.0024928 0.0075415 0.0024943 0.0012478 0.0012478 0.0000000 0.1274423 0.0076813 0.0171496 0.0113955 0.0101091 0.1042041 0.0164441 0.1610918 0.0088206 0.0088206 0.2514106 0.1636305 0.0171496 
353379_Skagit_River            0.1296781 0.1277816 0.1234136 0.1317593 0.1295083 0.1295028 0.1274423 0.0000000 0.2527835 0.1045218 0.1171097 0.1191087 0.3291057 0.1283668 0.4213687 0.1235161 0.1235161 0.5912174 0.4441846 0.1045218 
353381_Dungeness_River         0.0076813 0.0096219 0.0195895 0.0096311 0.0096636 0.0096632 0.0076813 0.2527835 0.0000000 0.0375294 0.0257634 0.0237062 0.0729877 0.0379116 0.3023164 0.0216344 0.0216344 0.2837782 0.2838636 0.0375294 
353401_Peace_River             0.0186425 0.0171859 0.0142317 0.0201226 0.0186212 0.0186206 0.0171496 0.1045218 0.0375294 0.0000000 0.0098772 0.0113132 0.0949938 0.0046490 0.1583319 0.0156999 0.0156999 0.2703996 0.1825258 0.0000010 
353407_Noatok                  0.0127000 0.0114168 0.0032656 0.0139982 0.0101398 0.0101395 0.0113955 0.1171097 0.0257634 0.0098772 0.0000000 0.0043556 0.0968751 0.0088520 0.1352493 0.0054639 0.0054639 0.2057283 0.1352089 0.0098772 
353410_Horizon_Lake            0.0114071 0.0101279 0.0054612 0.0127000 0.0088546 0.0088543 0.0101091 0.1191087 0.0237062 0.0113132 0.0043556 0.0000000 0.0992632 0.0103511 0.1308086 0.0054639 0.0054639 0.2011863 0.1331540 0.0113132 
92319_Little_Lost              0.1068220 0.1045406 0.1043718 0.1092890 0.1070542 0.1070486 0.1042041 0.3291057 0.0729877 0.0949938 0.0968751 0.0992632 0.0000000 0.1025242 0.1416373 0.1069251 0.1069251 0.1879683 0.1433355 0.0949938 
94280_St_Joe                   0.0180032 0.0164805 0.0133958 0.0195500 0.0179816 0.0179810 0.0164441 0.1283668 0.0379116 0.0046490 0.0088520 0.0103511 0.1025242 0.0000000 0.1969513 0.0149289 0.0149289 0.2884404 0.1936752 0.0046490 
GCA016432855_Lake_Trout        0.1610918 0.1610918 0.1330191 0.1640243 0.1647273 0.1647175 0.1610918 0.4213687 0.3023164 0.1583319 0.1352493 0.1308086 0.1416373 0.1969513 0.0000000 0.1331388 0.1331388 0.2833835 0.0197079 0.1583319 
GCA036784925_Maine_S_alpinus   0.0101110 0.0088369 0.0021710 0.0113977 0.0075683 0.0075680 0.0088206 0.1235161 0.0216344 0.0156999 0.0054639 0.0054639 0.1069251 0.0149289 0.1331388 0.0000000 0.0000010 0.2081970 0.1353218 0.0156999 
GCA045679555_Iceland_A_alpinus 0.0101110 0.0088369 0.0021710 0.0113977 0.0075683 0.0075680 0.0088206 0.1235161 0.0216344 0.0156999 0.0054639 0.0054639 0.1069251 0.0149289 0.1331388 0.0000010 0.0000000 0.2081970 0.1353218 0.0156999 
GCF013265735_Rainbow_Trout     0.2548319 0.2548319 0.2080145 0.2518146 0.2494110 0.2554449 0.2514106 0.5912174 0.2837782 0.2703996 0.2057283 0.2011863 0.1879683 0.2884404 0.2833835 0.2081970 0.2081970 0.0000000 0.2599755 0.2703996 
GCF029448725_Brook_Trout       0.1636305 0.1636305 0.1352089 0.1663078 0.1669554 0.1669464 0.1636305 0.4441846 0.2838636 0.1825258 0.1352089 0.1331540 0.1433355 0.1936752 0.0197079 0.1353218 0.1353218 0.2599755 0.0000000 0.1825258 
Methow_River_99895             0.0186425 0.0171859 0.0142317 0.0201226 0.0186212 0.0186206 0.0171496 0.1045218 0.0375294 0.0000010 0.0098772 0.0113132 0.0949938 0.0046490 0.1583319 0.0156999 0.0156999 0.2703996 0.1825258 0.0000000 
