13
251140_Ward_Creek          0.0000000 0.0042462 0.0085115 0.0042462 0.0093468 0.0125804 0.0043012 0.0085115 0.0129609 0.0043012 0.0949890 0.2096493 0.0086214 
260512_Pybus_Point         0.0042462 0.0000000 0.0042462 0.0000010 0.0046614 0.0000010 0.0000010 0.0042462 0.0086211 0.0000010 0.0900146 0.2042409 0.0043013 
261935_Kenai_River         0.0085115 0.0042462 0.0000000 0.0042462 0.0093468 0.0125804 0.0043012 0.0000010 0.0129609 0.0043012 0.0900146 0.2096493 0.0086214 
353213_Cropley_Lake        0.0042462 0.0000010 0.0042462 0.0000000 0.0046614 0.0000010 0.0000010 0.0042462 0.0086211 0.0000010 0.0900146 0.2042409 0.0043013 
353379_Skagit_River        0.0093468 0.0046614 0.0093468 0.0046614 0.0000000 0.0170974 0.0046614 0.0093468 0.0046614 0.0046614 0.1055244 0.1963932 0.0094797 
353381_Dungeness_River     0.0125804 0.0000010 0.0125804 0.0000010 0.0170974 0.0000000 0.0000010 0.0125804 0.0263241 0.0000010 0.3481189 0.6632384 0.0000010 
353401_Peace_River         0.0043012 0.0000010 0.0043012 0.0000010 0.0046614 0.0000010 0.0000000 0.0043012 0.0086211 0.0000010 0.0913140 0.2072741 0.0043567 
353407_Noatok              0.0085115 0.0042462 0.0000010 0.0042462 0.0093468 0.0125804 0.0043012 0.0000000 0.0129609 0.0043012 0.0900146 0.2096493 0.0086214 
92319_Little_Lost          0.0129609 0.0086211 0.0129609 0.0086211 0.0046614 0.0263241 0.0086211 0.0129609 0.0000000 0.0086211 0.1014381 0.2182983 0.0131309 
94280_St_Joe               0.0043012 0.0000010 0.0043012 0.0000010 0.0046614 0.0000010 0.0000010 0.0043012 0.0086211 0.0000000 0.0913140 0.2072741 0.0043567 
GCA016432855_Lake_Trout    0.0949890 0.0900146 0.0900146 0.0900146 0.1055244 0.3481189 0.0913140 0.0900146 0.1014381 0.0913140 0.0000000 0.3326061 0.0963633 
GCF013265735_Rainbow_Trout 0.2096493 0.2042409 0.2096493 0.2042409 0.1963932 0.6632384 0.2072741 0.2096493 0.2182983 0.2072741 0.3326061 0.0000000 0.2018061 
GCF029448725_Brook_Trout   0.0086214 0.0043013 0.0086214 0.0043013 0.0094797 0.0000010 0.0043567 0.0086214 0.0131309 0.0043567 0.0963633 0.2018061 0.0000000 
