14
251140_Ward_Creek              0.0000000 0.0000010 0.0236230 0.0241523 0.0236230 0.0098649 0.0081727 0.0254664 0.0988710 0.0098649 0.0082991 0.0897445 0.0582580 0.0254664 
260512_Pybus_Point             0.0000010 0.0000000 0.0236230 0.0241523 0.0236230 0.0098649 0.0081727 0.0254664 0.0988710 0.0098649 0.0082991 0.0897445 0.0582580 0.0254664 
353379_Skagit_River            0.0236230 0.0236230 0.0000000 0.0543270 0.0000010 0.0166795 0.0149223 0.0016177 0.1163127 0.0166795 0.0151562 0.1039957 0.0579773 0.0016177 
353381_Dungeness_River         0.0241523 0.0241523 0.0543270 0.0000000 0.0543270 0.0442659 0.0406210 0.0582338 0.3418696 0.0442659 0.0418322 0.1958961 0.1784151 0.0582338 
353401_Peace_River             0.0236230 0.0236230 0.0000010 0.0543270 0.0000000 0.0166795 0.0149223 0.0016177 0.1163127 0.0166795 0.0151562 0.1039957 0.0579773 0.0016177 
353407_Noatok                  0.0098649 0.0098649 0.0166795 0.0442659 0.0166795 0.0000000 0.0016162 0.0184597 0.0903828 0.0032511 0.0000010 0.0825744 0.0438466 0.0184597 
353410_Horizon_Lake            0.0081727 0.0081727 0.0149223 0.0406210 0.0149223 0.0016162 0.0000000 0.0166798 0.0903828 0.0016162 0.0000010 0.0825744 0.0438466 0.0166798 
94280_St_Joe                   0.0254664 0.0254664 0.0016177 0.0582338 0.0016177 0.0184597 0.0166798 0.0000000 0.1163127 0.0184597 0.0169428 0.1068699 0.0612041 0.0000010 
GCA016432855_Lake_Trout        0.0988710 0.0988710 0.1163127 0.3418696 0.1163127 0.0903828 0.0903828 0.1163127 0.0000000 0.0935299 0.0903828 0.2155964 0.1318363 0.1163127 
GCA036784925_Maine_S_alpinus   0.0098649 0.0098649 0.0166795 0.0442659 0.0166795 0.0032511 0.0016162 0.0184597 0.0935299 0.0000000 0.0016409 0.0851638 0.0438466 0.0184597 
GCA045679555_Iceland_A_alpinus 0.0082991 0.0082991 0.0151562 0.0418322 0.0151562 0.0000010 0.0000010 0.0169428 0.0903828 0.0016409 0.0000000 0.0825744 0.0438466 0.0169428 
GCF013265735_Rainbow_Trout     0.0897445 0.0897445 0.1039957 0.1958961 0.1039957 0.0825744 0.0825744 0.1068699 0.2155964 0.0851638 0.0825744 0.0000000 0.1670897 0.1068699 
GCF029448725_Brook_Trout       0.0582580 0.0582580 0.0579773 0.1784151 0.0579773 0.0438466 0.0438466 0.0612041 0.1318363 0.0438466 0.0438466 0.1670897 0.0000000 0.0612041 
Methow_River_99895             0.0254664 0.0254664 0.0016177 0.0582338 0.0016177 0.0184597 0.0166798 0.0000010 0.1163127 0.0184597 0.0169428 0.1068699 0.0612041 0.0000000 
