20
251140_Ward_Creek              0.0000000 0.0317116 0.4578695 0.0644139 0.1003996 0.0000010 0.0644822 0.6275778 0.0644822 0.4705565 0.1778312 0.1362759 1.8397799 0.4215257 0.2172947 0.0658122 0.0317299 1.9347700 0.3418803 0.4705565 
260512_Pybus_Point             0.0317116 0.0000000 0.5153489 0.0982055 0.1361865 0.0317116 0.0983108 0.6843717 0.0983108 0.5203522 0.2172497 0.1732492 1.8236392 0.4708847 0.2579574 0.1004484 0.0645127 1.9259702 0.3855274 0.5203522 
261935_Kenai_River             0.4578695 0.5153489 0.0000000 0.5734778 0.5420561 0.4578695 0.4579707 1.7650473 0.4579707 1.1992557 0.4028329 0.4386091 8.9999982 1.1301548 0.6474101 0.4800128 0.4024970 1.5224993 0.8636370 1.1992557 
353213_Cropley_Lake            0.0644139 0.0982055 0.5734778 0.0000000 0.1729643 0.0644139 0.0644517 0.7393397 0.0644517 0.5696565 0.2576440 0.2111492 1.8126189 0.5201831 0.2994767 0.1361201 0.0982641 1.9180934 0.4294392 0.5696565 
353219_Peterson_Creek          0.1003996 0.1361865 0.5420561 0.1729643 0.0000000 0.1003996 0.1004270 0.7249323 0.1004270 0.5431991 0.2231733 0.2574525 2.3385868 0.4905513 0.2654256 0.1026691 0.0658305 2.0381053 0.3987052 0.5431991 
353220_Fish_Creek              0.0000010 0.0317116 0.4578695 0.0644139 0.1003996 0.0000000 0.0644822 0.6275778 0.0644822 0.4705565 0.1778312 0.1362759 1.8397799 0.4215257 0.2172947 0.0658122 0.0317299 1.9347700 0.3418803 0.4705565 
353246_Cottonwood_Creek        0.0644822 0.0983108 0.4579707 0.0644517 0.1004270 0.0644822 0.0000000 0.6276676 0.0644998 0.4706449 0.1778781 0.2113876 1.8400956 0.4216132 0.2173499 0.0658305 0.0317387 1.9348817 0.3419543 0.4706449 
353379_Skagit_River            0.6275778 0.6843717 1.7650473 0.7393397 0.7249323 0.6275778 0.6276676 0.0000000 0.6276676 0.1080120 0.8426388 0.8437212 1.1464219 0.1469329 0.6392969 0.6634984 0.5707557 2.6701783 0.8413387 0.1080120 
353381_Dungeness_River         0.0644822 0.0983108 0.4579707 0.0644517 0.1004270 0.0644822 0.0644998 0.6276676 0.0000000 0.4706449 0.1778781 0.2113876 1.8400956 0.4216132 0.2173499 0.0658305 0.0317387 1.9348817 0.3419543 0.4706449 
353401_Peace_River             0.4705565 0.5203522 1.1992557 0.5696565 0.5431991 0.4705565 0.4706449 0.1080120 0.4706449 0.0000000 0.5708578 0.5968392 0.4562307 0.0332458 0.4033728 0.4904578 0.4215257 2.4241527 0.5699348 0.0000010 
353407_Noatok                  0.1778312 0.2172497 0.4028329 0.2576440 0.2231733 0.1778312 0.1778781 0.8426388 0.1778781 0.5708578 0.0000000 0.1006510 3.6013011 0.5142683 0.2741961 0.1824910 0.1398010 2.1922793 0.4142816 0.5708578 
353410_Horizon_Lake            0.1362759 0.1732492 0.4386091 0.2111492 0.2574525 0.1362759 0.2113876 0.8437212 0.2113876 0.5968392 0.1006510 0.0000000 2.2154444 0.5440326 0.3092097 0.2169763 0.1733588 2.0378282 0.4456329 0.5968392 
92319_Little_Lost              1.8397799 1.8236392 8.9999982 1.8126189 2.3385868 1.8397799 1.8400956 1.1464219 1.8400956 0.4562307 3.6013011 2.2154444 0.0000000 0.3482550 8.9999980 2.5467107 1.8654707 3.9674627 3.0068642 0.4562307 
94280_St_Joe                   0.4215257 0.4708847 1.1301548 0.5201831 0.4905513 0.4215257 0.4216132 0.1469329 0.4216132 0.0332458 0.5142683 0.5440326 0.3482550 0.0000000 0.3506277 0.4384003 0.3732585 2.4241527 0.5134119 0.0332458 
GCA016432855_Lake_Trout        0.2172947 0.2579574 0.6474101 0.2994767 0.2654256 0.2172947 0.2173499 0.6392969 0.2173499 0.4033728 0.2741961 0.3092097 8.9999980 0.3506277 0.0000000 0.2233370 0.1780034 2.2517961 0.1781331 0.4033728 
GCA036784925_Maine_S_alpinus   0.0658122 0.1004484 0.4800128 0.1361201 0.1026691 0.0658122 0.0658305 0.6634984 0.0658305 0.4904578 0.1824910 0.2169763 2.5467107 0.4384003 0.2233370 0.0000000 0.0323603 2.0535991 0.3531355 0.4904578 
GCA045679555_Iceland_A_alpinus 0.0317299 0.0645127 0.4024970 0.0982641 0.0658305 0.0317299 0.0317387 0.5707557 0.0317387 0.4215257 0.1398010 0.1733588 1.8654707 0.3732585 0.1780034 0.0323603 0.0000000 1.9445521 0.2993278 0.4215257 
GCF013265735_Rainbow_Trout     1.9347700 1.9259702 1.5224993 1.9180934 2.0381053 1.9347700 1.9348817 2.6701783 1.9348817 2.4241527 2.1922793 2.0378282 3.9674627 2.4241527 2.2517961 2.0535991 1.9445521 0.0000000 2.1679825 2.4241527 
GCF029448725_Brook_Trout       0.3418803 0.3855274 0.8636370 0.4294392 0.3987052 0.3418803 0.3419543 0.8413387 0.3419543 0.5699348 0.4142816 0.4456329 3.0068642 0.5134119 0.1781331 0.3531355 0.2993278 2.1679825 0.0000000 0.5699348 
Methow_River_99895             0.4705565 0.5203522 1.1992557 0.5696565 0.5431991 0.4705565 0.4706449 0.1080120 0.4706449 0.0000010 0.5708578 0.5968392 0.4562307 0.0332458 0.4033728 0.4904578 0.4215257 2.4241527 0.5699348 0.0000000 
