17
251140_Ward_Creek              0.0000000 0.0000010 0.0000010 0.0000010 0.0138827 0.1386540 0.5185781 0.1386540 0.0152812 0.0206981 0.1385545 0.1310732 0.0235261 0.0235002 0.3502000 0.1522501 0.1385545 
260512_Pybus_Point             0.0000010 0.0000000 0.0000010 0.0000010 0.0138827 0.1386540 0.5185781 0.1386540 0.0152812 0.0206981 0.1385545 0.1310732 0.0235261 0.0235002 0.3502000 0.1522501 0.1385545 
261935_Kenai_River             0.0000010 0.0000010 0.0000000 0.0000010 0.0168229 0.1858929 0.8180188 0.1858929 0.0168229 0.0250498 0.1857118 0.1778463 0.0284901 0.0284520 0.4214139 0.2020115 0.1857118 
353220_Fish_Creek              0.0000010 0.0000010 0.0000010 0.0000000 0.0168927 0.1871305 0.8290603 0.1871305 0.0168927 0.0251530 0.1869469 0.1790871 0.0286078 0.0285695 0.4237883 0.2034725 0.1869469 
353246_Cottonwood_Creek        0.0138827 0.0138827 0.0168229 0.0168927 0.0000000 0.1265326 0.4946519 0.1265326 0.0040603 0.0164368 0.1264448 0.1211301 0.0192316 0.0192106 0.3390310 0.1420514 0.1264448 
353379_Skagit_River            0.1386540 0.1386540 0.1858929 0.1871305 0.1265326 0.0000000 0.6135257 0.0000010 0.1286059 0.1096649 0.0016243 0.0305294 0.1139867 0.1138104 0.5212785 0.0508519 0.0016243 
353381_Dungeness_River         0.5185781 0.5185781 0.8180188 0.8290603 0.4946519 0.6135257 0.0000000 0.6135257 0.4987392 0.4455113 0.6126173 0.5830299 0.4512034 0.4536388 0.0618031 0.6380129 0.6126173 
353401_Peace_River             0.1386540 0.1386540 0.1858929 0.1871305 0.1265326 0.0000010 0.6135257 0.0000000 0.1286059 0.1096649 0.0016243 0.0305294 0.1139867 0.1138104 0.5212785 0.0508519 0.0016243 
353407_Noatok                  0.0152812 0.0152812 0.0168229 0.0168927 0.0040603 0.1286059 0.4987392 0.1286059 0.0000000 0.0178182 0.1285165 0.1233111 0.0206189 0.0205963 0.3411268 0.1442929 0.1285165 
353410_Horizon_Lake            0.0206981 0.0206981 0.0250498 0.0251530 0.0164368 0.1096649 0.4455113 0.1096649 0.0178182 0.0000000 0.1095900 0.1014445 0.0026777 0.0026748 0.3158087 0.1230523 0.1095900 
94280_St_Joe                   0.1385545 0.1385545 0.1857118 0.1869469 0.1264448 0.0016243 0.6126173 0.0016243 0.1285165 0.1095900 0.0000000 0.0305102 0.1139085 0.1137323 0.5207467 0.0508195 0.0000010 
GCA016432855_Lake_Trout        0.1310732 0.1310732 0.1778463 0.1790871 0.1211301 0.0305294 0.5830299 0.0305294 0.1233111 0.1014445 0.0305102 0.0000000 0.1058767 0.1057075 0.5043266 0.0332387 0.0305102 
GCA036784925_Maine_S_alpinus   0.0235261 0.0235261 0.0284901 0.0286078 0.0192316 0.1139867 0.4512034 0.1139867 0.0206189 0.0026777 0.1139085 0.1058767 0.0000000 0.0053663 0.3185516 0.1277201 0.1139085 
GCA045679555_Iceland_A_alpinus 0.0235002 0.0235002 0.0284520 0.0285695 0.0192106 0.1138104 0.4536388 0.1138104 0.0205963 0.0026748 0.1137323 0.1057075 0.0053663 0.0000000 0.3200458 0.1275093 0.1137323 
GCF013265735_Rainbow_Trout     0.3502000 0.3502000 0.4214139 0.4237883 0.3390310 0.5212785 0.0618031 0.5212785 0.3411268 0.3158087 0.5207467 0.5043266 0.3185516 0.3200458 0.0000000 0.5405958 0.5207467 
GCF029448725_Brook_Trout       0.1522501 0.1522501 0.2020115 0.2034725 0.1420514 0.0508519 0.6380129 0.0508519 0.1442929 0.1230523 0.0508195 0.0332387 0.1277201 0.1275093 0.5405958 0.0000000 0.0508195 
Methow_River_99895             0.1385545 0.1385545 0.1857118 0.1869469 0.1264448 0.0016243 0.6126173 0.0016243 0.1285165 0.1095900 0.0000010 0.0305102 0.1139085 0.1137323 0.5207467 0.0508195 0.0000000 
