15
251140_Ward_Creek              0.0000000 0.0103126 0.2201750 0.0103126 0.4494006 0.3559778 0.0142134 0.3559778 0.2877609 0.2201750 0.4906872 0.3203701 0.0423378 1.3948451 0.7658322 
260512_Pybus_Point             0.0103126 0.0000000 0.2065418 0.0000010 0.4243093 0.3354814 0.0000010 0.3354814 0.2642973 0.2065418 0.4663977 0.2999088 0.0315618 1.3870567 0.7428974 
261935_Kenai_River             0.2201750 0.2065418 0.0000000 0.2065418 0.4880329 0.3630904 0.3056520 0.3630904 0.1091637 0.0000010 0.7998840 0.0900278 0.2225820 1.6652423 1.0499719 
353213_Cropley_Lake            0.0103126 0.0000010 0.2065418 0.0000000 0.4243093 0.3354814 0.0000010 0.3354814 0.2642973 0.2065418 0.4663977 0.2999088 0.0315618 1.3870567 0.7428974 
353219_Peterson_Creek          0.4494006 0.4243093 0.4880329 0.4243093 0.0000000 0.0666698 0.4243093 0.0666698 1.1586342 0.4880329 0.6824497 0.3983095 0.4409326 1.6505565 0.9126995 
353379_Skagit_River            0.3559778 0.3354814 0.3630904 0.3354814 0.0666698 0.0000000 0.3354814 0.0000010 0.7416529 0.3630904 0.4476832 0.3145382 0.3508712 1.4538540 0.6484595 
353381_Dungeness_River         0.0142134 0.0000010 0.3056520 0.0000010 0.4243093 0.3354814 0.0000000 0.3354814 0.5757297 0.3056520 0.4663977 0.2999088 0.0438311 1.3870567 0.7082445 
353401_Peace_River             0.3559778 0.3354814 0.3630904 0.3354814 0.0666698 0.0000010 0.3354814 0.0000000 0.7416529 0.3630904 0.4476832 0.3145382 0.3508712 1.4538540 0.6484595 
353407_Noatok                  0.2877609 0.2642973 0.1091637 0.2642973 1.1586342 0.7416529 0.5757297 0.7416529 0.0000000 0.1091637 1.8107969 0.2050867 0.2935258 2.1919652 1.7535230 
353410_Horizon_Lake            0.2201750 0.2065418 0.0000010 0.2065418 0.4880329 0.3630904 0.3056520 0.3630904 0.1091637 0.0000000 0.7998840 0.0900278 0.2225820 1.6652423 1.0499719 
GCA016432855_Lake_Trout        0.4906872 0.4663977 0.7998840 0.4663977 0.6824497 0.4476832 0.4663977 0.4476832 1.8107969 0.7998840 0.0000000 0.7119595 0.4814077 1.6290219 0.6509671 
GCA036784925_Maine_S_alpinus   0.3203701 0.2999088 0.0900278 0.2999088 0.3983095 0.3145382 0.2999088 0.3145382 0.2050867 0.0900278 0.7119595 0.0000000 0.3697107 1.5757090 0.9200349 
GCA045679555_Iceland_A_alpinus 0.0423378 0.0315618 0.2225820 0.0315618 0.4409326 0.3508712 0.0438311 0.3508712 0.2935258 0.2225820 0.4814077 0.3697107 0.0000000 1.3561030 0.7477904 
GCF013265735_Rainbow_Trout     1.3948451 1.3870567 1.6652423 1.3870567 1.6505565 1.4538540 1.3870567 1.4538540 2.1919652 1.6652423 1.6290219 1.5757090 1.3561030 0.0000000 1.6370296 
GCF029448725_Brook_Trout       0.7658322 0.7428974 1.0499719 0.7428974 0.9126995 0.6484595 0.7082445 0.6484595 1.7535230 1.0499719 0.6509671 0.9200349 0.7477904 1.6370296 0.0000000 
