14
251140_Ward_Creek              0.0000000 0.0000010 0.0636418 0.2667162 0.0908262 0.2667162 0.0748496 0.1101308 0.2788029 0.3871941 0.1412911 0.1486332 1.1342717 0.9121734 
260512_Pybus_Point             0.0000010 0.0000000 0.0636418 0.2667162 0.0908262 0.2667162 0.0748496 0.1101308 0.2788029 0.3871941 0.1412911 0.1486332 1.1342717 0.9121734 
353219_Peterson_Creek          0.0636418 0.0636418 0.0000000 0.2406465 0.3676928 0.2406465 0.1085945 0.0567574 0.2521110 0.3786419 0.1773980 0.1842792 1.0918970 0.8860326 
353379_Skagit_River            0.2667162 0.2667162 0.2406465 0.0000000 0.9512095 0.0000010 0.2090769 0.1875513 0.0078496 0.3694851 0.2983890 0.3039255 1.0761081 0.6912583 
353381_Dungeness_River         0.0908262 0.0908262 0.3676928 0.9512095 0.0000000 0.9512095 0.1379624 0.2526945 1.0365524 1.6387255 0.6294243 0.4504238 2.3072497 2.1707487 
353401_Peace_River             0.2667162 0.2667162 0.2406465 0.0000010 0.9512095 0.0000000 0.2090769 0.1875513 0.0078496 0.3694851 0.2983890 0.3039255 1.0761081 0.6912583 
353407_Noatok                  0.0748496 0.0748496 0.1085945 0.2090769 0.1379624 0.2090769 0.0000000 0.0821427 0.2200361 0.3457078 0.0946273 0.1022909 1.0252194 0.5963765 
353410_Horizon_Lake            0.1101308 0.1101308 0.0567574 0.1875513 0.2526945 0.1875513 0.0821427 0.0000000 0.1981276 0.3424457 0.1507328 0.1579643 1.0098728 0.6594222 
92319_Little_Lost              0.2788029 0.2788029 0.2521110 0.0078496 1.0365524 0.0078496 0.2200361 0.1981276 0.0000000 0.3836510 0.3114443 0.3167641 1.0994487 0.7169148 
GCA016432855_Lake_Trout        0.3871941 0.3871941 0.3786419 0.3694851 1.6387255 0.3694851 0.3457078 0.3424457 0.3836510 0.0000000 0.4182737 0.4210606 1.0386950 0.4083876 
GCA036784925_Maine_S_alpinus   0.1412911 0.1412911 0.1773980 0.2983890 0.6294243 0.2983890 0.0946273 0.1507328 0.3114443 0.4182737 0.0000000 0.1108490 1.1528760 0.9255110 
GCA045679555_Iceland_A_alpinus 0.1486332 0.1486332 0.1842792 0.3039255 0.4504238 0.3039255 0.1022909 0.1579643 0.3167641 0.4210606 0.1108490 0.0000000 1.1182594 0.7971113 
GCF013265735_Rainbow_Trout     1.1342717 1.1342717 1.0918970 1.0761081 2.3072497 1.0761081 1.0252194 1.0098728 1.0994487 1.0386950 1.1528760 1.1182594 0.0000000 1.5070125 
GCF029448725_Brook_Trout       0.9121734 0.9121734 0.8860326 0.6912583 2.1707487 0.6912583 0.5963765 0.6594222 0.7169148 0.4083876 0.9255110 0.7971113 1.5070125 0.0000000 
