10
251140_Ward_Creek          0.0000000 0.0000010 0.0115832 0.0115832 0.0115832 0.0115832 0.5876484 0.0115832 0.1959116 0.0352997 
260512_Pybus_Point         0.0000010 0.0000000 0.0115832 0.0115832 0.0115832 0.0115832 0.5876484 0.0115832 0.1959116 0.0352997 
353246_Cottonwood_Creek    0.0115832 0.0115832 0.0000000 0.0233481 0.0233481 0.0233481 0.6734562 0.0233481 0.2109871 0.0474466 
353379_Skagit_River        0.0115832 0.0115832 0.0233481 0.0000000 0.0000010 0.0233481 0.5106578 0.0233481 0.2109871 0.0474466 
353401_Peace_River         0.0115832 0.0115832 0.0233481 0.0000010 0.0000000 0.0233481 0.5106578 0.0233481 0.2109871 0.0474466 
353407_Noatok              0.0115832 0.0115832 0.0233481 0.0233481 0.0233481 0.0000000 0.6734562 0.0233481 0.2109871 0.0474466 
92319_Little_Lost          0.5876484 0.5876484 0.6734562 0.5106578 0.5106578 0.6734562 0.0000000 0.6734562 1.3721248 0.8816800 
GCA016432855_Lake_Trout    0.0115832 0.0115832 0.0233481 0.0233481 0.0233481 0.0233481 0.6734562 0.0000000 0.2109871 0.0474466 
GCF013265735_Rainbow_Trout 0.1959116 0.1959116 0.2109871 0.2109871 0.2109871 0.2109871 1.3721248 0.2109871 0.0000000 0.2420800 
GCF029448725_Brook_Trout   0.0352997 0.0352997 0.0474466 0.0474466 0.0474466 0.0474466 0.8816800 0.0474466 0.2420800 0.0000000 
