15
251140_Ward_Creek              0.0000000 0.0167495 0.0337789 0.0337789 0.0512191 0.1685504 0.3069093 0.1685504 0.5594464 0.5915722 1.9382367 0.0511542 0.0517645 2.0803491 1.9864493 
260512_Pybus_Point             0.0167495 0.0000000 0.0167318 0.0167318 0.0338260 0.1892265 0.2573305 0.1892265 0.5915722 0.5595548 1.9315010 0.0337841 0.0697052 2.0718692 1.9786057 
261935_Kenai_River             0.0337789 0.0167318 0.0000000 0.0000010 0.0511621 0.2099702 0.2098673 0.2099702 0.6223423 0.5902503 1.9258145 0.0510973 0.0878788 2.0647662 1.9720255 
353213_Cropley_Lake            0.0337789 0.0167318 0.0000010 0.0000000 0.0511621 0.2099702 0.2098673 0.2099702 0.6223423 0.5902503 1.9258145 0.0510973 0.0878788 2.0647662 1.9720255 
353246_Cottonwood_Creek        0.0512191 0.0338260 0.0511621 0.0511621 0.0000000 0.1483206 0.2574255 0.1483206 0.5278100 0.4964404 1.9454146 0.0337893 0.0341816 2.0892026 1.9947662 
353379_Skagit_River            0.1685504 0.1892265 0.2099702 0.2099702 0.1483206 0.0000000 0.4505146 0.0000010 0.7950474 0.8317361 1.9948523 0.1889689 0.1502324 2.0305091 2.0373688 
353381_Dungeness_River         0.3069093 0.2573305 0.2098673 0.2098673 0.2574255 0.4505146 0.0000000 0.4505146 2.1429121 2.1974642 2.7358964 0.2565037 0.3070226 2.3209378 2.7264938 
353401_Peace_River             0.1685504 0.1892265 0.2099702 0.2099702 0.1483206 0.0000010 0.4505146 0.0000000 0.7950474 0.8317361 1.9948523 0.1889689 0.1502324 2.0305091 2.0373688 
353407_Noatok                  0.5594464 0.5915722 0.6223423 0.6223423 0.5278100 0.7950474 2.1429121 0.7950474 0.0000000 0.0171121 2.4495968 0.5902503 0.4543005 2.4417761 2.4599990 
353410_Horizon_Lake            0.5915722 0.5595548 0.5902503 0.5902503 0.4964404 0.8317361 2.1974642 0.8317361 0.0171121 0.0000000 2.4259106 0.5583181 0.4840855 2.4246811 2.4374882 
GCA016432855_Lake_Trout        1.9382367 1.9315010 1.9258145 1.9258145 1.9454146 1.9948523 2.7358964 1.9948523 2.4495968 2.4259106 0.0000000 1.9382031 1.8774845 0.8275712 0.1542255 
GCA036784925_Maine_S_alpinus   0.0511542 0.0337841 0.0510973 0.0510973 0.0337893 0.1889689 0.2565037 0.1889689 0.5902503 0.5583181 1.9382031 0.0000000 0.0696249 2.0728349 1.9864103 
GCA045679555_Iceland_A_alpinus 0.0517645 0.0697052 0.0878788 0.0878788 0.0341816 0.1502324 0.3070226 0.1502324 0.4543005 0.4840855 1.8774845 0.0696249 0.0000000 2.0362686 1.9331960 
GCF013265735_Rainbow_Trout     2.0803491 2.0718692 2.0647662 2.0647662 2.0892026 2.0305091 2.3209378 2.0305091 2.4417761 2.4246811 0.8275712 2.0728349 2.0362686 0.0000000 0.9666464 
GCF029448725_Brook_Trout       1.9864493 1.9786057 1.9720255 1.9720255 1.9947662 2.0373688 2.7264938 2.0373688 2.4599990 2.4374882 0.1542255 1.9864103 1.9331960 0.9666464 0.0000000 
