15
251140_Ward_Creek              0.0000000 0.0000010 0.0128080 0.0443076 0.0000010 0.0390122 0.0394051 0.0128080 0.0390122 0.0391406 0.0395565 0.0389924 0.3425341 0.1266161 0.0736742 
260512_Pybus_Point             0.0000010 0.0000000 0.0128080 0.0443076 0.0000010 0.0390122 0.0394051 0.0128080 0.0390122 0.0391406 0.0395565 0.0389924 0.3425341 0.1266161 0.0736742 
261935_Kenai_River             0.0128080 0.0128080 0.0000000 0.0292827 0.0133389 0.0258106 0.0260677 0.0000010 0.0258106 0.0258944 0.0261662 0.0257979 0.3231379 0.1116101 0.0484127 
353379_Skagit_River            0.0443076 0.0443076 0.0292827 0.0000000 0.0464450 0.0000010 0.0602899 0.0292827 0.0000010 0.0598253 0.0605599 0.0595622 0.4275880 0.1276190 0.0000010 
353381_Dungeness_River         0.0000010 0.0000010 0.0133389 0.0464450 0.0000000 0.0406584 0.0410855 0.0133389 0.0406584 0.0407980 0.0412504 0.0406368 0.3612603 0.1324573 0.0736742 
353401_Peace_River             0.0390122 0.0390122 0.0258106 0.0000010 0.0406584 0.0000000 0.0529510 0.0258106 0.0000010 0.0525921 0.0531579 0.0523896 0.3622740 0.1418755 0.0000010 
353407_Noatok                  0.0394051 0.0394051 0.0260677 0.0602899 0.0410855 0.0529510 0.0000000 0.0260677 0.0529510 0.0531296 0.0537074 0.0529229 0.3674577 0.1434848 0.1016529 
353410_Horizon_Lake            0.0128080 0.0128080 0.0000010 0.0292827 0.0133389 0.0258106 0.0260677 0.0000000 0.0258106 0.0258944 0.0261662 0.0257979 0.3231379 0.1116101 0.0484127 
92319_Little_Lost              0.0390122 0.0390122 0.0258106 0.0000010 0.0406584 0.0000010 0.0529510 0.0258106 0.0000000 0.0525921 0.0531579 0.0523896 0.3622740 0.1418755 0.0000010 
GCA016432855_Lake_Trout        0.0391406 0.0391406 0.0258944 0.0598253 0.0407980 0.0525921 0.0531296 0.0258944 0.0525921 0.0000000 0.0533380 0.0525644 0.3234521 0.1116792 0.1003257 
GCA036784925_Maine_S_alpinus   0.0395565 0.0395565 0.0261662 0.0605599 0.0412504 0.0531579 0.0537074 0.0261662 0.0531579 0.0533380 0.0000000 0.0260807 0.3695953 0.1441289 0.1024433 
GCA045679555_Iceland_A_alpinus 0.0389924 0.0389924 0.0257979 0.0595622 0.0406368 0.0523896 0.0529229 0.0257979 0.0523896 0.0525644 0.0260807 0.0000000 0.3618995 0.1417818 0.0995690 
GCF013265735_Rainbow_Trout     0.3425341 0.3425341 0.3231379 0.4275880 0.3612603 0.3622740 0.3674577 0.3231379 0.3622740 0.3234521 0.3695953 0.3618995 0.0000000 0.4638542 0.8714060 
GCF029448725_Brook_Trout       0.1266161 0.1266161 0.1116101 0.1276190 0.1324573 0.1418755 0.1434848 0.1116101 0.1418755 0.1116792 0.1441289 0.1417818 0.4638542 0.0000000 0.2924013 
Methow_River_99895             0.0736742 0.0736742 0.0484127 0.0000010 0.0736742 0.0000010 0.1016529 0.0484127 0.0000010 0.1003257 0.1024433 0.0995690 0.8714060 0.2924013 0.0000000 
