17
251140_Ward_Creek              0.0000000 0.0089727 0.0245616 0.0089727 0.0000010 0.0557953 0.0350109 0.0557953 0.0179993 0.0272527 0.1004500 0.1305368 0.1590311 0.0270762 0.0272721 0.8866708 0.3110120 
260512_Pybus_Point             0.0089727 0.0000000 0.0000010 0.0000010 0.0089727 0.0460477 0.0230610 0.0460477 0.0089166 0.0179994 0.0882191 0.1191730 0.1475186 0.0178853 0.0180122 0.8554556 0.2954844 
261935_Kenai_River             0.0245616 0.0000010 0.0000000 0.0000010 0.0245616 0.1029083 0.0706877 0.1029083 0.0000010 0.0245621 0.3405140 0.3615092 0.3990889 0.0486376 0.0496206 3.6427252 1.1779051 
353213_Cropley_Lake            0.0089727 0.0000010 0.0000010 0.0000000 0.0089727 0.0460477 0.0230610 0.0460477 0.0089166 0.0179994 0.0882191 0.1191730 0.1475186 0.0178853 0.0180122 0.8554556 0.2954844 
353219_Peterson_Creek          0.0000010 0.0089727 0.0245616 0.0089727 0.0000000 0.0557953 0.0350109 0.0557953 0.0179993 0.0272527 0.1004500 0.1305368 0.1590311 0.0270762 0.0272721 0.8866708 0.3110120 
353379_Skagit_River            0.0557953 0.0460477 0.1029083 0.0460477 0.0557953 0.0000000 0.0844987 0.0000010 0.0554114 0.0652775 0.0316393 0.0877436 0.1338872 0.0648211 0.0653220 0.7895319 0.2739628 
353381_Dungeness_River         0.0350109 0.0230610 0.0706877 0.0230610 0.0350109 0.0844987 0.0000000 0.0844987 0.0347173 0.0468527 0.1542299 0.1871521 0.2096894 0.0464518 0.0468941 1.1634241 0.4505238 
353401_Peace_River             0.0557953 0.0460477 0.1029083 0.0460477 0.0557953 0.0000010 0.0844987 0.0000000 0.0554114 0.0652775 0.0316393 0.0877436 0.1338872 0.0648211 0.0653220 0.7895319 0.2739628 
353407_Noatok                  0.0179993 0.0089166 0.0000010 0.0089166 0.0179993 0.0554114 0.0347173 0.0554114 0.0000000 0.0089689 0.0995708 0.1294668 0.1577013 0.0269021 0.0270955 0.8452541 0.3073901 
353410_Horizon_Lake            0.0272527 0.0179994 0.0245621 0.0179994 0.0272527 0.0652775 0.0468527 0.0652775 0.0089689 0.0000000 0.1119788 0.1409760 0.1693447 0.0362022 0.0364674 0.8770359 0.3230903 
92319_Little_Lost              0.1004500 0.0882191 0.3405140 0.0882191 0.1004500 0.0316393 0.1542299 0.0316393 0.0995708 0.1119788 0.0000000 0.1421826 0.1960248 0.1109799 0.1120628 1.0452886 0.3836669 
94280_St_Joe                   0.1305368 0.1191730 0.3615092 0.1191730 0.1305368 0.0877436 0.1871521 0.0877436 0.1294668 0.1409760 0.1421826 0.0000000 0.2433978 0.1398006 0.1410656 0.9679549 0.2486181 
GCA016432855_Lake_Trout        0.1590311 0.1475186 0.3990889 0.1475186 0.1590311 0.1338872 0.2096894 0.1338872 0.1577013 0.1693447 0.1960248 0.2433978 0.0000000 0.1679063 0.1694439 0.6759621 0.2170016 
GCA036784925_Maine_S_alpinus   0.0270762 0.0178853 0.0486376 0.0178853 0.0270762 0.0648211 0.0464518 0.0648211 0.0269021 0.0362022 0.1109799 0.1398006 0.1679063 0.0000000 0.0180045 0.8744057 0.3192689 
GCA045679555_Iceland_A_alpinus 0.0272721 0.0180122 0.0496206 0.0180122 0.0272721 0.0653220 0.0468941 0.0653220 0.0270955 0.0364674 0.1120628 0.1410656 0.1694439 0.0180045 0.0000000 0.8955323 0.3232315 
GCF013265735_Rainbow_Trout     0.8866708 0.8554556 3.6427252 0.8554556 0.8866708 0.7895319 1.1634241 0.7895319 0.8452541 0.8770359 1.0452886 0.9679549 0.6759621 0.8744057 0.8955323 0.0000000 0.8679137 
GCF029448725_Brook_Trout       0.3110120 0.2954844 1.1779051 0.2954844 0.3110120 0.2739628 0.4505238 0.2739628 0.3073901 0.3230903 0.3836669 0.2486181 0.2170016 0.3192689 0.3232315 0.8679137 0.0000000 
