11
251140_Ward_Creek            0.0000000 0.0000010 0.0184274 0.5469747 0.0184274 0.0270361 0.0088676 0.0268738 0.0088676 0.0677260 0.0183145 
260512_Pybus_Point           0.0000010 0.0000000 0.0184274 0.5469747 0.0184274 0.0270361 0.0088676 0.0268738 0.0088676 0.0677260 0.0183145 
353379_Skagit_River          0.0184274 0.0184274 0.0000000 0.7982409 0.0000010 0.0277874 0.0091101 0.0276160 0.0091101 0.0677260 0.0183145 
353381_Dungeness_River       0.5469747 0.5469747 0.7982409 0.0000000 0.7982409 0.7372559 0.5469747 0.7000144 0.5469747 1.1654862 0.7497525 
353401_Peace_River           0.0184274 0.0184274 0.0000010 0.7982409 0.0000000 0.0277874 0.0091101 0.0276160 0.0091101 0.0677260 0.0183145 
353407_Noatok                0.0270361 0.0270361 0.0277874 0.7372559 0.0277874 0.0000000 0.0178252 0.0360151 0.0178252 0.0778302 0.0276160 
353410_Horizon_Lake          0.0088676 0.0088676 0.0091101 0.5469747 0.0091101 0.0178252 0.0000000 0.0177197 0.0000010 0.0573602 0.0090550 
GCA016432855_Lake_Trout      0.0268738 0.0268738 0.0276160 0.7000144 0.0276160 0.0360151 0.0177197 0.0000000 0.0177197 0.0773191 0.0274468 
GCA036784925_Maine_S_alpinus 0.0088676 0.0088676 0.0091101 0.5469747 0.0091101 0.0178252 0.0000010 0.0177197 0.0000000 0.0573602 0.0090550 
GCF013265735_Rainbow_Trout   0.0677260 0.0677260 0.0677260 1.1654862 0.0677260 0.0778302 0.0573602 0.0773191 0.0573602 0.0000000 0.0672847 
GCF029448725_Brook_Trout     0.0183145 0.0183145 0.0183145 0.7497525 0.0183145 0.0276160 0.0090550 0.0274468 0.0090550 0.0672847 0.0000000 
