18
251140_Ward_Creek              0.0000000 0.0006142 0.0037133 0.0024695 0.0006142 2.1042245 2.1904302 8.9999987 2.1887795 2.2203582 2.0917985 2.2923524 2.1887795 2.7959716 2.1340312 2.1338755 2.3436710 2.9545862 
260512_Pybus_Point             0.0006142 0.0000000 0.0030586 0.0018307 0.0000010 2.0367747 2.1208518 8.9999982 2.1194049 2.1493336 2.0243584 2.2196675 2.1194049 2.6993000 2.0655886 2.0656417 2.2639371 2.8541807 
261935_Kenai_River             0.0037133 0.0030586 0.0000000 0.0012177 0.0030586 2.0510352 2.1354537 8.9999990 2.1339668 2.1642060 2.0386310 2.2348090 2.1339668 2.7188949 2.0800191 2.0800298 2.2804796 2.8744136 
353213_Cropley_Lake            0.0024695 0.0018307 0.0012177 0.0000000 0.0018307 2.0239146 2.1079763 8.9999988 2.1065593 2.1363221 2.0114475 2.2066830 2.1065593 2.6847609 2.0526734 2.0527641 2.2499343 2.8398488 
353219_Peterson_Creek          0.0006142 0.0000010 0.0030586 0.0018307 0.0000000 2.0367747 2.1208518 8.9999982 2.1194049 2.1493336 2.0243584 2.2196675 2.1194049 2.6993000 2.0655886 2.0656417 2.2639371 2.8541807 
353246_Cottonwood_Creek        2.1042245 2.0367747 2.0510352 2.0239146 2.0367747 0.0000000 0.0043602 0.0870188 0.0043585 0.0025665 0.0012725 0.0043834 0.0043585 0.0942142 0.0028201 0.0022954 0.1010426 0.0455659 
353379_Skagit_River            2.1904302 2.1208518 2.1354537 2.1079763 2.1208518 0.0043602 0.0000000 0.0902104 0.0005081 0.0054311 0.0041039 0.0005110 0.0005081 0.0969785 0.0056850 0.0051411 0.1026155 0.0480123 
353381_Dungeness_River         8.9999987 8.9999982 8.9999990 8.9999988 8.9999982 0.0870188 0.0902104 0.0000000 0.0901393 0.0887594 0.0870995 0.0901393 0.0901393 0.0813119 0.0889513 0.0881071 0.0905549 0.1056927 
353401_Peace_River             2.1887795 2.1194049 2.1339668 2.1065593 2.1194049 0.0043585 0.0005081 0.0901393 0.0000000 0.0054291 0.0041024 0.0000010 0.0000010 0.0969152 0.0056829 0.0051392 0.1025463 0.0479884 
353407_Noatok                  2.2203582 2.1493336 2.1642060 2.1363221 2.1493336 0.0025665 0.0054311 0.0887594 0.0054291 0.0000000 0.0028255 0.0054603 0.0054291 0.0953365 0.0038760 0.0033416 0.1025890 0.0461838 
353410_Horizon_Lake            2.0917985 2.0243584 2.0386310 2.0114475 2.0243584 0.0012725 0.0041039 0.0870995 0.0041024 0.0028255 0.0000000 0.0041258 0.0041024 0.0935016 0.0020496 0.0015292 0.1011223 0.0449476 
92319_Little_Lost              2.2923524 2.2196675 2.2348090 2.2066830 2.2196675 0.0043834 0.0005110 0.0901393 0.0000010 0.0054603 0.0041258 0.0000000 0.0000010 0.0976737 0.0057155 0.0051685 0.1033648 0.0483146 
94280_St_Joe                   2.1887795 2.1194049 2.1339668 2.1065593 2.1194049 0.0043585 0.0005081 0.0901393 0.0000010 0.0054291 0.0041024 0.0000010 0.0000000 0.0969152 0.0056829 0.0051392 0.1025463 0.0479884 
GCA016432855_Lake_Trout        2.7959716 2.6993000 2.7188949 2.6847609 2.6993000 0.0942142 0.0969785 0.0813119 0.0969152 0.0953365 0.0935016 0.0976737 0.0969152 0.0000000 0.0953730 0.0947755 0.0493788 0.0414261 
GCA036784925_Maine_S_alpinus   2.1340312 2.0655886 2.0800191 2.0526734 2.0655886 0.0028201 0.0056850 0.0889513 0.0056829 0.0038760 0.0020496 0.0057155 0.0056829 0.0953730 0.0000000 0.0005095 0.1037959 0.0465355 
GCA045679555_Iceland_A_alpinus 2.1338755 2.0656417 2.0800298 2.0527641 2.0656417 0.0022954 0.0051411 0.0881071 0.0051392 0.0033416 0.0015292 0.0051685 0.0051392 0.0947755 0.0005095 0.0000000 0.1024443 0.0462853 
GCF013265735_Rainbow_Trout     2.3436710 2.2639371 2.2804796 2.2499343 2.2639371 0.1010426 0.1026155 0.0905549 0.1025463 0.1025890 0.1011223 0.1033648 0.1025463 0.0493788 0.1037959 0.1024443 0.0000000 0.0925415 
GCF029448725_Brook_Trout       2.9545862 2.8541807 2.8744136 2.8398488 2.8541807 0.0455659 0.0480123 0.1056927 0.0479884 0.0461838 0.0449476 0.0483146 0.0479884 0.0414261 0.0465355 0.0462853 0.0925415 0.0000000 
