12
251140_Ward_Creek          0.0000000 0.0000010 0.0145384 0.6831933 0.8635420 0.0219599 0.0072197 0.8926226 0.8635420 0.0219599 0.5055915 0.0293874 
260512_Pybus_Point         0.0000010 0.0000000 0.0145384 0.6831933 0.8635420 0.0219599 0.0072197 0.8926226 0.8635420 0.0219599 0.5055915 0.0293874 
261935_Kenai_River         0.0145384 0.0145384 0.0000000 0.7193103 0.9152556 0.0072432 0.0218881 0.9463118 0.9152556 0.0369925 0.6072866 0.0445568 
353379_Skagit_River        0.6831933 0.6831933 0.7193103 0.0000000 0.0000010 0.6989876 0.6989876 0.0043849 0.0000010 0.6676248 0.5500550 0.6831933 
353401_Peace_River         0.8635420 0.8635420 0.9152556 0.0000010 0.0000000 0.8854493 0.8854493 0.0043849 0.0000010 0.8420410 1.2917413 0.8635420 
353407_Noatok              0.0219599 0.0219599 0.0072432 0.6989876 0.8854493 0.0000000 0.0293874 0.9152556 0.8854493 0.0293874 0.5500550 0.0368701 
353410_Horizon_Lake        0.0072197 0.0072197 0.0218881 0.6989876 0.8854493 0.0293874 0.0000000 0.9152556 0.8854493 0.0293874 0.5500550 0.0368701 
92319_Little_Lost          0.8926226 0.8926226 0.9463118 0.0043849 0.0043849 0.9152556 0.9152556 0.0000000 0.0043849 0.8704192 1.5378113 0.8926226 
94280_St_Joe               0.8635420 0.8635420 0.9152556 0.0000010 0.0000010 0.8854493 0.8854493 0.0043849 0.0000000 0.8420410 1.2917413 0.8635420 
GCA016432855_Lake_Trout    0.0219599 0.0219599 0.0369925 0.6676248 0.8420410 0.0293874 0.0293874 0.8704192 0.8420410 0.0000000 0.4153453 0.0072197 
GCF013265735_Rainbow_Trout 0.5055915 0.5055915 0.6072866 0.5500550 1.2917413 0.5500550 0.5500550 1.5378113 1.2917413 0.4153453 0.0000000 0.4555290 
GCF029448725_Brook_Trout   0.0293874 0.0293874 0.0445568 0.6831933 0.8635420 0.0368701 0.0368701 0.8926226 0.8635420 0.0072197 0.4555290 0.0000000 
