10
251140_Ward_Creek            0.0000000 0.0000010 0.1399828 0.0664774 0.0664774 0.3086024 0.3127226 0.1399828 1.1070117 0.2194712 
260512_Pybus_Point           0.0000010 0.0000000 0.1399828 0.0664774 0.0664774 0.3086024 0.3127226 0.1399828 1.1070117 0.2194712 
261935_Kenai_River           0.1399828 0.1399828 0.0000000 0.2216382 0.2216382 0.1355388 0.5428733 0.0000010 2.3941758 0.4152055 
353379_Skagit_River          0.0664774 0.0664774 0.2216382 0.0000000 0.0000010 0.4112722 0.4176794 0.2216382 1.4780603 0.3101654 
353401_Peace_River           0.0664774 0.0664774 0.2216382 0.0000010 0.0000000 0.4112722 0.4176794 0.2216382 1.4780603 0.3101654 
353407_Noatok                0.3086024 0.3086024 0.1355388 0.4112722 0.4112722 0.0000000 0.8487575 0.1355388 9.0000000 0.6637297 
GCA016432855_Lake_Trout      0.3127226 0.3127226 0.5428733 0.4176794 0.4176794 0.8487575 0.0000000 0.5428733 1.0449711 0.2163995 
GCA036784925_Maine_S_alpinus 0.1399828 0.1399828 0.0000010 0.2216382 0.2216382 0.1355388 0.5428733 0.0000000 2.3941758 0.4152055 
GCF013265735_Rainbow_Trout   1.1070117 1.1070117 2.3941758 1.4780603 1.4780603 9.0000000 1.0449711 2.3941758 0.0000000 0.8153055 
GCF029448725_Brook_Trout     0.2194712 0.2194712 0.4152055 0.3101654 0.3101654 0.6637297 0.2163995 0.4152055 0.8153055 0.0000000 
