11
251140_Ward_Creek              0.0000000 0.0000010 0.1621853 0.1621853 0.0060800 0.1112507 0.1307269 0.1043311 0.1043311 1.9555550 0.1592612 
260512_Pybus_Point             0.0000010 0.0000000 0.1621853 0.1621853 0.0060800 0.1112507 0.1307269 0.1043311 0.1043311 1.9555550 0.1592612 
353379_Skagit_River            0.1621853 0.1621853 0.0000000 0.0000010 0.1695890 0.1126035 0.0638335 0.1056016 0.1056016 2.0499626 0.0906246 
353401_Peace_River             0.1621853 0.1621853 0.0000010 0.0000000 0.1695890 0.1126035 0.0638335 0.1056016 0.1056016 2.0499626 0.0906246 
353407_Noatok                  0.0060800 0.0060800 0.1695890 0.1695890 0.0000000 0.1182217 0.1377739 0.1112507 0.1112507 2.0540278 0.1665341 
353410_Horizon_Lake            0.1112507 0.1112507 0.1126035 0.1126035 0.1182217 0.0000000 0.0833368 0.0060800 0.0060800 1.4709796 0.1105501 
GCA016432855_Lake_Trout        0.1307269 0.1307269 0.0638335 0.0638335 0.1377739 0.0833368 0.0000000 0.0766575 0.0766575 1.5981026 0.0245633 
GCA036784925_Maine_S_alpinus   0.1043311 0.1043311 0.1056016 0.1056016 0.1112507 0.0060800 0.0766575 0.0000000 0.0000010 1.4150276 0.1036737 
GCA045679555_Iceland_A_alpinus 0.1043311 0.1043311 0.1056016 0.1056016 0.1112507 0.0060800 0.0766575 0.0000010 0.0000000 1.4150276 0.1036737 
GCF013265735_Rainbow_Trout     1.9555550 1.9555550 2.0499626 2.0499626 2.0540278 1.4709796 1.5981026 1.4150276 1.4150276 0.0000000 1.9021114 
GCF029448725_Brook_Trout       0.1592612 0.1592612 0.0906246 0.0906246 0.1665341 0.1105501 0.0245633 0.1036737 0.1036737 1.9021114 0.0000000 
