12
251140_Ward_Creek              0.0000000 0.0000010 0.2982220 0.0000010 0.0826884 0.0562508 0.0826884 0.4707257 0.0562508 0.0861097 1.8323484 0.3884492 
260512_Pybus_Point             0.0000010 0.0000000 0.2982220 0.0000010 0.0826884 0.0562508 0.0826884 0.4707257 0.0562508 0.0861097 1.8323484 0.3884492 
353379_Skagit_River            0.2982220 0.2982220 0.0000000 0.8676667 0.2576385 0.4087567 0.2576385 0.8077426 0.4087567 0.4571618 2.1891415 0.8278334 
353381_Dungeness_River         0.0000010 0.0000010 0.8676667 0.0000000 0.1935069 0.1375809 0.1935069 1.0226962 0.1375809 0.2169563 2.5777203 1.0262942 
353401_Peace_River             0.0826884 0.0826884 0.2576385 0.1935069 0.0000000 0.1492801 0.0000010 0.4290184 0.1492801 0.1829034 1.8448464 0.3476193 
353410_Horizon_Lake            0.0562508 0.0562508 0.4087567 0.1375809 0.1492801 0.0000000 0.1492801 0.3573439 0.0000010 0.0265327 1.5813407 0.3217536 
92319_Little_Lost              0.0826884 0.0826884 0.2576385 0.1935069 0.0000010 0.1492801 0.0000000 0.4290184 0.1492801 0.1829034 1.8448464 0.3476193 
GCA016432855_Lake_Trout        0.4707257 0.4707257 0.8077426 1.0226962 0.4290184 0.3573439 0.4290184 0.0000000 0.3573439 0.3965934 1.5754281 0.2853821 
GCA036784925_Maine_S_alpinus   0.0562508 0.0562508 0.4087567 0.1375809 0.1492801 0.0000010 0.1492801 0.3573439 0.0000000 0.0265327 1.5813407 0.3217536 
GCA045679555_Iceland_A_alpinus 0.0861097 0.0861097 0.4571618 0.2169563 0.1829034 0.0265327 0.1829034 0.3965934 0.0265327 0.0000000 1.5867150 0.3604421 
GCF013265735_Rainbow_Trout     1.8323484 1.8323484 2.1891415 2.5777203 1.8448464 1.5813407 1.8448464 1.5754281 1.5813407 1.5867150 0.0000000 1.5785715 
GCF029448725_Brook_Trout       0.3884492 0.3884492 0.8278334 1.0262942 0.3476193 0.3217536 0.3476193 0.2853821 0.3217536 0.3604421 1.5785715 0.0000000 
