14
251140_Ward_Creek              0.0000000 0.0000010 0.0552474 0.4855632 2.2681886 5.3896237 2.2681886 0.1118858 0.0720578 1.1661177 0.0720578 0.0720578 1.3906300 1.2406093 
260512_Pybus_Point             0.0000010 0.0000000 0.0552474 0.4855632 2.2681886 5.3896237 2.2681886 0.1118858 0.0720578 1.1661177 0.0720578 0.0720578 1.3906300 1.2406093 
261935_Kenai_River             0.0552474 0.0552474 0.0000000 0.6137280 2.2420553 6.2645418 2.2420553 0.0367873 0.0179337 1.0874195 0.0179337 0.0179337 1.3655116 1.1625534 
353246_Cottonwood_Creek        0.4855632 0.4855632 0.6137280 0.0000000 0.4226063 0.7764866 0.4226063 0.6661175 0.6179047 0.3383654 0.5917708 0.5917708 2.3954744 0.3610746 
353379_Skagit_River            2.2681886 2.2681886 2.2420553 0.4226063 0.0000000 0.1452398 0.0000010 2.1492668 2.1414010 0.1680884 1.9923111 1.9923111 3.6986862 0.1700986 
353381_Dungeness_River         5.3896237 5.3896237 6.2645418 0.7764866 0.1452398 0.0000000 0.1452398 5.2414341 5.5286699 0.3154298 5.0412854 5.0412854 4.5328745 0.2786219 
353401_Peace_River             2.2681886 2.2681886 2.2420553 0.4226063 0.0000010 0.1452398 0.0000000 2.1492668 2.1414010 0.1680884 1.9923111 1.9923111 3.6986862 0.1700986 
353407_Noatok                  0.1118858 0.1118858 0.0367873 0.6661175 2.1492668 5.2414341 2.1492668 0.0000000 0.0356689 1.0563955 0.0333301 0.0333301 1.3905111 1.1279289 
353410_Horizon_Lake            0.0720578 0.0720578 0.0179337 0.6179047 2.1414010 5.5286699 2.1414010 0.0356689 0.0000000 1.0062015 0.0000010 0.0000010 1.2688456 1.0769056 
GCA016432855_Lake_Trout        1.1661177 1.1661177 1.0874195 0.3383654 0.1680884 0.3154298 0.1680884 1.0563955 1.0062015 0.0000000 0.9599854 0.9599854 2.7285557 0.0690919 
GCA036784925_Maine_S_alpinus   0.0720578 0.0720578 0.0179337 0.5917708 1.9923111 5.0412854 1.9923111 0.0333301 0.0000010 0.9599854 0.0000000 0.0000010 1.2688456 1.0261129 
GCA045679555_Iceland_A_alpinus 0.0720578 0.0720578 0.0179337 0.5917708 1.9923111 5.0412854 1.9923111 0.0333301 0.0000010 0.9599854 0.0000010 0.0000000 1.2688456 1.0261129 
GCF013265735_Rainbow_Trout     1.3906300 1.3906300 1.3655116 2.3954744 3.6986862 4.5328745 3.6986862 1.3905111 1.2688456 2.7285557 1.2688456 1.2688456 0.0000000 2.8389748 
GCF029448725_Brook_Trout       1.2406093 1.2406093 1.1625534 0.3610746 0.1700986 0.2786219 0.1700986 1.1279289 1.0769056 0.0690919 1.0261129 1.0261129 2.8389748 0.0000000 
