17
251140_Ward_Creek              0.0000000 0.0000010 0.0036968 0.0036316 0.4798708 1.8828731 0.4891998 0.0072755 0.1055257 0.4254370 0.4861982 0.4362011 0.0722783 0.1139575 2.1609811 0.2713286 0.5436003 
260512_Pybus_Point             0.0000010 0.0000000 0.0036968 0.0036316 0.4798708 1.8828731 0.4891998 0.0072755 0.1055257 0.4254370 0.4861982 0.4362011 0.0722783 0.1139575 2.1609811 0.2713286 0.5436003 
261935_Kenai_River             0.0036968 0.0036968 0.0000000 0.0000010 0.4931991 2.0966809 0.5029028 0.0036873 0.1029856 0.4402392 0.4997022 0.4480631 0.0694397 0.1116195 2.0108412 0.2780795 0.5608936 
353246_Cottonwood_Creek        0.0036316 0.0036316 0.0000010 0.0000000 0.4798708 1.8828731 0.4891998 0.0036224 0.1009683 0.4254370 0.4861982 0.4362011 0.0681645 0.1095038 2.1609811 0.2713286 0.5436003 
353379_Skagit_River            0.4798708 0.4798708 0.4931991 0.4798708 0.0000000 4.0539195 0.0038965 0.4735479 0.3213334 0.1645924 0.0038851 0.0732003 0.4517410 0.3231943 1.5960345 0.2295738 0.0000010 
353381_Dungeness_River         1.8828731 1.8828731 2.0966809 1.8828731 4.0539195 0.0000000 4.2094248 1.8803393 2.9262704 8.9999988 3.9885009 4.4953811 1.7445508 2.4076792 9.0000000 4.2238432 5.3176823 
353401_Peace_River             0.4891998 0.4891998 0.5029028 0.4891998 0.0038965 4.2094248 0.0000000 0.4828188 0.3289135 0.1575943 0.0078043 0.0776312 0.4607225 0.3304620 1.6213708 0.2357304 0.0000010 
353407_Noatok                  0.0072755 0.0072755 0.0036873 0.0036224 0.4735479 1.8803393 0.4828188 0.0000000 0.0967804 0.4176267 0.4798708 0.4300398 0.0642853 0.1054370 2.1642003 0.2658606 0.5363486 
353410_Horizon_Lake            0.1055257 0.1055257 0.1029856 0.1009683 0.3213334 2.9262704 0.3289135 0.0967804 0.0000000 0.2351025 0.3272140 0.3999399 0.0840533 0.0113269 1.8843101 0.2408577 0.3662711 
92319_Little_Lost              0.4254370 0.4254370 0.4402392 0.4254370 0.1645924 8.9999988 0.1575943 0.4176267 0.2351025 0.0000000 0.1708124 0.2842209 0.3914206 0.2417896 2.8711936 0.1011529 0.1820181 
94280_St_Joe                   0.4861982 0.4861982 0.4997022 0.4861982 0.0038851 3.9885009 0.0078043 0.4798708 0.3272140 0.1708124 0.0000000 0.0773793 0.4579846 0.3288256 1.5989535 0.2347173 0.0042668 
GCA016432855_Lake_Trout        0.4362011 0.4362011 0.4480631 0.4362011 0.0732003 4.4953811 0.0776312 0.4300398 0.3999399 0.2842209 0.0773793 0.0000000 0.5484743 0.4044601 1.7638093 0.1767058 0.0807579 
GCA036784925_Maine_S_alpinus   0.0722783 0.0722783 0.0694397 0.0681645 0.4517410 1.7445508 0.4607225 0.0642853 0.0840533 0.3914206 0.4579846 0.5484743 0.0000000 0.0930476 2.1200110 0.3625709 0.5177856 
GCA045679555_Iceland_A_alpinus 0.1139575 0.1139575 0.1116195 0.1095038 0.3231943 2.4076792 0.3304620 0.1054370 0.0113269 0.2417896 0.3288256 0.4044601 0.0930476 0.0000000 1.7780188 0.2459364 0.3598012 
GCF013265735_Rainbow_Trout     2.1609811 2.1609811 2.0108412 2.1609811 1.5960345 9.0000000 1.6213708 2.1642003 1.8843101 2.8711936 1.5989535 1.7638093 2.1200110 1.7780188 0.0000000 2.3120254 1.8425367 
GCF029448725_Brook_Trout       0.2713286 0.2713286 0.2780795 0.2713286 0.2295738 4.2238432 0.2357304 0.2658606 0.2408577 0.1011529 0.2347173 0.1767058 0.3625709 0.2459364 2.3120254 0.0000000 0.2578553 
Methow_River_99895             0.5436003 0.5436003 0.5608936 0.5436003 0.0000010 5.3176823 0.0000010 0.5363486 0.3662711 0.1820181 0.0042668 0.0807579 0.5177856 0.3598012 1.8425367 0.2578553 0.0000000 
