15
251140_Ward_Creek              0.0000000 0.0000010 0.0354155 0.1629338 0.0235407 0.1629338 0.0485927 0.0475784 0.5318332 0.4750226 0.1656352 0.0475784 2.7459622 0.4312401 0.1764679 
260512_Pybus_Point             0.0000010 0.0000000 0.0354155 0.1629338 0.0235407 0.1629338 0.0485927 0.0475784 0.5318332 0.4750226 0.1656352 0.0475784 2.7459622 0.4312401 0.1764679 
261935_Kenai_River             0.0354155 0.0354155 0.0000000 0.1518511 0.1011439 0.1518511 0.0117359 0.0359640 0.5245622 0.4669515 0.1509327 0.0359640 2.8792281 0.4235222 0.1654849 
353379_Skagit_River            0.1629338 0.1629338 0.1518511 0.0000000 0.3659101 0.0000010 0.1695823 0.1658028 0.2536213 0.5561052 0.3226620 0.1658028 2.7313722 0.5239854 0.0114578 
353381_Dungeness_River         0.0235407 0.0235407 0.1011439 0.3659101 0.0000000 0.3659101 0.1345060 0.1284600 1.0943916 0.6972535 0.1943094 0.1284600 3.5673356 0.9356234 0.3977016 
353401_Peace_River             0.1629338 0.1629338 0.1518511 0.0000010 0.3659101 0.0000000 0.1695823 0.1658028 0.2536213 0.5561052 0.3226620 0.1658028 2.7313722 0.5239854 0.0114578 
353407_Noatok                  0.0485927 0.0485927 0.0117359 0.1695823 0.1345060 0.1695823 0.0000000 0.0493728 0.5706765 0.5040896 0.1706527 0.0493728 2.8572664 0.4525195 0.1837301 
353410_Horizon_Lake            0.0475784 0.0475784 0.0359640 0.1658028 0.1284600 0.1658028 0.0493728 0.0000000 0.5506107 0.4888573 0.0938857 0.0000010 2.8445903 0.4412810 0.1796155 
92319_Little_Lost              0.5318332 0.5318332 0.5245622 0.2536213 1.0943916 0.2536213 0.5706765 0.5506107 0.0000000 1.2011162 1.0782856 0.5506107 3.0132489 1.0137175 0.2738793 
GCA016432855_Lake_Trout        0.4750226 0.4750226 0.4669515 0.5561052 0.6972535 0.5561052 0.5040896 0.4888573 1.2011162 0.0000000 0.7675995 0.4888573 3.0163014 0.4556678 0.5760847 
GCA036784925_Maine_S_alpinus   0.1656352 0.1656352 0.1509327 0.3226620 0.1943094 0.3226620 0.1706527 0.0938857 1.0782856 0.7675995 0.0000000 0.0938857 3.2823098 0.6426228 0.3430038 
GCA045679555_Iceland_A_alpinus 0.0475784 0.0475784 0.0359640 0.1658028 0.1284600 0.1658028 0.0493728 0.0000010 0.5506107 0.4888573 0.0938857 0.0000000 2.8445903 0.4412810 0.1796155 
GCF013265735_Rainbow_Trout     2.7459622 2.7459622 2.8792281 2.7313722 3.5673356 2.7313722 2.8572664 2.8445903 3.0132489 3.0163014 3.2823098 2.8445903 0.0000000 2.5702447 2.7154378 
GCF029448725_Brook_Trout       0.4312401 0.4312401 0.4235222 0.5239854 0.9356234 0.5239854 0.4525195 0.4412810 1.0137175 0.4556678 0.6426228 0.4412810 2.5702447 0.0000000 0.5401145 
Methow_River_99895             0.1764679 0.1764679 0.1654849 0.0114578 0.3977016 0.0114578 0.1837301 0.1796155 0.2738793 0.5760847 0.3430038 0.1796155 2.7154378 0.5401145 0.0000000 
