9
251140_Ward_Creek            0.0000000 0.0000010 0.1165421 0.1165421 0.0516411 0.0516411 0.0516411 0.8670971 0.2935814 
260512_Pybus_Point           0.0000010 0.0000000 0.1165421 0.1165421 0.0516411 0.0516411 0.0516411 0.8670971 0.2935814 
353379_Skagit_River          0.1165421 0.1165421 0.0000000 0.0000010 0.1819859 0.1819859 0.1819859 1.2987481 0.5741440 
353401_Peace_River           0.1165421 0.1165421 0.0000010 0.0000000 0.1819859 0.1819859 0.1819859 1.2987481 0.5741440 
353410_Horizon_Lake          0.0516411 0.0516411 0.1819859 0.1819859 0.0000000 0.1067948 0.0000010 0.9722330 0.3852110 
GCA016432855_Lake_Trout      0.0516411 0.0516411 0.1819859 0.1819859 0.1067948 0.0000000 0.1067948 0.7629161 0.2100804 
GCA036784925_Maine_S_alpinus 0.0516411 0.0516411 0.1819859 0.1819859 0.0000010 0.1067948 0.0000000 0.9722330 0.3852110 
GCF013265735_Rainbow_Trout   0.8670971 0.8670971 1.2987481 1.2987481 0.9722330 0.7629161 0.9722330 0.0000000 1.4614348 
GCF029448725_Brook_Trout     0.2935814 0.2935814 0.5741440 0.5741440 0.3852110 0.2100804 0.3852110 1.4614348 0.0000000 
