9
251140_Ward_Creek          0.0000000 0.0000010 0.3114880 0.0198687 0.0198687 0.3417952 0.0612585 0.5435639 0.6734562 
260512_Pybus_Point         0.0000010 0.0000000 0.3114880 0.0198687 0.0198687 0.3417952 0.0612585 0.5435639 0.6734562 
353246_Cottonwood_Creek    0.3114880 0.3114880 0.0000000 0.3417952 0.3417952 0.0137304 0.4063512 0.8442307 0.0932877 
353379_Skagit_River        0.0198687 0.0198687 0.3417952 0.0000000 0.0000010 0.3417952 0.0402781 0.4904443 0.6081977 
353401_Peace_River         0.0198687 0.0198687 0.3417952 0.0000010 0.0000000 0.3417952 0.0402781 0.4904443 0.6081977 
353407_Noatok              0.3417952 0.3417952 0.0137304 0.3417952 0.3417952 0.0000000 0.4063512 0.8442307 0.0932877 
GCA016432855_Lake_Trout    0.0612585 0.0612585 0.4063512 0.0402781 0.0402781 0.4063512 0.0000000 0.6007349 0.7449388 
GCF013265735_Rainbow_Trout 0.5435639 0.5435639 0.8442307 0.4904443 0.4904443 0.8442307 0.6007349 0.0000000 9.0000000 
GCF029448725_Brook_Trout   0.6734562 0.6734562 0.0932877 0.6081977 0.6081977 0.0932877 0.7449388 9.0000000 0.0000000 
