17
251140_Ward_Creek              0.0000000 0.0000010 0.0034443 0.0284537 0.0069075 0.0080839 0.0032279 0.1110931 0.0115842 0.0022855 0.2984838 0.0080892 0.0080839 0.0000010 0.0623449 0.0045882 0.0080892 
260512_Pybus_Point             0.0000010 0.0000000 0.0034443 0.0284537 0.0069075 0.0080839 0.0032279 0.1110931 0.0115842 0.0022855 0.2984838 0.0080892 0.0080839 0.0000010 0.0623449 0.0045882 0.0080892 
353219_Peterson_Creek          0.0034443 0.0034443 0.0000000 0.0324244 0.0057553 0.0069278 0.0081517 0.1117862 0.0104243 0.0057553 0.2961955 0.0069324 0.0069278 0.0034677 0.0610455 0.0080878 0.0069324 
353220_Fish_Creek              0.0284537 0.0284537 0.0324244 0.0000000 0.0362678 0.0376499 0.0453747 0.0600076 0.0415459 0.0310126 0.2242494 0.0376786 0.0376500 0.0284537 0.1007069 0.0336312 0.0376786 
353246_Cottonwood_Creek        0.0069075 0.0069075 0.0057553 0.0362678 0.0000000 0.0057594 0.0081384 0.1086385 0.0045878 0.0045932 0.2922586 0.0057631 0.0057594 0.0069547 0.0595948 0.0069159 0.0057631 
353379_Skagit_River            0.0080839 0.0080839 0.0069278 0.0376499 0.0057594 0.0000000 0.0114649 0.0995260 0.0080930 0.0057594 0.2839223 0.0022912 0.0046099 0.0081392 0.0583627 0.0057663 0.0022912 
353381_Dungeness_River         0.0032279 0.0032279 0.0081517 0.0453747 0.0081384 0.0114649 0.0000000 0.3296622 0.0147763 0.0032279 0.4986426 0.0114757 0.0114649 0.0032589 0.0889173 0.0064895 0.0114757 
353401_Peace_River             0.1110931 0.1110931 0.1117862 0.0600076 0.1086385 0.0995260 0.3296622 0.0000000 0.1086385 0.1054124 2.1819619 0.0963958 0.1063601 0.1110931 0.2261741 0.1057980 0.0963958 
353407_Noatok                  0.0115842 0.0115842 0.0104243 0.0415459 0.0045878 0.0080930 0.0147763 0.1086385 0.0000000 0.0092440 0.3030314 0.0080983 0.0080930 0.0116639 0.0624409 0.0092552 0.0080983 
353410_Horizon_Lake            0.0022855 0.0022855 0.0057553 0.0310126 0.0045932 0.0057594 0.0032279 0.1054124 0.0092440 0.0000000 0.2922586 0.0057631 0.0057594 0.0023010 0.0595948 0.0022882 0.0057631 
92319_Little_Lost              0.2984838 0.2984838 0.2961955 0.2242494 0.2922586 0.2839223 0.4986426 2.1819619 0.3030314 0.2922586 0.0000000 0.2744648 0.2943203 0.2984838 0.3814228 0.2967909 0.2744648 
94280_St_Joe                   0.0080892 0.0080892 0.0069324 0.0376786 0.0057631 0.0022912 0.0114757 0.0963958 0.0080983 0.0057631 0.2744648 0.0000000 0.0046129 0.0081447 0.0553793 0.0057701 0.0000010 
GCA016432855_Lake_Trout        0.0080839 0.0080839 0.0069278 0.0376500 0.0057594 0.0046099 0.0114649 0.1063601 0.0080930 0.0057594 0.2943203 0.0046129 0.0000000 0.0081392 0.0583627 0.0057663 0.0046129 
GCA045679555_Iceland_A_alpinus 0.0000010 0.0000010 0.0034677 0.0284537 0.0069547 0.0081392 0.0032589 0.1110931 0.0116639 0.0023010 0.2984838 0.0081447 0.0081392 0.0000000 0.0623449 0.0046194 0.0081447 
GCF013265735_Rainbow_Trout     0.0623449 0.0623449 0.0610455 0.1007069 0.0595948 0.0583627 0.0889173 0.2261741 0.0624409 0.0595948 0.3814228 0.0553793 0.0583627 0.0623449 0.0000000 0.0596910 0.0553793 
GCF029448725_Brook_Trout       0.0045882 0.0045882 0.0080878 0.0336312 0.0069159 0.0057663 0.0064895 0.1057980 0.0092552 0.0022882 0.2967909 0.0057701 0.0057663 0.0046194 0.0596910 0.0000000 0.0057701 
Methow_River_99895             0.0080892 0.0080892 0.0069324 0.0376786 0.0057631 0.0022912 0.0114757 0.0963958 0.0080983 0.0057631 0.2744648 0.0000010 0.0046129 0.0081447 0.0553793 0.0057701 0.0000000 
