14
251140_Ward_Creek              0.0000000 0.0000010 0.0085110 0.0085110 0.0314197 0.0257550 0.0085110 0.0171728 0.0257550 0.0702153 0.3135525 0.0171728 1.0926918 0.0617358 
260512_Pybus_Point             0.0000010 0.0000000 0.0085110 0.0085110 0.0314197 0.0257550 0.0085110 0.0171728 0.0257550 0.0702153 0.3135525 0.0171728 1.0926918 0.0617358 
261935_Kenai_River             0.0085110 0.0085110 0.0000000 0.0170956 0.0208358 0.0170956 0.0000010 0.0085492 0.0170956 0.0611640 0.3135525 0.0085492 1.0654176 0.0526785 
353219_Peterson_Creek          0.0085110 0.0085110 0.0170956 0.0000000 0.0421172 0.0344903 0.0170956 0.0258719 0.0344903 0.0793488 0.3272756 0.0258719 1.1203693 0.0708759 
353379_Skagit_River            0.0314197 0.0314197 0.0208358 0.0421172 0.0000000 0.0000010 0.0208358 0.0315941 0.0000010 0.0973860 0.4553615 0.0315941 1.7214205 0.0870851 
353401_Peace_River             0.0257550 0.0257550 0.0170956 0.0344903 0.0000010 0.0000000 0.0170956 0.0258719 0.0000010 0.0793488 0.3411823 0.0258719 1.0926918 0.0708759 
353407_Noatok                  0.0085110 0.0085110 0.0000010 0.0170956 0.0208358 0.0170956 0.0000000 0.0085492 0.0170956 0.0611640 0.3135525 0.0085492 1.0654176 0.0526785 
353410_Horizon_Lake            0.0171728 0.0171728 0.0085492 0.0258719 0.0315941 0.0258719 0.0085492 0.0000000 0.0258719 0.0705440 0.3294552 0.0172507 1.1065875 0.0620258 
92319_Little_Lost              0.0257550 0.0257550 0.0170956 0.0344903 0.0000010 0.0000010 0.0170956 0.0258719 0.0000000 0.0793488 0.3411823 0.0258719 1.0926918 0.0708759 
GCA016432855_Lake_Trout        0.0702153 0.0702153 0.0611640 0.0793488 0.0973860 0.0793488 0.0611640 0.0705440 0.0793488 0.0000000 0.4136115 0.0705440 1.2057212 0.1178652 
GCA036784925_Maine_S_alpinus   0.3135525 0.3135525 0.3135525 0.3272756 0.4553615 0.3411823 0.3135525 0.3294552 0.3411823 0.4136115 0.0000000 0.2980788 0.8059642 0.4043743 
GCA045679555_Iceland_A_alpinus 0.0171728 0.0171728 0.0085492 0.0258719 0.0315941 0.0258719 0.0085492 0.0172507 0.0258719 0.0705440 0.2980788 0.0000000 1.1065875 0.0620258 
GCF013265735_Rainbow_Trout     1.0926918 1.0926918 1.0654176 1.1203693 1.7214205 1.0926918 1.0654176 1.1065875 1.0926918 1.2057212 0.8059642 1.1065875 0.0000000 1.1635517 
GCF029448725_Brook_Trout       0.0617358 0.0617358 0.0526785 0.0708759 0.0870851 0.0708759 0.0526785 0.0620258 0.0708759 0.1178652 0.4043743 0.0620258 1.1635517 0.0000000 
