20
251140_Ward_Creek              0.0000000 0.0006215 0.0025128 0.0037994 0.0018747 0.0063347 0.0918438 0.1378533 0.3579781 0.0394857 0.1311715 0.0038271 0.1313107 0.0150424 0.0248084 0.1148001 0.1169281 0.1917643 0.1699884 0.0220374 
260512_Pybus_Point             0.0006215 0.0000000 0.0018745 0.0044556 0.0025128 0.0070780 0.0929310 0.1389780 0.3604120 0.0403872 0.1322656 0.0044884 0.1323895 0.0158022 0.0256469 0.1158550 0.1179858 0.1928886 0.1711306 0.0228488 
261935_Kenai_River             0.0025128 0.0018745 0.0000000 0.0025251 0.0006230 0.0049096 0.0896882 0.1355963 0.3536125 0.0395316 0.1289744 0.0025433 0.1291440 0.0150750 0.0232652 0.1193823 0.1215285 0.1895548 0.1677219 0.0220786 
353213_Cropley_Lake            0.0037994 0.0044556 0.0025251 0.0000000 0.0018839 0.0063668 0.0896658 0.1378419 0.3437846 0.0412968 0.1289537 0.0025366 0.1312986 0.0165699 0.0248885 0.1215117 0.1236636 0.1906706 0.1699923 0.0236680 
353219_Peterson_Creek          0.0018747 0.0025128 0.0006230 0.0018839 0.0000000 0.0041845 0.0886068 0.1344755 0.3511914 0.0386338 0.1278844 0.0018974 0.1280689 0.0143201 0.0224406 0.1183200 0.1204634 0.1884335 0.1665841 0.0212719 
353220_Fish_Creek              0.0063347 0.0070780 0.0049096 0.0063668 0.0041845 0.0000000 0.1074905 0.1591993 0.4591867 0.0491504 0.1512017 0.0064194 0.1510230 0.0208933 0.0304806 0.1387716 0.1411978 0.2146910 0.1950311 0.0200181 
353246_Cottonwood_Creek        0.0918438 0.0929310 0.0896882 0.0896658 0.0886068 0.1074905 0.0000000 0.1628876 0.5645852 0.0534524 0.1261918 0.0907608 0.1554540 0.1028834 0.0995357 0.1422875 0.1444563 0.2103788 0.0377032 0.1132549 
353379_Skagit_River            0.1378533 0.1389780 0.1355963 0.1378419 0.1344755 0.1591993 0.1628876 0.0000000 0.7242882 0.0735853 0.0210154 0.1371998 0.0011172 0.1234900 0.1429694 0.0147995 0.0162384 0.2690085 0.2312827 0.1339539 
353381_Dungeness_River         0.3579781 0.3604120 0.3536125 0.3437846 0.3511914 0.4591867 0.5645852 0.7242882 0.0000000 0.3814099 0.6425860 0.3539713 0.6621680 0.4042999 0.4236540 0.6388489 0.6456638 0.7185019 0.7317905 0.4295947 
353401_Peace_River             0.0394857 0.0403872 0.0395316 0.0412968 0.0386338 0.0491504 0.0534524 0.0735853 0.3814099 0.0000000 0.0928086 0.0399680 0.0694455 0.0245727 0.0447827 0.0906702 0.0925691 0.1555701 0.1152114 0.0321395 
353407_Noatok                  0.1311715 0.1322656 0.1289744 0.1289537 0.1278844 0.1512017 0.1261918 0.0210154 0.6425860 0.0928086 0.0000000 0.1304764 0.0195980 0.1460543 0.1404137 0.0107412 0.0121140 0.2713492 0.2078867 0.1566319 
353410_Horizon_Lake            0.0038271 0.0044884 0.0025433 0.0025366 0.0018974 0.0064194 0.0907608 0.1371998 0.3539713 0.0399680 0.1304764 0.0000000 0.1306192 0.0150768 0.0232681 0.1229261 0.1251033 0.1928292 0.1696686 0.0220814 
92319_Little_Lost              0.1313107 0.1323895 0.1291440 0.1312986 0.1280689 0.1510230 0.1554540 0.0011172 0.6621680 0.0694455 0.0195980 0.1306192 0.0000000 0.1164408 0.1366459 0.0136582 0.0150374 0.2579284 0.2225358 0.1264415 
94280_St_Joe                   0.0150424 0.0158022 0.0150750 0.0165699 0.0143201 0.0208933 0.1028834 0.1234900 0.4042999 0.0245727 0.1460543 0.0150768 0.1164408 0.0000000 0.0259948 0.1327071 0.1348938 0.1918224 0.1746112 0.0058642 
GCA016432855_Lake_Trout        0.0248084 0.0256469 0.0232652 0.0248885 0.0224406 0.0304806 0.0995357 0.1429694 0.4236540 0.0447827 0.1404137 0.0232681 0.1366459 0.0259948 0.0000000 0.1505702 0.1528385 0.1914347 0.1619560 0.0336369 
GCA036784925_Maine_S_alpinus   0.1148001 0.1158550 0.1193823 0.1215117 0.1183200 0.1387716 0.1422875 0.0147995 0.6388489 0.0906702 0.0107412 0.1229261 0.0136582 0.1327071 0.1505702 0.0000000 0.0011710 0.2601651 0.2180108 0.1429435 
GCA045679555_Iceland_A_alpinus 0.1169281 0.1179858 0.1215285 0.1236636 0.1204634 0.1411978 0.1444563 0.0162384 0.6456638 0.0925691 0.0121140 0.1251033 0.0150374 0.1348938 0.1528385 0.0011710 0.0000000 0.2624810 0.2202844 0.1451624 
GCF013265735_Rainbow_Trout     0.1917643 0.1928886 0.1895548 0.1906706 0.1884335 0.2146910 0.2103788 0.2690085 0.7185019 0.1555701 0.2713492 0.1928292 0.2579284 0.1918224 0.1914347 0.2601651 0.2624810 0.0000000 0.2705480 0.2002540 
GCF029448725_Brook_Trout       0.1699884 0.1711306 0.1677219 0.1699923 0.1665841 0.1950311 0.0377032 0.2312827 0.7317905 0.1152114 0.2078867 0.1696686 0.2225358 0.1746112 0.1619560 0.2180108 0.2202844 0.2705480 0.0000000 0.1855247 
Methow_River_99895             0.0220374 0.0228488 0.0220786 0.0236680 0.0212719 0.0200181 0.1132549 0.1339539 0.4295947 0.0321395 0.1566319 0.0220814 0.1264415 0.0058642 0.0336369 0.1429435 0.1451624 0.2002540 0.1855247 0.0000000 
