15
251140_Ward_Creek          0.0000000 0.0036450 0.0000010 0.0036450 0.0000010 0.0000010 0.0082078 0.0191794 0.0073080 0.0038119 0.0073080 0.0589106 0.0110203 0.0650634 0.0147297 
260512_Pybus_Point         0.0036450 0.0000000 0.0038119 0.0000010 0.0038119 0.0036450 0.0040927 0.0191794 0.0036450 0.0000010 0.0036450 0.0467590 0.0073290 0.0610793 0.0110203 
261935_Kenai_River         0.0000010 0.0038119 0.0000000 0.0038119 0.0000010 0.0000010 0.0083101 0.0203504 0.0076430 0.0038119 0.0076430 0.0686150 0.0115285 0.0681959 0.0154108 
353213_Cropley_Lake        0.0036450 0.0000010 0.0038119 0.0000000 0.0038119 0.0036450 0.0040927 0.0191794 0.0036450 0.0000010 0.0036450 0.0467590 0.0073290 0.0610793 0.0110203 
353219_Peterson_Creek      0.0000010 0.0038119 0.0000010 0.0038119 0.0000000 0.0000010 0.0083101 0.0203504 0.0076430 0.0038119 0.0076430 0.0686150 0.0115285 0.0681959 0.0154108 
353220_Fish_Creek          0.0000010 0.0036450 0.0000010 0.0036450 0.0000010 0.0000000 0.0082078 0.0191794 0.0073080 0.0038119 0.0073080 0.0589106 0.0110203 0.0650634 0.0147297 
353379_Skagit_River        0.0082078 0.0040927 0.0083101 0.0040927 0.0083101 0.0082078 0.0000000 0.0281075 0.0000010 0.0041426 0.0000010 0.0533727 0.0041058 0.0644840 0.0082342 
353381_Dungeness_River     0.0191794 0.0191794 0.0203504 0.0191794 0.0203504 0.0191794 0.0281075 0.0000000 0.0240508 0.0203504 0.0240508 0.0202688 0.0290649 0.0968895 0.0340192 
353401_Peace_River         0.0073080 0.0036450 0.0076430 0.0036450 0.0076430 0.0073080 0.0000010 0.0240508 0.0000000 0.0038119 0.0000010 0.0347967 0.0036554 0.0571155 0.0073290 
353407_Noatok              0.0038119 0.0000010 0.0038119 0.0000010 0.0038119 0.0038119 0.0041426 0.0203504 0.0038119 0.0000000 0.0038119 0.0543907 0.0076659 0.0640124 0.0115285 
353410_Horizon_Lake        0.0073080 0.0036450 0.0076430 0.0036450 0.0076430 0.0073080 0.0000010 0.0240508 0.0000010 0.0038119 0.0000000 0.0347967 0.0036554 0.0571155 0.0073290 
92319_Little_Lost          0.0589106 0.0467590 0.0686150 0.0467590 0.0686150 0.0589106 0.0533727 0.0202688 0.0347967 0.0543907 0.0347967 0.0000000 0.0471969 0.1983658 0.0594695 
94280_St_Joe               0.0110203 0.0073290 0.0115285 0.0073290 0.0115285 0.0110203 0.0041058 0.0290649 0.0036554 0.0076659 0.0036554 0.0471969 0.0000000 0.0612660 0.0036450 
GCF013265735_Rainbow_Trout 0.0650634 0.0610793 0.0681959 0.0610793 0.0681959 0.0650634 0.0644840 0.0968895 0.0571155 0.0640124 0.0571155 0.1983658 0.0612660 0.0000000 0.0652631 
Methow_River_99895         0.0147297 0.0110203 0.0154108 0.0110203 0.0154108 0.0147297 0.0082342 0.0340192 0.0073290 0.0115285 0.0073290 0.0594695 0.0036450 0.0652631 0.0000000 
