20
251140_Ward_Creek              0.0000000 0.0014168 0.0000010 0.0071131 0.0028354 0.0028354 0.0039682 0.0157276 0.2485975 0.0171684 0.0042629 0.0042797 0.0231231 0.0186101 0.0273699 0.0439713 0.0426657 0.1544204 0.0767856 0.0171684 
260512_Pybus_Point             0.0014168 0.0000000 0.0018907 0.0085407 0.0014165 0.0014165 0.0019818 0.0171675 0.2453254 0.0186101 0.0056871 0.0057096 0.0250701 0.0200534 0.0288275 0.0454648 0.0441640 0.1561024 0.0783410 0.0186101 
261935_Kenai_River             0.0000010 0.0018907 0.0000000 0.0055237 0.0037847 0.0037847 0.0039682 0.0210570 0.4687826 0.0229912 0.0056944 0.0036996 0.0262639 0.0249270 0.0367405 0.0573608 0.0559702 0.2173760 0.1123718 0.0229912 
353213_Cropley_Lake            0.0071131 0.0085407 0.0055237 0.0000000 0.0071116 0.0099704 0.0059625 0.0200829 0.2570573 0.0215312 0.0056862 0.0112145 0.0281860 0.0229802 0.0288229 0.0485332 0.0476532 0.1680631 0.0907342 0.0215312 
353219_Peterson_Creek          0.0028354 0.0014165 0.0037847 0.0071116 0.0000000 0.0028349 0.0000010 0.0157244 0.2484856 0.0171649 0.0042620 0.0071415 0.0231166 0.0186062 0.0273641 0.0439618 0.0426565 0.1577968 0.0799031 0.0171649 
353220_Fish_Creek              0.0028354 0.0014165 0.0037847 0.0099704 0.0028349 0.0000000 0.0039671 0.0186101 0.2484856 0.0200545 0.0071134 0.0071415 0.0270222 0.0214996 0.0302885 0.0469627 0.0456667 0.1577968 0.0799031 0.0200545 
353246_Cottonwood_Creek        0.0039682 0.0019818 0.0039682 0.0059625 0.0000010 0.0039671 0.0000000 0.0220806 0.5332756 0.0241109 0.0059696 0.0080058 0.0242552 0.0261420 0.0385476 0.0559271 0.0541423 0.2261052 0.1124088 0.0241109 
353379_Skagit_River            0.0157276 0.0171675 0.0210570 0.0200829 0.0157244 0.0186101 0.0220806 0.0000000 0.2752434 0.0014156 0.0171936 0.0172620 0.0018993 0.0028329 0.0288125 0.0515241 0.0502413 0.1594256 0.0814356 0.0014156 
353381_Dungeness_River         0.2485975 0.2453254 0.4687826 0.2570573 0.2484856 0.2484856 0.5332756 0.2752434 0.0000000 0.2785007 0.2590170 0.2508164 0.5175070 0.2817318 0.2953418 0.3481976 0.3231589 0.6505721 0.4386242 0.2785007 
353401_Peace_River             0.0171684 0.0186101 0.0229912 0.0215312 0.0171649 0.0200545 0.0241109 0.0014156 0.2785007 0.0000000 0.0186383 0.0187125 0.0000010 0.0042520 0.0302727 0.0530318 0.0517538 0.1611243 0.0830013 0.0000010 
353407_Noatok                  0.0042629 0.0056871 0.0056944 0.0056862 0.0042620 0.0071134 0.0059696 0.0171936 0.2590170 0.0186383 0.0000000 0.0085896 0.0251214 0.0200839 0.0259099 0.0455359 0.0442333 0.1597990 0.0816132 0.0186383 
353410_Horizon_Lake            0.0042797 0.0057096 0.0036996 0.0112145 0.0071415 0.0071415 0.0080058 0.0172620 0.2508164 0.0187125 0.0085896 0.0000000 0.0262830 0.0201639 0.0289874 0.0457213 0.0446975 0.1612960 0.0845198 0.0187125 
92319_Little_Lost              0.0231231 0.0250701 0.0262639 0.0281860 0.0231166 0.0270222 0.0242552 0.0018993 0.5175070 0.0000010 0.0251214 0.0262830 0.0000000 0.0057072 0.0408836 0.0701212 0.0668973 0.2392130 0.1326666 0.0000010 
94280_St_Joe                   0.0186101 0.0200534 0.0249270 0.0229802 0.0186062 0.0214996 0.0261420 0.0028329 0.2817318 0.0042520 0.0200839 0.0201639 0.0057072 0.0000000 0.0317331 0.0545385 0.0532653 0.1628150 0.0845643 0.0042520 
GCA016432855_Lake_Trout        0.0273699 0.0288275 0.0367405 0.0288229 0.0273641 0.0302885 0.0385476 0.0288125 0.2953418 0.0302727 0.0259099 0.0289874 0.0408836 0.0317331 0.0000000 0.0622747 0.0610234 0.1666151 0.0719982 0.0302727 
GCA036784925_Maine_S_alpinus   0.0439713 0.0454648 0.0573608 0.0485332 0.0439618 0.0469627 0.0559271 0.0515241 0.3481976 0.0530318 0.0455359 0.0457213 0.0701212 0.0545385 0.0622747 0.0000000 0.0014231 0.1985100 0.1147301 0.0530318 
GCA045679555_Iceland_A_alpinus 0.0426657 0.0441640 0.0559702 0.0476532 0.0426565 0.0456667 0.0541423 0.0502413 0.3231589 0.0517538 0.0442333 0.0446975 0.0668973 0.0532653 0.0610234 0.0014231 0.0000000 0.2085503 0.1260122 0.0517538 
GCF013265735_Rainbow_Trout     0.1544204 0.1561024 0.2173760 0.1680631 0.1577968 0.1577968 0.2261052 0.1594256 0.6505721 0.1611243 0.1597990 0.1612960 0.2392130 0.1628150 0.1666151 0.1985100 0.2085503 0.0000000 0.0963693 0.1611243 
GCF029448725_Brook_Trout       0.0767856 0.0783410 0.1123718 0.0907342 0.0799031 0.0799031 0.1124088 0.0814356 0.4386242 0.0830013 0.0816132 0.0845198 0.1326666 0.0845643 0.0719982 0.1147301 0.1260122 0.0963693 0.0000000 0.0830013 
Methow_River_99895             0.0171684 0.0186101 0.0229912 0.0215312 0.0171649 0.0200545 0.0241109 0.0014156 0.2785007 0.0000010 0.0186383 0.0187125 0.0000010 0.0042520 0.0302727 0.0530318 0.0517538 0.1611243 0.0830013 0.0000000 
