19
251140_Ward_Creek              0.0000000 0.0013626 0.0044931 0.0020456 0.0020456 0.0466900 0.0132358 0.0035546 0.0125153 0.0121926 0.0103609 0.0124720 0.0125153 0.0602791 0.0096694 0.0332688 0.1606345 0.0731680 0.0132229 
260512_Pybus_Point             0.0013626 0.0000000 0.0029864 0.0006800 0.0006800 0.0450449 0.0118094 0.0000010 0.0110937 0.0106359 0.0089546 0.0124720 0.0110937 0.0585472 0.0082651 0.0316590 0.1580902 0.0712818 0.0117980 
261935_Kenai_River             0.0044931 0.0029864 0.0000000 0.0037367 0.0037367 0.0479994 0.0137215 0.0056988 0.0129322 0.0117640 0.0098064 0.0138362 0.0129322 0.0648602 0.0090514 0.0349897 0.1754463 0.0805241 0.0137069 
353213_Cropley_Lake            0.0020456 0.0006800 0.0037367 0.0000000 0.0000010 0.0458405 0.0125155 0.0017688 0.0117977 0.0098652 0.0096521 0.0132659 0.0117977 0.0593769 0.0089619 0.0324448 0.1592280 0.0721773 0.0125034 
353219_Peterson_Creek          0.0020456 0.0006800 0.0037367 0.0000010 0.0000000 0.0458405 0.0125155 0.0017688 0.0117977 0.0098652 0.0096521 0.0132659 0.0117977 0.0593769 0.0089619 0.0324448 0.1592280 0.0721773 0.0125034 
353246_Cottonwood_Creek        0.0466900 0.0450449 0.0479994 0.0458405 0.0458405 0.0000000 0.0501789 0.1324631 0.0501236 0.0457300 0.0458922 0.0561033 0.0501236 0.0215431 0.0451377 0.0748486 0.1042788 0.0254959 0.0501230 
353379_Skagit_River            0.0132358 0.0118094 0.0137215 0.0125155 0.0125155 0.0501789 0.0000000 0.0145129 0.0020505 0.0185436 0.0125296 0.0023024 0.0020505 0.0606248 0.0118326 0.0366420 0.1653547 0.0734257 0.0013656 
353381_Dungeness_River         0.0035546 0.0000010 0.0056988 0.0017688 0.0017688 0.1324631 0.0145129 0.0000000 0.0126362 0.0264568 0.0162858 0.0177424 0.0126362 0.1692173 0.0144737 0.0890745 0.2856444 0.2024556 0.0144763 
353401_Peace_River             0.0125153 0.0110937 0.0129322 0.0117977 0.0117977 0.0501236 0.0020505 0.0126362 0.0000000 0.0177333 0.0118110 0.0000010 0.0000010 0.0605558 0.0111153 0.0358025 0.1650953 0.0733356 0.0020485 
353407_Noatok                  0.0121926 0.0106359 0.0117640 0.0098652 0.0098652 0.0457300 0.0185436 0.0264568 0.0177333 0.0000000 0.0145255 0.0193179 0.0177333 0.0707615 0.0137598 0.0405889 0.1821758 0.0812853 0.0185236 
353410_Horizon_Lake            0.0103609 0.0089546 0.0098064 0.0096521 0.0096521 0.0458922 0.0125296 0.0162858 0.0118110 0.0145255 0.0000000 0.0132827 0.0118110 0.0577850 0.0061878 0.0285599 0.1583337 0.0704749 0.0125175 
92319_Little_Lost              0.0124720 0.0124720 0.0138362 0.0132659 0.0132659 0.0561033 0.0023024 0.0177424 0.0000010 0.0193179 0.0132827 0.0000000 0.0000010 0.0691150 0.0116933 0.0397903 0.1889949 0.0833765 0.0023000 
94280_St_Joe                   0.0125153 0.0110937 0.0129322 0.0117977 0.0117977 0.0501236 0.0020505 0.0126362 0.0000010 0.0177333 0.0118110 0.0000010 0.0000000 0.0605558 0.0111153 0.0358025 0.1650953 0.0733356 0.0020485 
GCA016432855_Lake_Trout        0.0602791 0.0585472 0.0648602 0.0593769 0.0593769 0.0215431 0.0606248 0.1692173 0.0605558 0.0707615 0.0577850 0.0691150 0.0605558 0.0000000 0.0570126 0.0897911 0.1184267 0.0221653 0.0605549 
GCA036784925_Maine_S_alpinus   0.0096694 0.0082651 0.0090514 0.0089619 0.0089619 0.0451377 0.0118326 0.0144737 0.0111153 0.0137598 0.0061878 0.0116933 0.0111153 0.0570126 0.0000000 0.0254156 0.1585731 0.0696544 0.0118211 
GCA045679555_Iceland_A_alpinus 0.0332688 0.0316590 0.0349897 0.0324448 0.0324448 0.0748486 0.0366420 0.0890745 0.0358025 0.0405889 0.0285599 0.0397903 0.0358025 0.0897911 0.0254156 0.0000000 0.2130182 0.1052391 0.0366018 
GCF013265735_Rainbow_Trout     0.1606345 0.1580902 0.1754463 0.1592280 0.1592280 0.1042788 0.1653547 0.2856444 0.1650953 0.1821758 0.1583337 0.1889949 0.1650953 0.1184267 0.1585731 0.2130182 0.0000000 0.1290814 0.1650898 
GCF029448725_Brook_Trout       0.0731680 0.0712818 0.0805241 0.0721773 0.0721773 0.0254959 0.0734257 0.2024556 0.0733356 0.0812853 0.0704749 0.0833765 0.0733356 0.0221653 0.0696544 0.1052391 0.1290814 0.0000000 0.0733343 
Methow_River_99895             0.0132229 0.0117980 0.0137069 0.0125034 0.0125034 0.0501230 0.0013656 0.0144763 0.0020485 0.0185236 0.0125175 0.0023000 0.0020485 0.0605549 0.0118211 0.0366018 0.1650898 0.0733343 0.0000000 
