19
251140_Ward_Creek              0.0000000 0.3396439 0.4500659 0.0622176 0.4010045 0.3396439 0.3845371 0.0950466 0.0923397 0.0622176 0.0298949 0.0927974 0.2417381 0.0622176 0.0950466 0.0608210 0.0608210 1.5178323 0.5712124 
260512_Pybus_Point             0.3396439 0.0000000 0.0622176 0.4500659 0.0305457 0.0000010 0.0298949 0.5001154 1.5066688 0.4500659 0.3845371 0.4771291 0.9244661 0.4500659 0.5001154 0.4304627 0.4304627 1.9079306 1.0767109 
261935_Kenai_River             0.4500659 0.0622176 0.0000000 0.3396439 0.0298949 0.0622176 0.0305457 0.5267690 1.4760276 0.4725480 0.4010045 0.5001154 1.0552574 0.4725480 0.5267690 0.4500659 0.4500659 2.0568418 1.1596012 
353213_Cropley_Lake            0.0622176 0.4500659 0.3396439 0.0000000 0.3845371 0.4500659 0.4010045 0.0974201 0.0000010 0.0636847 0.0305457 0.0950466 0.2511850 0.0636847 0.0974201 0.0622176 0.0622176 1.6796552 0.6013634 
353219_Peterson_Creek          0.4010045 0.0305457 0.0298949 0.3845371 0.0000000 0.0305457 0.0622176 0.5817948 1.5066688 0.5267690 0.4500659 0.5507191 1.1313992 0.5267690 0.5817948 0.5001154 0.5001154 2.0335881 1.1918830 
353220_Fish_Creek              0.3396439 0.0000010 0.0622176 0.4500659 0.0305457 0.0000000 0.0298949 0.5001154 1.5066688 0.4500659 0.3845371 0.4771291 0.9244661 0.4500659 0.5001154 0.4304627 0.4304627 1.9079306 1.0767109 
353246_Cottonwood_Creek        0.3845371 0.0298949 0.0305457 0.4010045 0.0622176 0.0298949 0.0000000 0.4500659 1.4760276 0.4010045 0.3396439 0.4304627 0.8495353 0.4010045 0.4500659 0.3845371 0.3845371 1.9228340 1.0399403 
353379_Skagit_River            0.0950466 0.5001154 0.5267690 0.0974201 0.5817948 0.5001154 0.4500659 0.0000000 0.2117846 0.0298949 0.0622176 0.1290532 0.1898406 0.0298949 0.0608210 0.0950466 0.0950466 1.3690274 0.5010829 
353381_Dungeness_River         0.0923397 1.5066688 1.4760276 0.0000010 1.5066688 1.5066688 1.4760276 0.2117846 0.0000000 0.0993948 0.0000010 0.1940370 8.9999989 0.0993948 0.0993948 0.0923397 0.0923397 2.9397899 1.5066688 
353401_Peace_River             0.0622176 0.4500659 0.4725480 0.0636847 0.5267690 0.4500659 0.4010045 0.0298949 0.0993948 0.0000000 0.0305457 0.0950466 0.1483683 0.0000010 0.0298949 0.0622176 0.0622176 1.3453392 0.4569668 
353407_Noatok                  0.0298949 0.3845371 0.4010045 0.0305457 0.4500659 0.3845371 0.3396439 0.0622176 0.0000010 0.0305457 0.0000000 0.0608210 0.1963134 0.0305457 0.0622176 0.0298949 0.0298949 1.5052775 0.5241813 
353410_Horizon_Lake            0.0927974 0.4771291 0.5001154 0.0950466 0.5507191 0.4771291 0.4304627 0.1290532 0.1940370 0.0950466 0.0608210 0.0000000 0.2893598 0.0950466 0.1290532 0.0298949 0.0298949 1.5285806 0.6177880 
92319_Little_Lost              0.2417381 0.9244661 1.0552574 0.2511850 1.1313992 0.9244661 0.8495353 0.1898406 8.9999989 0.1483683 0.1963134 0.2893598 0.0000000 0.1483683 0.1898406 0.2417381 0.2417381 0.9046423 0.8278311 
94280_St_Joe                   0.0622176 0.4500659 0.4725480 0.0636847 0.5267690 0.4500659 0.4010045 0.0298949 0.0993948 0.0000010 0.0305457 0.0950466 0.1483683 0.0000000 0.0298949 0.0622176 0.0622176 1.3453392 0.4569668 
GCA016432855_Lake_Trout        0.0950466 0.5001154 0.5267690 0.0974201 0.5817948 0.5001154 0.4500659 0.0608210 0.0993948 0.0298949 0.0622176 0.1290532 0.1898406 0.0298949 0.0000000 0.0950466 0.0950466 1.3690274 0.5010829 
GCA036784925_Maine_S_alpinus   0.0608210 0.4304627 0.4500659 0.0622176 0.5001154 0.4304627 0.3845371 0.0950466 0.0923397 0.0622176 0.0298949 0.0298949 0.2417381 0.0622176 0.0950466 0.0000000 0.0000010 1.5178323 0.5712124 
GCA045679555_Iceland_A_alpinus 0.0608210 0.4304627 0.4500659 0.0622176 0.5001154 0.4304627 0.3845371 0.0950466 0.0923397 0.0622176 0.0298949 0.0298949 0.2417381 0.0622176 0.0950466 0.0000010 0.0000000 1.5178323 0.5712124 
GCF013265735_Rainbow_Trout     1.5178323 1.9079306 2.0568418 1.6796552 2.0335881 1.9079306 1.9228340 1.3690274 2.9397899 1.3453392 1.5052775 1.5285806 0.9046423 1.3453392 1.3690274 1.5178323 1.5178323 0.0000000 1.6737351 
GCF029448725_Brook_Trout       0.5712124 1.0767109 1.1596012 0.6013634 1.1918830 1.0767109 1.0399403 0.5010829 1.5066688 0.4569668 0.5241813 0.6177880 0.8278311 0.4569668 0.5010829 0.5712124 0.5712124 1.6737351 0.0000000 
