17
251140_Ward_Creek          0.0000000 0.0090133 0.0274275 0.0000010 0.0090133 0.0197169 0.0510772 0.2700684 0.0510772 0.0197169 0.0274275 0.0377948 0.0510772 0.0380568 0.2245401 0.0663641 0.0369279 
260512_Pybus_Point         0.0090133 0.0000000 0.0369279 0.0090133 0.0000010 0.0298870 0.0510772 0.2899527 0.0510772 0.0298870 0.0369279 0.0377948 0.0510772 0.0380568 0.2245401 0.0663641 0.0466173 
261935_Kenai_River         0.0274275 0.0369279 0.0000000 0.0274275 0.0369279 0.0297255 0.0507223 0.2874108 0.0507223 0.0297255 0.0000010 0.0375364 0.0507223 0.0377948 0.2225076 0.0658837 0.0463807 
353213_Cropley_Lake        0.0000010 0.0090133 0.0274275 0.0000000 0.0090133 0.0197169 0.0510772 0.2700684 0.0510772 0.0197169 0.0274275 0.0377948 0.0510772 0.0380568 0.2245401 0.0663641 0.0369279 
353219_Peterson_Creek      0.0090133 0.0000010 0.0369279 0.0090133 0.0000000 0.0298870 0.0510772 0.2899527 0.0510772 0.0298870 0.0369279 0.0377948 0.0510772 0.0380568 0.2245401 0.0663641 0.0466173 
353246_Cottonwood_Creek    0.0197169 0.0298870 0.0297255 0.0197169 0.0298870 0.0000000 0.0411405 0.3296734 0.0411405 0.0000010 0.0297255 0.0270345 0.0411405 0.0272351 0.1963744 0.0548290 0.0297255 
353379_Skagit_River        0.0510772 0.0510772 0.0507223 0.0510772 0.0510772 0.0411405 0.0000000 0.6167032 0.0250344 0.0411405 0.0507223 0.0123538 0.0250344 0.0377948 0.2225076 0.0658837 0.0250344 
353381_Dungeness_River     0.2700684 0.2899527 0.2874108 0.2700684 0.2899527 0.3296734 0.6167032 0.0000000 0.6167032 0.3296734 0.2874108 0.5673758 0.6167032 0.5777432 1.7413236 0.7077468 0.3259078 
353401_Peace_River         0.0510772 0.0510772 0.0507223 0.0510772 0.0510772 0.0411405 0.0250344 0.6167032 0.0000000 0.0411405 0.0507223 0.0123538 0.0000010 0.0377948 0.2225076 0.0658837 0.0000010 
353407_Noatok              0.0197169 0.0298870 0.0297255 0.0197169 0.0298870 0.0000010 0.0411405 0.3296734 0.0411405 0.0000000 0.0297255 0.0270345 0.0411405 0.0272351 0.1963744 0.0548290 0.0297255 
353410_Horizon_Lake        0.0274275 0.0369279 0.0000010 0.0274275 0.0369279 0.0297255 0.0507223 0.2874108 0.0507223 0.0297255 0.0000000 0.0375364 0.0507223 0.0377948 0.2225076 0.0658837 0.0463807 
92319_Little_Lost          0.0377948 0.0377948 0.0375364 0.0377948 0.0377948 0.0270345 0.0123538 0.5673758 0.0123538 0.0270345 0.0375364 0.0000000 0.0123538 0.0248648 0.2030587 0.0519787 0.0123538 
94280_St_Joe               0.0510772 0.0510772 0.0507223 0.0510772 0.0510772 0.0411405 0.0250344 0.6167032 0.0000010 0.0411405 0.0507223 0.0123538 0.0000000 0.0377948 0.2225076 0.0658837 0.0000010 
GCA016432855_Lake_Trout    0.0380568 0.0380568 0.0377948 0.0380568 0.0380568 0.0272351 0.0377948 0.5777432 0.0377948 0.0272351 0.0377948 0.0248648 0.0377948 0.0000000 0.2048711 0.0523513 0.0377948 
GCF013265735_Rainbow_Trout 0.2245401 0.2245401 0.2225076 0.2245401 0.2245401 0.1963744 0.2225076 1.7413236 0.2225076 0.1963744 0.2225076 0.2030587 0.2225076 0.2048711 0.0000000 0.1923145 0.2225076 
GCF029448725_Brook_Trout   0.0663641 0.0663641 0.0658837 0.0663641 0.0663641 0.0548290 0.0658837 0.7077468 0.0658837 0.0548290 0.0658837 0.0519787 0.0658837 0.0523513 0.1923145 0.0000000 0.0658837 
Methow_River_99895         0.0369279 0.0466173 0.0463807 0.0369279 0.0466173 0.0297255 0.0250344 0.3259078 0.0000010 0.0297255 0.0463807 0.0123538 0.0000010 0.0377948 0.2225076 0.0658837 0.0000000 
