18
251140_Ward_Creek              0.0000000 0.0018243 0.0000010 0.0018243 0.0000010 0.0000010 0.0035300 9.0000000 0.0036491 0.0000010 0.0100692 0.0036639 0.0036491 0.0091411 0.0018225 0.0018225 0.0221218 0.0091364 
260512_Pybus_Point             0.0018243 0.0000000 0.0014304 0.0000010 0.0018243 0.0013865 0.0054816 3.2159206 0.0041645 0.0013865 0.0104750 0.0041773 0.0041645 0.0083417 0.0027740 0.0027740 0.0181878 0.0097364 
261935_Kenai_River             0.0000010 0.0014304 0.0000000 0.0014304 0.0000010 0.0000010 0.0036738 3.7444700 0.0028612 0.0000010 0.0092752 0.0028642 0.0028612 0.0071642 0.0014293 0.0014293 0.0173063 0.0086012 
353213_Cropley_Lake            0.0018243 0.0000010 0.0014304 0.0000000 0.0018243 0.0013865 0.0054816 3.2159206 0.0041645 0.0013865 0.0104750 0.0041773 0.0041645 0.0083417 0.0027740 0.0027740 0.0181878 0.0097364 
353219_Peterson_Creek          0.0000010 0.0018243 0.0000010 0.0018243 0.0000000 0.0000010 0.0035300 9.0000000 0.0036491 0.0000010 0.0100692 0.0036639 0.0036491 0.0091411 0.0018225 0.0018225 0.0221218 0.0091364 
353246_Cottonwood_Creek        0.0000010 0.0013865 0.0000010 0.0013865 0.0000010 0.0000000 0.0035300 3.2051010 0.0027732 0.0000010 0.0089679 0.0027818 0.0027732 0.0069437 0.0013854 0.0013854 0.0167700 0.0083363 
353379_Skagit_River            0.0035300 0.0054816 0.0036738 0.0054816 0.0035300 0.0035300 0.0000000 8.2547203 0.0000010 0.0035300 0.0141222 0.0000010 0.0000010 0.0091380 0.0018219 0.0018219 0.0221143 0.0091333 
353381_Dungeness_River         9.0000000 3.2159206 3.7444700 3.2159206 9.0000000 3.2051010 8.2547203 0.0000000 3.1805835 3.2051010 3.7570934 3.2467757 3.1805835 3.1903816 3.1805835 3.1805835 3.2147798 3.2004999 
353401_Peace_River             0.0036491 0.0041645 0.0028612 0.0041645 0.0036491 0.0027732 0.0000010 3.1805835 0.0000000 0.0027732 0.0119731 0.0000010 0.0000010 0.0069419 0.0013851 0.0013851 0.0167657 0.0083341 
353407_Noatok                  0.0000010 0.0013865 0.0000010 0.0013865 0.0000010 0.0000010 0.0035300 3.2051010 0.0027732 0.0000000 0.0089679 0.0027818 0.0027732 0.0069437 0.0013854 0.0013854 0.0167700 0.0083363 
353410_Horizon_Lake            0.0100692 0.0104750 0.0092752 0.0104750 0.0100692 0.0089679 0.0141222 3.7570934 0.0119731 0.0089679 0.0000000 0.0120128 0.0119731 0.0164903 0.0104668 0.0104668 0.0271687 0.0179984 
92319_Little_Lost              0.0036639 0.0041773 0.0028642 0.0041773 0.0036639 0.0027818 0.0000010 3.2467757 0.0000010 0.0027818 0.0120128 0.0000000 0.0000010 0.0069632 0.0013893 0.0013893 0.0168176 0.0083598 
94280_St_Joe                   0.0036491 0.0041645 0.0028612 0.0041645 0.0036491 0.0027732 0.0000010 3.1805835 0.0000010 0.0027732 0.0119731 0.0000010 0.0000000 0.0069419 0.0013851 0.0013851 0.0167657 0.0083341 
GCA016432855_Lake_Trout        0.0091411 0.0083417 0.0071642 0.0083417 0.0091411 0.0069437 0.0091380 3.1903816 0.0069419 0.0069437 0.0164903 0.0069632 0.0069419 0.0000000 0.0055488 0.0055488 0.0181637 0.0069351 
GCA036784925_Maine_S_alpinus   0.0018225 0.0027740 0.0014293 0.0027740 0.0018225 0.0013854 0.0018219 3.1805835 0.0013851 0.0013854 0.0104668 0.0013893 0.0013851 0.0055488 0.0000000 0.0000010 0.0140258 0.0069392 
GCA045679555_Iceland_A_alpinus 0.0018225 0.0027740 0.0014293 0.0027740 0.0018225 0.0013854 0.0018219 3.1805835 0.0013851 0.0013854 0.0104668 0.0013893 0.0013851 0.0055488 0.0000010 0.0000000 0.0140258 0.0069392 
GCF013265735_Rainbow_Trout     0.0221218 0.0181878 0.0173063 0.0181878 0.0221218 0.0167700 0.0221143 3.2147798 0.0167657 0.0167700 0.0271687 0.0168176 0.0167657 0.0181637 0.0140258 0.0140258 0.0000000 0.0195700 
GCF029448725_Brook_Trout       0.0091364 0.0097364 0.0086012 0.0097364 0.0091364 0.0083363 0.0091333 3.2004999 0.0083341 0.0083363 0.0179984 0.0083598 0.0083341 0.0069351 0.0069392 0.0069392 0.0195700 0.0000000 
