18
251140_Ward_Creek              0.0000000 0.0051990 0.0052181 0.0051990 0.0051980 0.0051980 0.0000010 0.1385175 0.0189409 0.0932615 0.0052181 0.0051990 0.0932615 0.0928533 0.0051990 0.0104268 0.1727335 0.1058564 
260512_Pybus_Point             0.0051990 0.0000000 0.0104655 0.0000010 0.0104248 0.0104248 0.0051990 0.1492076 0.0382648 0.0998141 0.0104655 0.0104268 0.0998141 0.0993729 0.0104268 0.0156834 0.1800185 0.1124573 
261935_Kenai_River             0.0052181 0.0104655 0.0000000 0.0104655 0.0104634 0.0104634 0.0052181 0.1503500 0.0387979 0.1002786 0.0000010 0.0104655 0.1002786 0.0998330 0.0104655 0.0157420 0.1809563 0.1129849 
353213_Cropley_Lake            0.0051990 0.0000010 0.0104655 0.0000000 0.0104248 0.0104248 0.0051990 0.1492076 0.0382648 0.0998141 0.0104655 0.0104268 0.0998141 0.0993729 0.0104268 0.0156834 0.1800185 0.1124573 
353219_Peterson_Creek          0.0051980 0.0104248 0.0104634 0.0104248 0.0000000 0.0000010 0.0051980 0.1491689 0.0000010 0.0997953 0.0104634 0.0104248 0.0997953 0.0993542 0.0104248 0.0156804 0.1799904 0.1124367 
353220_Fish_Creek              0.0051980 0.0104248 0.0104634 0.0104248 0.0000010 0.0000000 0.0051980 0.1491689 0.0000010 0.0997953 0.0104634 0.0104248 0.0997953 0.0993542 0.0104248 0.0156804 0.1799904 0.1124367 
353246_Cottonwood_Creek        0.0000010 0.0051990 0.0052181 0.0051990 0.0051980 0.0051980 0.0000000 0.1385175 0.0189409 0.0932615 0.0052181 0.0051990 0.0932615 0.0928533 0.0051990 0.0104268 0.1727335 0.1058564 
353379_Skagit_River            0.1385175 0.1492076 0.1503500 0.1492076 0.1491689 0.1491689 0.1385175 0.0000000 0.6310914 0.0000010 0.1503500 0.1492076 0.0000010 0.0180859 0.1492076 0.1600086 0.1305607 0.0364970 
353381_Dungeness_River         0.0189409 0.0382648 0.0387979 0.0382648 0.0000010 0.0000010 0.0189409 0.6310914 0.0000000 0.6310914 0.0387979 0.0382648 0.6310914 0.6887218 0.0382648 0.0579788 1.8068608 0.8104548 
353401_Peace_River             0.0932615 0.0998141 0.1002786 0.0998141 0.0997953 0.0997953 0.0932615 0.0000010 0.6310914 0.0000000 0.1002786 0.0998141 0.0000010 0.0235666 0.0998141 0.1064090 0.0944387 0.0355467 
353407_Noatok                  0.0052181 0.0104655 0.0000010 0.0104655 0.0104634 0.0104634 0.0052181 0.1503500 0.0387979 0.1002786 0.0000000 0.0104655 0.1002786 0.0998330 0.0104655 0.0157420 0.1809563 0.1129849 
353410_Horizon_Lake            0.0051990 0.0104268 0.0104655 0.0104268 0.0104248 0.0104248 0.0051990 0.1492076 0.0382648 0.0998141 0.0104655 0.0000000 0.0998141 0.0993729 0.0000010 0.0051930 0.1800185 0.1124573 
92319_Little_Lost              0.0932615 0.0998141 0.1002786 0.0998141 0.0997953 0.0997953 0.0932615 0.0000010 0.6310914 0.0000010 0.1002786 0.0998141 0.0000000 0.0235666 0.0998141 0.1064090 0.0944387 0.0355467 
GCA016432855_Lake_Trout        0.0928533 0.0993729 0.0998330 0.0993729 0.0993542 0.0993542 0.0928533 0.0180859 0.6887218 0.0235666 0.0998330 0.0993729 0.0235666 0.0000000 0.0993729 0.1059349 0.0940185 0.0354037 
GCA036784925_Maine_S_alpinus   0.0051990 0.0104268 0.0104655 0.0104268 0.0104248 0.0104248 0.0051990 0.1492076 0.0382648 0.0998141 0.0104655 0.0000010 0.0998141 0.0993729 0.0000000 0.0051930 0.1800185 0.1124573 
GCA045679555_Iceland_A_alpinus 0.0104268 0.0156834 0.0157420 0.0156834 0.0156804 0.0156804 0.0104268 0.1600086 0.0579788 0.1064090 0.0157420 0.0051930 0.1064090 0.1059349 0.0051930 0.0000000 0.1873523 0.1191017 
GCF013265735_Rainbow_Trout     0.1727335 0.1800185 0.1809563 0.1800185 0.1799904 0.1799904 0.1727335 0.1305607 1.8068608 0.0944387 0.1809563 0.1800185 0.0944387 0.0940185 0.1800185 0.1873523 0.0000000 0.1072021 
GCF029448725_Brook_Trout       0.1058564 0.1124573 0.1129849 0.1124573 0.1124367 0.1124367 0.1058564 0.0364970 0.8104548 0.0355467 0.1129849 0.1124573 0.0355467 0.0354037 0.1124573 0.1191017 0.1072021 0.0000000 
