18
251140_Ward_Creek              0.0000000 0.0016948 0.0036190 0.0016948 0.0059502 0.0315656 0.0000010 0.0293172 0.0085793 0.0120838 0.0334438 0.0293172 0.0294581 0.0016980 0.0016980 0.1196340 0.0502771 0.0886184 
260512_Pybus_Point             0.0016948 0.0000000 0.0054402 0.0000010 0.0079523 0.0337547 0.0021607 0.0314898 0.0103163 0.0138386 0.0361271 0.0314898 0.0316418 0.0034043 0.0034043 0.1222633 0.0522560 0.0910110 
261935_Kenai_River             0.0036190 0.0054402 0.0000000 0.0054402 0.0064077 0.0389182 0.0046990 0.0364338 0.0054624 0.0091624 0.0428175 0.0364338 0.0366254 0.0054513 0.0054513 0.1333478 0.0538946 0.1013474 
353213_Cropley_Lake            0.0016948 0.0000010 0.0054402 0.0000000 0.0079523 0.0337547 0.0021607 0.0314898 0.0103163 0.0138386 0.0361271 0.0314898 0.0316418 0.0034043 0.0034043 0.1222633 0.0522560 0.0910110 
353246_Cottonwood_Creek        0.0059502 0.0079523 0.0064077 0.0079523 0.0000000 0.0407127 0.0065761 0.0379424 0.0039400 0.0079345 0.0456768 0.0379424 0.0326868 0.0079701 0.0079701 0.1387370 0.0542688 0.1104029 
353379_Skagit_River            0.0315656 0.0337547 0.0389182 0.0337547 0.0407127 0.0000000 0.0399415 0.0020049 0.0381656 0.0427259 0.0024468 0.0020049 0.0227029 0.0338365 0.0338365 0.1860780 0.0832282 0.1016910 
353381_Dungeness_River         0.0000010 0.0021607 0.0046990 0.0021607 0.0065761 0.0399415 0.0000000 0.0368425 0.0109698 0.0154769 0.0454504 0.0368425 0.0370842 0.0021659 0.0021659 0.1652220 0.0604683 0.1183600 
353401_Peace_River             0.0293172 0.0314898 0.0364338 0.0314898 0.0379424 0.0020049 0.0368425 0.0000000 0.0358675 0.0403876 0.0000010 0.0000010 0.0205405 0.0315656 0.0315656 0.1816806 0.0804712 0.1016910 
353407_Noatok                  0.0085793 0.0103163 0.0054624 0.0103163 0.0039400 0.0381656 0.0109698 0.0358675 0.0000000 0.0034043 0.0415430 0.0358675 0.0314898 0.0103362 0.0103362 0.1215722 0.0480989 0.0958332 
353410_Horizon_Lake            0.0120838 0.0138386 0.0091624 0.0138386 0.0079345 0.0427259 0.0154769 0.0403876 0.0034043 0.0000000 0.0471681 0.0403876 0.0359546 0.0138655 0.0138655 0.1271982 0.0521424 0.0982620 
92319_Little_Lost              0.0334438 0.0361271 0.0428175 0.0361271 0.0456768 0.0024468 0.0454504 0.0000010 0.0415430 0.0471681 0.0000000 0.0000010 0.0226112 0.0362346 0.0362346 0.2392566 0.0982825 0.1340343 
94280_St_Joe                   0.0293172 0.0314898 0.0364338 0.0314898 0.0379424 0.0020049 0.0368425 0.0000010 0.0358675 0.0403876 0.0000010 0.0000000 0.0205405 0.0315656 0.0315656 0.1816806 0.0804712 0.1016910 
GCA016432855_Lake_Trout        0.0294581 0.0316418 0.0366254 0.0316418 0.0326868 0.0227029 0.0370842 0.0205405 0.0314898 0.0359546 0.0226112 0.0205405 0.0000000 0.0317184 0.0317184 0.1744062 0.0704968 0.1335282 
GCA036784925_Maine_S_alpinus   0.0016980 0.0034043 0.0054513 0.0034043 0.0079701 0.0338365 0.0021659 0.0315656 0.0103362 0.0138655 0.0362346 0.0315656 0.0317184 0.0000000 0.0000010 0.1226121 0.0523702 0.0912493 
GCA045679555_Iceland_A_alpinus 0.0016980 0.0034043 0.0054513 0.0034043 0.0079701 0.0338365 0.0021659 0.0315656 0.0103362 0.0138655 0.0362346 0.0315656 0.0317184 0.0000010 0.0000000 0.1226121 0.0523702 0.0912493 
GCF013265735_Rainbow_Trout     0.1196340 0.1222633 0.1333478 0.1222633 0.1387370 0.1860780 0.1652220 0.1816806 0.1215722 0.1271982 0.2392566 0.1816806 0.1744062 0.1226121 0.1226121 0.0000000 0.1865454 0.2843911 
GCF029448725_Brook_Trout       0.0502771 0.0522560 0.0538946 0.0522560 0.0542688 0.0832282 0.0604683 0.0804712 0.0480989 0.0521424 0.0982825 0.0804712 0.0704968 0.0523702 0.0523702 0.1865454 0.0000000 0.1477829 
Methow_River_99895             0.0886184 0.0910110 0.1013474 0.0910110 0.1104029 0.1016910 0.1183600 0.1016910 0.0958332 0.0982620 0.1340343 0.1016910 0.1335282 0.0912493 0.0912493 0.2843911 0.1477829 0.0000000 
