13
251140_Ward_Creek              0.0000000 0.0000010 0.0103405 0.1246866 0.2070936 0.1246866 0.1913894 0.0425447 0.1551700 0.0534579 0.0425447 0.7953376 0.3267707 
260512_Pybus_Point             0.0000010 0.0000000 0.0103405 0.1246866 0.2070936 0.1246866 0.1913894 0.0425447 0.1551700 0.0534579 0.0425447 0.7953376 0.3267707 
353246_Cottonwood_Creek        0.0103405 0.0103405 0.0000000 0.1367663 0.2070936 0.1367663 0.2045407 0.0534579 0.1680628 0.0644831 0.0534579 0.8141453 0.3419070 
353379_Skagit_River            0.1246866 0.1246866 0.1367663 0.0000000 1.1775889 0.0000010 0.2212848 0.0996026 0.1705789 0.1112538 0.0996026 0.8373771 0.3171005 
353381_Dungeness_River         0.2070936 0.2070936 0.2070936 1.1775889 0.0000000 1.1775889 1.2071648 0.4827487 1.3287585 0.4827487 0.4827487 3.0080101 3.4946018 
353401_Peace_River             0.1246866 0.1246866 0.1367663 0.0000010 1.1775889 0.0000000 0.2212848 0.0996026 0.1705789 0.1112538 0.0996026 0.8373771 0.3171005 
353407_Noatok                  0.1913894 0.1913894 0.2045407 0.2212848 1.2071648 0.2212848 0.0000000 0.1381840 0.2413410 0.1505486 0.1381840 0.9053670 0.4355799 
353410_Horizon_Lake            0.0425447 0.0425447 0.0534579 0.0996026 0.4827487 0.0996026 0.1381840 0.0000000 0.1279832 0.0103534 0.0000010 0.6941677 0.2915285 
GCA016432855_Lake_Trout        0.1551700 0.1551700 0.1680628 0.1705789 1.3287585 0.1705789 0.2413410 0.1279832 0.0000000 0.1403876 0.1279832 0.6543591 0.3195732 
GCA036784925_Maine_S_alpinus   0.0534579 0.0534579 0.0644831 0.1112538 0.4827487 0.1112538 0.1505486 0.0103534 0.1403876 0.0000000 0.0103534 0.7127145 0.3059790 
GCA045679555_Iceland_A_alpinus 0.0425447 0.0425447 0.0534579 0.0996026 0.4827487 0.0996026 0.1381840 0.0000010 0.1279832 0.0103534 0.0000000 0.6941677 0.2915285 
GCF013265735_Rainbow_Trout     0.7953376 0.7953376 0.8141453 0.8373771 3.0080101 0.8373771 0.9053670 0.6941677 0.6543591 0.7127145 0.6941677 0.0000000 1.0967003 
GCF029448725_Brook_Trout       0.3267707 0.3267707 0.3419070 0.3171005 3.4946018 0.3171005 0.4355799 0.2915285 0.3195732 0.3059790 0.2915285 1.0967003 0.0000000 
