18
251140_Ward_Creek              0.0000000 0.0279761 0.5270896 0.0000010 0.0775390 0.0991842 0.0704391 0.0922654 0.6094221 0.4844806 0.5452211 0.0922654 0.4540899 0.6469204 0.6517909 0.8339537 0.8496152 0.1287527 
260512_Pybus_Point             0.0279761 0.0000000 0.6889053 0.0279761 0.1190198 0.1452561 0.1342886 0.1370801 0.7612830 0.6358807 0.7086681 0.1370801 0.6049525 0.8501436 0.8849521 1.0622983 1.1075656 0.1854647 
261935_Kenai_River             0.5270896 0.6889053 0.0000000 0.5270896 0.4227253 0.7218867 1.6623020 0.7095573 0.0267498 0.0628023 0.1769092 0.7095573 1.3135549 0.0262031 0.1047548 1.6122815 1.7800403 0.9701148 
353213_Cropley_Lake            0.0000010 0.0279761 0.5270896 0.0000000 0.0775390 0.0991842 0.0704391 0.0922654 0.6094221 0.4844806 0.5452211 0.0922654 0.4540899 0.6469204 0.6517909 0.8339537 0.8496152 0.1287527 
353246_Cottonwood_Creek        0.0775390 0.1190198 0.4227253 0.0775390 0.0000000 0.1579522 0.2349580 0.1505702 0.4749875 0.5494821 0.6457234 0.1505702 0.4681084 0.5220221 0.6970098 0.7804477 0.9010425 0.1975947 
353379_Skagit_River            0.0991842 0.1452561 0.7218867 0.0991842 0.1579522 0.0000000 0.3006334 0.0061465 0.7909043 0.6726883 0.3913831 0.0061465 0.5971425 0.8887224 0.9084150 1.1035280 1.0673686 0.0156812 
353381_Dungeness_River         0.0704391 0.1342886 1.6623020 0.0704391 0.2349580 0.3006334 0.0000000 0.2815287 2.1312246 1.5542846 1.9878108 0.2815287 1.7618085 1.7453346 1.9160042 1.9646303 2.7397440 0.3877489 
353401_Peace_River             0.0922654 0.1370801 0.7095573 0.0922654 0.1505702 0.0061465 0.2815287 0.0000000 0.7778526 0.6603952 0.3822359 0.0000010 0.5847668 0.8748849 0.8936980 1.0892602 1.0526080 0.0078104 
353407_Noatok                  0.6094221 0.7612830 0.0267498 0.6094221 0.4749875 0.7909043 2.1312246 0.7778526 0.0000000 0.0838812 0.1990351 0.7778526 1.5687444 0.0594535 0.1520936 1.9251808 2.0351445 1.1587126 
353410_Horizon_Lake            0.4844806 0.6358807 0.0628023 0.4844806 0.5494821 0.6726883 1.5542846 0.6603952 0.0838812 0.0000000 0.1323980 0.6603952 1.2903158 0.0820592 0.0757670 1.7572384 1.7651086 0.9071729 
92319_Little_Lost              0.5452211 0.7086681 0.1769092 0.5452211 0.6457234 0.3913831 1.9878108 0.3822359 0.1990351 0.1323980 0.0000000 0.3822359 1.5419391 0.2089395 0.2033926 2.0412296 1.9971300 0.5372316 
94280_St_Joe                   0.0922654 0.1370801 0.7095573 0.0922654 0.1505702 0.0061465 0.2815287 0.0000010 0.7778526 0.6603952 0.3822359 0.0000000 0.5847668 0.8748849 0.8936980 1.0892602 1.0526080 0.0078104 
GCA016432855_Lake_Trout        0.4540899 0.6049525 1.3135549 0.4540899 0.4681084 0.5971425 1.7618085 0.5847668 1.5687444 1.2903158 1.5419391 0.5847668 0.0000000 1.5731564 1.3497229 1.7769419 0.3191434 0.8149120 
GCA036784925_Maine_S_alpinus   0.6469204 0.8501436 0.0262031 0.6469204 0.5220221 0.8887224 1.7453346 0.8748849 0.0594535 0.0820592 0.2089395 0.8748849 1.5731564 0.0000000 0.1043611 1.6598783 2.0014019 1.2144181 
GCA045679555_Iceland_A_alpinus 0.6517909 0.8849521 0.1047548 0.6517909 0.6970098 0.9084150 1.9160042 0.8936980 0.1520936 0.0757670 0.2033926 0.8936980 1.3497229 0.1043611 0.0000000 1.8991303 1.8142394 1.2930955 
GCF013265735_Rainbow_Trout     0.8339537 1.0622983 1.6122815 0.8339537 0.7804477 1.1035280 1.9646303 1.0892602 1.9251808 1.7572384 2.0412296 1.0892602 1.7769419 1.6598783 1.8991303 0.0000000 1.4546872 1.4903192 
GCF029448725_Brook_Trout       0.8496152 1.1075656 1.7800403 0.8496152 0.9010425 1.0673686 2.7397440 1.0526080 2.0351445 1.7651086 1.9971300 1.0526080 0.3191434 2.0014019 1.8142394 1.4546872 0.0000000 1.5379672 
Methow_River_99895             0.1287527 0.1854647 0.9701148 0.1287527 0.1975947 0.0156812 0.3877489 0.0078104 1.1587126 0.9071729 0.5372316 0.0078104 0.8149120 1.2144181 1.2930955 1.4903192 1.5379672 0.0000000 
