17
251140_Ward_Creek              0.0000000 0.0074785 0.0169339 0.0093597 0.0056019 0.0074785 0.0918468 0.0397263 0.0940207 0.0188389 0.0121276 0.0940207 0.0671347 0.0145662 0.0093655 0.3204224 0.0754579 
260512_Pybus_Point             0.0074785 0.0000000 0.0169470 0.0056017 0.0018626 0.0000010 0.0919193 0.0343039 0.0940939 0.0188534 0.0121397 0.0940939 0.0671870 0.0145808 0.0093728 0.3207059 0.0755166 
261935_Kenai_River             0.0169339 0.0169470 0.0000000 0.0188534 0.0150450 0.0169470 0.0961368 0.0507454 0.0983206 0.0018645 0.0096943 0.0983206 0.0610425 0.0121287 0.0074878 0.3105128 0.0734205 
353213_Cropley_Lake            0.0093597 0.0056017 0.0188534 0.0000000 0.0037298 0.0056017 0.0940937 0.0370084 0.0962758 0.0207646 0.0145910 0.0962758 0.0692555 0.0170382 0.0112612 0.3242754 0.0776085 
353219_Peterson_Creek          0.0056019 0.0018626 0.0150450 0.0037298 0.0000000 0.0018626 0.0897491 0.0316081 0.0919175 0.0169466 0.0096960 0.0919175 0.0651226 0.0121309 0.0074888 0.3171437 0.0734288 
353220_Fish_Creek              0.0074785 0.0000010 0.0169470 0.0056017 0.0018626 0.0000000 0.0919193 0.0343039 0.0940939 0.0188534 0.0121397 0.0940939 0.0671870 0.0145808 0.0093728 0.3207059 0.0755166 
353379_Skagit_River            0.0918468 0.0919193 0.0961368 0.0940937 0.0897491 0.0919193 0.0000000 0.1617659 0.0016165 0.0983206 0.1162962 0.0016165 0.0331898 0.1191171 0.0875185 0.4829987 0.0400137 
353381_Dungeness_River         0.0397263 0.0343039 0.0507454 0.0370084 0.0316081 0.0343039 0.1617659 0.0000000 0.1651083 0.0507454 0.0587657 0.1651083 0.1260134 0.0627756 0.0398018 0.4858425 0.1386318 
353401_Peace_River             0.0940207 0.0940939 0.0983206 0.0962758 0.0919175 0.0940939 0.0016165 0.1651083 0.0000000 0.1005106 0.1192224 0.0000010 0.0348881 0.1220513 0.0896790 0.4873866 0.0417279 
353407_Noatok                  0.0188389 0.0188534 0.0018645 0.0207646 0.0169466 0.0188534 0.0983206 0.0507454 0.1005106 0.0000000 0.0121372 0.1005106 0.0630954 0.0145778 0.0093713 0.3140373 0.0755065 
353410_Horizon_Lake            0.0121276 0.0121397 0.0096943 0.0145910 0.0096960 0.0121397 0.1162962 0.0587657 0.1192224 0.0121372 0.0000000 0.1192224 0.0748072 0.0024118 0.0000010 0.4343810 0.0857556 
92319_Little_Lost              0.0940207 0.0940939 0.0983206 0.0962758 0.0919175 0.0940939 0.0016165 0.1651083 0.0000010 0.1005106 0.1192224 0.0000000 0.0348881 0.1220513 0.0896790 0.4873866 0.0417279 
GCA016432855_Lake_Trout        0.0671347 0.0671870 0.0610425 0.0692555 0.0651226 0.0671870 0.0331898 0.1260134 0.0348881 0.0630954 0.0748072 0.0348881 0.0000000 0.0774590 0.0569511 0.4040783 0.0129349 
GCA036784925_Maine_S_alpinus   0.0145662 0.0145808 0.0121287 0.0170382 0.0121309 0.0145808 0.1191171 0.0627756 0.1220513 0.0145778 0.0024118 0.1220513 0.0774590 0.0000000 0.0024118 0.4392645 0.0884373 
GCA045679555_Iceland_A_alpinus 0.0093655 0.0093728 0.0074878 0.0112612 0.0074888 0.0093728 0.0875185 0.0398018 0.0896790 0.0093713 0.0000010 0.0896790 0.0569511 0.0024118 0.0000000 0.3035567 0.0651703 
GCF013265735_Rainbow_Trout     0.3204224 0.3207059 0.3105128 0.3242754 0.3171437 0.3207059 0.4829987 0.4858425 0.4873866 0.3140373 0.4343810 0.4873866 0.4040783 0.4392645 0.3035567 0.0000000 0.4244519 
GCF029448725_Brook_Trout       0.0754579 0.0755166 0.0734205 0.0776085 0.0734288 0.0755166 0.0400137 0.1386318 0.0417279 0.0755065 0.0857556 0.0417279 0.0129349 0.0884373 0.0651703 0.4244519 0.0000000 
