19
251140_Ward_Creek              0.0000000 0.0000010 0.0962948 0.0122128 0.0108302 0.0962948 0.0859703 0.0117534 0.0993042 0.0960677 0.0446666 0.0505719 0.0523521 0.0539086 0.0869525 0.0888929 0.1281953 0.1912987 0.0523521 
260512_Pybus_Point             0.0000010 0.0000000 0.0962948 0.0122128 0.0108302 0.0962948 0.0859703 0.0117534 0.0993042 0.0960677 0.0446666 0.0505719 0.0523521 0.0539086 0.0869525 0.0888929 0.1281953 0.1912987 0.0523521 
261935_Kenai_River             0.0962948 0.0962948 0.0000000 0.0787098 0.0769910 0.0000010 0.0512937 0.0825274 0.1107890 0.0025694 0.2219823 0.0994676 0.1016478 0.0917092 0.0192533 0.0192533 0.0951216 0.1858563 0.1016478 
353213_Cropley_Lake            0.0122128 0.0122128 0.0787098 0.0000000 0.0012750 0.0787098 0.0675977 0.0013765 0.1044913 0.0785442 0.0648196 0.0682041 0.0701207 0.0732173 0.0696728 0.0714170 0.1142156 0.2362015 0.0701207 
353219_Peterson_Creek          0.0108302 0.0108302 0.0769910 0.0012750 0.0000000 0.0769910 0.0655609 0.0000010 0.1019162 0.0768300 0.0648196 0.0662987 0.0682041 0.0712557 0.0679380 0.0696728 0.1123243 0.2326470 0.0682041 
353246_Cottonwood_Creek        0.0962948 0.0962948 0.0000010 0.0787098 0.0769910 0.0000000 0.0512937 0.0825274 0.1107890 0.0025694 0.2219823 0.0994676 0.1016478 0.0917092 0.0192533 0.0192533 0.0951216 0.1858563 0.1016478 
353379_Skagit_River            0.0859703 0.0859703 0.0512937 0.0675977 0.0655609 0.0512937 0.0000000 0.0649731 0.0594693 0.0511747 0.2459969 0.0718336 0.0743806 0.0790336 0.0438698 0.0458449 0.1253592 0.3395895 0.0743806 
353381_Dungeness_River         0.0117534 0.0117534 0.0825274 0.0013765 0.0000010 0.0825274 0.0649731 0.0000000 0.0691691 0.0823365 0.0711375 0.0669139 0.0689996 0.0702197 0.0727445 0.0746610 0.1144968 0.2580191 0.0689996 
353401_Peace_River             0.0993042 0.0993042 0.1107890 0.1044913 0.1019162 0.1107890 0.0594693 0.0691691 0.0000000 0.1104232 0.3154338 0.0831762 0.0860070 0.0968784 0.1066760 0.1094585 0.1692125 0.4255472 0.0860070 
353407_Noatok                  0.0960677 0.0960677 0.0025694 0.0785442 0.0768300 0.0025694 0.0511747 0.0823365 0.1104232 0.0000000 0.2208333 0.0992008 0.1013731 0.0938507 0.0192209 0.0192209 0.0949127 0.1889537 0.1013731 
353410_Horizon_Lake            0.0446666 0.0446666 0.2219823 0.0648196 0.0648196 0.2219823 0.2459969 0.0711375 0.3154338 0.2208333 0.0000000 0.1365261 0.1400027 0.1248894 0.2111846 0.2153439 0.2562600 0.4823563 0.1400027 
92319_Little_Lost              0.0505719 0.0505719 0.0994676 0.0682041 0.0662987 0.0994676 0.0718336 0.0669139 0.0831762 0.0992008 0.1365261 0.0000000 0.0014657 0.0324639 0.0796669 0.0816976 0.1143763 0.1176142 0.0014657 
94280_St_Joe                   0.0523521 0.0523521 0.1016478 0.0701207 0.0682041 0.1016478 0.0743806 0.0689996 0.0860070 0.1013731 0.1400027 0.0014657 0.0000000 0.0343747 0.0816976 0.0837411 0.1165957 0.1203695 0.0000010 
GCA016432855_Lake_Trout        0.0539086 0.0539086 0.0917092 0.0732173 0.0712557 0.0917092 0.0790336 0.0702197 0.0968784 0.0938507 0.1248894 0.0324639 0.0343747 0.0000000 0.0996496 0.1019631 0.1008107 0.1286126 0.0343747 
GCA036784925_Maine_S_alpinus   0.0869525 0.0869525 0.0192533 0.0696728 0.0679380 0.0192533 0.0438698 0.0727445 0.1066760 0.0192209 0.2111846 0.0796669 0.0816976 0.0996496 0.0000000 0.0026575 0.0918343 0.1306764 0.0816976 
GCA045679555_Iceland_A_alpinus 0.0888929 0.0888929 0.0192533 0.0714170 0.0696728 0.0192533 0.0458449 0.0746610 0.1094585 0.0192209 0.2153439 0.0816976 0.0837411 0.1019631 0.0026575 0.0000000 0.0918343 0.1254059 0.0837411 
GCF013265735_Rainbow_Trout     0.1281953 0.1281953 0.0951216 0.1142156 0.1123243 0.0951216 0.1253592 0.1144968 0.1692125 0.0949127 0.2562600 0.1143763 0.1165957 0.1008107 0.0918343 0.0918343 0.0000000 0.1930002 0.1165957 
GCF029448725_Brook_Trout       0.1912987 0.1912987 0.1858563 0.2362015 0.2326470 0.1858563 0.3395895 0.2580191 0.4255472 0.1889537 0.4823563 0.1176142 0.1203695 0.1286126 0.1306764 0.1254059 0.1930002 0.0000000 0.1203695 
Methow_River_99895             0.0523521 0.0523521 0.1016478 0.0701207 0.0682041 0.1016478 0.0743806 0.0689996 0.0860070 0.1013731 0.1400027 0.0014657 0.0000010 0.0343747 0.0816976 0.0837411 0.1165957 0.1203695 0.0000000 
