16
251140_Ward_Creek            0.0000000 0.0727147 0.0207610 0.0727147 0.0053539 0.0695063 0.0826269 0.1270018 0.0826269 0.1501853 0.0163581 0.3630084 0.0828630 0.0163581 0.1732558 0.0892152 
260512_Pybus_Point           0.0727147 0.0000000 0.1379289 0.0000010 0.0665731 0.0079271 0.0194460 0.0021045 0.0194460 0.0098101 0.1892480 0.0573877 0.0111521 0.1892480 0.1765352 0.0161064 
261935_Kenai_River           0.0207610 0.1379289 0.0000000 0.1379289 0.0247284 0.1344713 0.1474899 0.2426858 0.1474899 0.2140507 0.0320758 0.5363450 0.1475896 0.0320758 0.1436940 0.1527261 
353213_Cropley_Lake          0.0727147 0.0000010 0.1379289 0.0000000 0.0665731 0.0079271 0.0194460 0.0021045 0.0194460 0.0098101 0.1892480 0.0573877 0.0111521 0.1892480 0.1765352 0.0161064 
353219_Peterson_Creek        0.0053539 0.0665731 0.0247284 0.0665731 0.0000000 0.0697474 0.0889473 0.1215190 0.0889473 0.1424254 0.0107808 0.3768635 0.0766602 0.0107808 0.1664471 0.0830611 
353220_Fish_Creek            0.0695063 0.0079271 0.1344713 0.0079271 0.0697474 0.0000000 0.0111587 0.0107041 0.0111587 0.0149004 0.1942600 0.0368218 0.0128370 0.1942600 0.1815276 0.0178470 
353379_Skagit_River          0.0826269 0.0194460 0.1474899 0.0194460 0.0889473 0.0111587 0.0000000 0.0264640 0.0000010 0.0398205 0.1998774 0.0137798 0.0141707 0.1998774 0.1687030 0.0191007 
353381_Dungeness_River       0.1270018 0.0021045 0.2426858 0.0021045 0.1215190 0.0107041 0.0264640 0.0000000 0.0264640 0.0151395 0.3665321 0.1446899 0.0173382 0.3665321 0.3422052 0.0241985 
353401_Peace_River           0.0826269 0.0194460 0.1474899 0.0194460 0.0889473 0.0111587 0.0000010 0.0264640 0.0000000 0.0398205 0.1998774 0.0137798 0.0141707 0.1998774 0.1687030 0.0191007 
353407_Noatok                0.1501853 0.0098101 0.2140507 0.0098101 0.1424254 0.0149004 0.0398205 0.0151395 0.0398205 0.0000000 0.2793759 0.1182434 0.0305904 0.2793759 0.2742932 0.0361170 
353410_Horizon_Lake          0.0163581 0.1892480 0.0320758 0.1892480 0.0107808 0.1942600 0.1998774 0.3665321 0.1998774 0.2793759 0.0000000 0.8229153 0.1920605 0.0000010 0.1725587 0.1966299 
92319_Little_Lost            0.3630084 0.0573877 0.5363450 0.0573877 0.3768635 0.0368218 0.0137798 0.1446899 0.0137798 0.1182434 0.8229153 0.0000000 0.0439264 0.8229153 0.7339226 0.0521299 
GCA016432855_Lake_Trout      0.0828630 0.0111521 0.1475896 0.0111521 0.0766602 0.0128370 0.0141707 0.0173382 0.0141707 0.0305904 0.1920605 0.0439264 0.0000000 0.1920605 0.1609731 0.0077888 
GCA036784925_Maine_S_alpinus 0.0163581 0.1892480 0.0320758 0.1892480 0.0107808 0.1942600 0.1998774 0.3665321 0.1998774 0.2793759 0.0000010 0.8229153 0.1920605 0.0000000 0.1725587 0.1966299 
GCF013265735_Rainbow_Trout   0.1732558 0.1765352 0.1436940 0.1765352 0.1664471 0.1815276 0.1687030 0.3422052 0.1687030 0.2742932 0.1725587 0.7339226 0.1609731 0.1725587 0.0000000 0.1666419 
GCF029448725_Brook_Trout     0.0892152 0.0161064 0.1527261 0.0161064 0.0830611 0.0178470 0.0191007 0.0241985 0.0191007 0.0361170 0.1966299 0.0521299 0.0077888 0.1966299 0.1666419 0.0000000 
