8
251140_Ward_Creek          0.0000000 0.0000010 0.8068563 0.8068563 0.0759293 0.3521421 0.0895813 0.8693368 
260512_Pybus_Point         0.0000010 0.0000000 0.8068563 0.8068563 0.0759293 0.3521421 0.0895813 0.8693368 
353379_Skagit_River        0.8068563 0.8068563 0.0000000 0.0000010 1.1205859 1.9075853 1.1259370 0.0215684 
353401_Peace_River         0.8068563 0.8068563 0.0000010 0.0000000 1.1205859 1.9075853 1.1259370 0.0215684 
GCA016432855_Lake_Trout    0.0759293 0.0759293 1.1205859 1.1205859 0.0000000 0.3695416 0.1819540 1.1890309 
GCF013265735_Rainbow_Trout 0.3521421 0.3521421 1.9075853 1.9075853 0.3695416 0.0000000 0.4968706 1.9536484 
GCF029448725_Brook_Trout   0.0895813 0.0895813 1.1259370 1.1259370 0.1819540 0.4968706 0.0000000 1.1890596 
Methow_River_99895         0.8693368 0.8693368 0.0215684 0.0215684 1.1890309 1.9536484 1.1890596 0.0000000 
