13
251140_Ward_Creek              0.0000000 0.0000010 0.4260717 0.2095537 0.0000010 0.2095537 0.1942224 0.0869262 0.4745015 0.1813526 0.0869262 2.7555467 1.0067075 
260512_Pybus_Point             0.0000010 0.0000000 0.4260717 0.2095537 0.0000010 0.2095537 0.1942224 0.0869262 0.4745015 0.1813526 0.0869262 2.7555467 1.0067075 
261935_Kenai_River             0.4260717 0.4260717 0.0000000 0.4260717 1.5297807 0.4260717 0.1813526 0.5502516 0.6723561 0.6723561 0.5502516 2.3539522 1.0861017 
353379_Skagit_River            0.2095537 0.2095537 0.4260717 0.0000000 8.9999985 0.0000010 0.1942224 0.3351911 0.4745015 0.4745015 0.3351911 2.7555467 1.0067075 
353381_Dungeness_River         0.0000010 0.0000010 1.5297807 8.9999985 0.0000000 8.9999985 1.0965232 0.3121715 2.7783159 0.6620960 0.3121715 3.6564182 8.9999980 
353401_Peace_River             0.2095537 0.2095537 0.4260717 0.0000010 8.9999985 0.0000000 0.1942224 0.3351911 0.4745015 0.4745015 0.3351911 2.7555467 1.0067075 
353407_Noatok                  0.1942224 0.1942224 0.1813526 0.1942224 1.0965232 0.1942224 0.0000000 0.3060429 0.4260717 0.4260717 0.3060429 2.3539522 0.7359949 
353410_Horizon_Lake            0.0869262 0.0869262 0.5502516 0.3351911 0.3121715 0.3351911 0.3060429 0.0000000 0.6223253 0.0869262 0.1813526 2.6262381 1.3445098 
GCA016432855_Lake_Trout        0.4745015 0.4745015 0.6723561 0.4745015 2.7783159 0.4745015 0.4260717 0.6223253 0.0000000 0.7681355 0.6223253 2.0746179 0.6223253 
GCA036784925_Maine_S_alpinus   0.1813526 0.1813526 0.6723561 0.4745015 0.6620960 0.4745015 0.4260717 0.0869262 0.7681355 0.0000000 0.2827373 2.7555467 1.5079299 
GCA045679555_Iceland_A_alpinus 0.0869262 0.0869262 0.5502516 0.3351911 0.3121715 0.3351911 0.3060429 0.1813526 0.6223253 0.2827373 0.0000000 2.6262381 1.3445098 
GCF013265735_Rainbow_Trout     2.7555467 2.7555467 2.3539522 2.7555467 3.6564182 2.7555467 2.3539522 2.6262381 2.0746179 2.7555467 2.6262381 0.0000000 2.7555467 
GCF029448725_Brook_Trout       1.0067075 1.0067075 1.0861017 1.0067075 8.9999980 1.0067075 0.7359949 1.3445098 0.6223253 1.5079299 1.3445098 2.7555467 0.0000000 
