14
251140_Ward_Creek              0.0000000 0.0000010 0.0086706 0.0130432 0.4783478 0.0130432 0.0000010 0.0043228 0.0176479 0.0130432 0.0043228 0.1367412 0.0218674 0.0176479 
260512_Pybus_Point             0.0000010 0.0000000 0.0086706 0.0130432 0.4783478 0.0130432 0.0000010 0.0043228 0.0176479 0.0130432 0.0043228 0.1367412 0.0218674 0.0176479 
353219_Peterson_Creek          0.0086706 0.0086706 0.0000000 0.0218674 0.4783478 0.0218674 0.0095845 0.0130432 0.0296481 0.0218674 0.0130432 0.1471578 0.0307961 0.0296481 
353379_Skagit_River            0.0130432 0.0130432 0.0218674 0.0000000 0.5509842 0.0000010 0.0144226 0.0174426 0.0000010 0.0086706 0.0174426 0.1213823 0.0263185 0.0000010 
353381_Dungeness_River         0.4783478 0.4783478 0.4783478 0.5509842 0.0000000 0.5509842 0.7755553 0.5017872 0.5509842 0.5509842 0.5017872 1.6854258 0.6036381 0.5509842 
353401_Peace_River             0.0130432 0.0130432 0.0218674 0.0000010 0.5509842 0.0000000 0.0144226 0.0174426 0.0000010 0.0086706 0.0174426 0.1213823 0.0263185 0.0000010 
353407_Noatok                  0.0000010 0.0000010 0.0095845 0.0144226 0.7755553 0.0144226 0.0000000 0.0047770 0.0202713 0.0144226 0.0047770 0.1526217 0.0241956 0.0202713 
353410_Horizon_Lake            0.0043228 0.0043228 0.0130432 0.0174426 0.5017872 0.0174426 0.0047770 0.0000000 0.0236240 0.0174426 0.0086706 0.1419314 0.0263185 0.0236240 
94280_St_Joe                   0.0176479 0.0176479 0.0296481 0.0000010 0.5509842 0.0000010 0.0202713 0.0236240 0.0000000 0.0117190 0.0236240 0.1688126 0.0357209 0.0000010 
GCA016432855_Lake_Trout        0.0130432 0.0130432 0.0218674 0.0086706 0.5509842 0.0086706 0.0144226 0.0174426 0.0117190 0.0000000 0.0174426 0.1213823 0.0174426 0.0117190 
GCA045679555_Iceland_A_alpinus 0.0043228 0.0043228 0.0130432 0.0174426 0.5017872 0.0174426 0.0047770 0.0086706 0.0236240 0.0174426 0.0000000 0.1367412 0.0263185 0.0236240 
GCF013265735_Rainbow_Trout     0.1367412 0.1367412 0.1471578 0.1213823 1.6854258 0.1213823 0.1526217 0.1419314 0.1688126 0.1213823 0.1367412 0.0000000 0.1419314 0.1688126 
GCF029448725_Brook_Trout       0.0218674 0.0218674 0.0307961 0.0263185 0.6036381 0.0263185 0.0241956 0.0263185 0.0357209 0.0174426 0.0263185 0.1419314 0.0000000 0.0357209 
Methow_River_99895             0.0176479 0.0176479 0.0296481 0.0000010 0.5509842 0.0000010 0.0202713 0.0236240 0.0000010 0.0117190 0.0236240 0.1688126 0.0357209 0.0000000 
