20
251140_Ward_Creek              0.0000000 0.0000010 0.3934824 0.0073976 0.0147438 0.0148560 0.3530814 0.4856885 3.1829587 0.5332749 0.0689014 0.3352478 0.5666963 0.4978366 0.5806824 0.2986249 0.3090667 1.6978727 0.9260778 0.5096349 
260512_Pybus_Point             0.0000010 0.0000000 0.3934824 0.0073976 0.0147438 0.0148560 0.3530814 0.4856885 3.1829587 0.5332749 0.0689014 0.3352478 0.5666963 0.4978366 0.5806824 0.2986249 0.3090667 1.6978727 0.9260778 0.5096349 
261935_Kenai_River             0.3934824 0.3934824 0.0000000 0.4130981 0.3934824 0.4270555 0.2440293 0.4772569 2.9144978 0.5288137 0.5010156 0.2825295 0.5650937 0.4903947 0.5523946 0.2456912 0.2456912 1.2632622 0.9395176 0.5031735 
353213_Cropley_Lake            0.0073976 0.0073976 0.4130981 0.0000000 0.0223629 0.0073454 0.3725128 0.5048170 3.1829587 0.5534657 0.0774636 0.3501495 0.5880741 0.5172530 0.6032217 0.3124336 0.3231074 1.7352522 0.9576022 0.5293136 
353219_Peterson_Creek          0.0147438 0.0147438 0.3934824 0.0223629 0.0000000 0.0299399 0.3530814 0.4856885 3.3057209 0.5332749 0.0689014 0.3352478 0.5666963 0.4978366 0.5806824 0.2986249 0.3090667 1.6978727 0.9260778 0.5096349 
353220_Fish_Creek              0.0148560 0.0148560 0.4270555 0.0073454 0.0299399 0.0000000 0.3868578 0.5172530 3.0491918 0.5659837 0.0855683 0.3612996 0.6008882 0.5297258 0.6165518 0.3231074 0.3338589 1.7357725 0.9698630 0.5418075 
353246_Cottonwood_Creek        0.3530814 0.3530814 0.2440293 0.3725128 0.3530814 0.3868578 0.0000000 0.2612727 0.9188642 0.3066215 0.3149673 0.0532726 0.3346802 0.2726498 0.3168823 0.0347556 0.0347556 1.6458205 0.6656600 0.2839046 
353379_Skagit_River            0.4856885 0.4856885 0.4772569 0.5048170 0.4856885 0.5172530 0.2612727 0.0000000 1.7262612 0.0268219 0.4782996 0.2420607 0.0475903 0.0066413 0.2485499 0.2127264 0.2214726 1.3171258 0.4176092 0.0133261 
353381_Dungeness_River         3.1829587 3.1829587 2.9144978 3.1829587 3.3057209 3.0491918 0.9188642 1.7262612 0.0000000 1.7367679 2.9480232 1.0036916 1.8503959 1.7286274 2.1333786 0.7811897 0.7811897 3.0402266 2.3129508 1.7321540 
353401_Peace_River             0.5332749 0.5332749 0.5288137 0.5534657 0.5332749 0.5659837 0.3066215 0.0268219 1.7367679 0.0000000 0.5263507 0.2781911 0.0475743 0.0336495 0.2847457 0.2476323 0.2565975 1.3434883 0.4585595 0.0405073 
353407_Noatok                  0.0689014 0.0689014 0.5010156 0.0774636 0.0689014 0.0855683 0.3149673 0.4782996 2.9480232 0.5263507 0.0000000 0.3052312 0.5674987 0.4905546 0.5739013 0.2696230 0.2799165 1.6765682 0.9373487 0.5024670 
353410_Horizon_Lake            0.3352478 0.3352478 0.2825295 0.3501495 0.3352478 0.3612996 0.0532726 0.2420607 1.0036916 0.2781911 0.3052312 0.0000000 0.3075862 0.2511287 0.2851879 0.0209843 0.0280875 1.4424894 0.5532602 0.2601017 
92319_Little_Lost              0.5666963 0.5666963 0.5650937 0.5880741 0.5666963 0.6008882 0.3346802 0.0475903 1.8503959 0.0475743 0.5674987 0.3075862 0.0000000 0.0406379 0.3142780 0.2758518 0.2850367 1.3837458 0.4929760 0.0475621 
94280_St_Joe                   0.4978366 0.4978366 0.4903947 0.5172530 0.4978366 0.5297258 0.2726498 0.0066413 1.7286274 0.0336495 0.4905546 0.2511287 0.0406379 0.0000000 0.2576323 0.2214726 0.2302792 1.3242174 0.4280210 0.0066375 
GCA016432855_Lake_Trout        0.5806824 0.5806824 0.5523946 0.6032217 0.5806824 0.6165518 0.3168823 0.2485499 2.1333786 0.2847457 0.5739013 0.2851879 0.3142780 0.2576323 0.0000000 0.2535334 0.2627834 1.4481432 0.2601400 0.2666189 
GCA036784925_Maine_S_alpinus   0.2986249 0.2986249 0.2456912 0.3124336 0.2986249 0.3231074 0.0347556 0.2127264 0.7811897 0.2476323 0.2696230 0.0209843 0.2758518 0.2214726 0.2535334 0.0000000 0.0068810 1.4380288 0.5105241 0.2301448 
GCA045679555_Iceland_A_alpinus 0.3090667 0.3090667 0.2456912 0.3231074 0.3090667 0.3338589 0.0347556 0.2214726 0.7811897 0.2565975 0.2799165 0.0280875 0.2850367 0.2302792 0.2627834 0.0068810 0.0000000 1.4428773 0.5214363 0.2390051 
GCF013265735_Rainbow_Trout     1.6978727 1.6978727 1.2632622 1.7352522 1.6978727 1.7357725 1.6458205 1.3171258 3.0402266 1.3434883 1.6765682 1.4424894 1.3837458 1.3242174 1.4481432 1.4380288 1.4428773 0.0000000 1.6137265 1.3308041 
GCF029448725_Brook_Trout       0.9260778 0.9260778 0.9395176 0.9576022 0.9260778 0.9698630 0.6656600 0.4176092 2.3129508 0.4585595 0.9373487 0.5532602 0.4929760 0.4280210 0.2601400 0.5105241 0.5214363 1.6137265 0.0000000 0.4381800 
Methow_River_99895             0.5096349 0.5096349 0.5031735 0.5293136 0.5096349 0.5418075 0.2839046 0.0133261 1.7321540 0.0405073 0.5024670 0.2601017 0.0475621 0.0066375 0.2666189 0.2301448 0.2390051 1.3308041 0.4381800 0.0000000 
