19
251140_Ward_Creek              0.0000000 0.0363188 0.0983778 0.0000010 0.0205037 0.0050593 0.2348192 0.1769153 0.5059856 0.1637804 0.1219957 0.1571014 0.2167438 0.1637804 0.2310237 0.1845540 0.1717007 1.3682843 0.3782597 
260512_Pybus_Point             0.0363188 0.0000000 0.1156027 0.0363188 0.0470718 0.0416246 0.2558652 0.2102901 0.7276234 0.1964709 0.1036093 0.1392153 0.2451492 0.1964709 0.2523534 0.1898678 0.1770169 1.5016520 0.4224991 
261935_Kenai_River             0.0983778 0.1156027 0.0000000 0.0983778 0.1224025 0.1041540 0.2982255 0.2620358 0.6890395 0.2469694 0.0204224 0.1329828 0.3391614 0.2469694 0.3661969 0.0740199 0.0630174 1.6398671 0.5482146 
353213_Cropley_Lake            0.0000010 0.0363188 0.0983778 0.0000000 0.0205037 0.0050593 0.2348192 0.1769153 0.5059856 0.1637804 0.1219957 0.1571014 0.2167438 0.1637804 0.2310237 0.1845540 0.1717007 1.3682843 0.3782597 
353219_Peterson_Creek          0.0205037 0.0470718 0.1224025 0.0205037 0.0000000 0.0153389 0.2657298 0.1900065 0.5817832 0.1766144 0.1342554 0.1697975 0.2444813 0.1766144 0.2451345 0.1978835 0.1848115 1.4447910 0.3953078 
353220_Fish_Creek              0.0050593 0.0416246 0.1041540 0.0050593 0.0153389 0.0000000 0.2419568 0.1831674 0.4797991 0.1699290 0.1279261 0.1631935 0.2253689 0.1699290 0.2376750 0.1909075 0.1779686 1.3767899 0.3859993 
353246_Cottonwood_Creek        0.2348192 0.2558652 0.2982255 0.2348192 0.2657298 0.2419568 0.0000000 0.4537596 1.0131016 0.4328642 0.3305855 0.3128267 0.6499815 0.4328642 0.5679701 0.2505333 0.2356514 2.0573684 0.8125064 
353379_Skagit_River            0.1769153 0.2102901 0.2620358 0.1769153 0.1900065 0.1831674 0.4537596 0.0000000 1.3671447 0.0204258 0.2757930 0.3640225 0.0066692 0.0204258 0.3380839 0.3286133 0.3133177 1.5867338 0.4071498 
353381_Dungeness_River         0.5059856 0.7276234 0.6890395 0.5059856 0.5817832 0.4797991 1.0131016 1.3671447 0.0000000 1.3453967 0.8358838 1.0572933 1.9431211 1.3453967 1.8121795 1.1847243 1.1004288 3.1709139 2.1660817 
353401_Peace_River             0.1637804 0.1964709 0.2469694 0.1637804 0.1766144 0.1699290 0.4328642 0.0204258 1.3453967 0.0000000 0.2604832 0.3470324 0.0202568 0.0000010 0.3213672 0.3205599 0.3054197 1.5420582 0.3638457 
353407_Noatok                  0.1219957 0.1036093 0.0204224 0.1219957 0.1342554 0.1279261 0.3305855 0.2757930 0.8358838 0.2604832 0.0000000 0.1207495 0.3490064 0.2604832 0.3640636 0.0850202 0.0738887 1.6925173 0.5661793 
353410_Horizon_Lake            0.1571014 0.1392153 0.1329828 0.1571014 0.1697975 0.1631935 0.3128267 0.3640225 1.0572933 0.3470324 0.1207495 0.0000000 0.4638940 0.3470324 0.3995995 0.0968869 0.0855254 1.7563066 0.6239334 
92319_Little_Lost              0.2167438 0.2451492 0.3391614 0.2167438 0.2444813 0.2253689 0.6499815 0.0066692 1.9431211 0.0202568 0.3490064 0.4638940 0.0000000 0.0202568 0.4644454 0.4495310 0.4264550 1.9008168 0.5888686 
94280_St_Joe                   0.1637804 0.1964709 0.2469694 0.1637804 0.1766144 0.1699290 0.4328642 0.0204258 1.3453967 0.0000010 0.2604832 0.3470324 0.0202568 0.0000000 0.3213672 0.3205599 0.3054197 1.5420582 0.3638457 
GCA016432855_Lake_Trout        0.2310237 0.2523534 0.3661969 0.2310237 0.2451345 0.2376750 0.5679701 0.3380839 1.8121795 0.3213672 0.3640636 0.3995995 0.4644454 0.3213672 0.0000000 0.4523846 0.4346278 1.0448289 0.2371670 
GCA036784925_Maine_S_alpinus   0.1845540 0.1898678 0.0740199 0.1845540 0.1978835 0.1909075 0.2505333 0.3286133 1.1847243 0.3205599 0.0850202 0.0968869 0.4495310 0.3205599 0.4523846 0.0000000 0.0101163 1.8343494 0.6542504 
GCA045679555_Iceland_A_alpinus 0.1717007 0.1770169 0.0630174 0.1717007 0.1848115 0.1779686 0.2356514 0.3133177 1.1004288 0.3054197 0.0738887 0.0855254 0.4264550 0.3054197 0.4346278 0.0101163 0.0000000 1.8064784 0.6324250 
GCF013265735_Rainbow_Trout     1.3682843 1.5016520 1.6398671 1.3682843 1.4447910 1.3767899 2.0573684 1.5867338 3.1709139 1.5420582 1.6925173 1.7563066 1.9008168 1.5420582 1.0448289 1.8343494 1.8064784 0.0000000 1.2376181 
GCF029448725_Brook_Trout       0.3782597 0.4224991 0.5482146 0.3782597 0.3953078 0.3859993 0.8125064 0.4071498 2.1660817 0.3638457 0.5661793 0.6239334 0.5888686 0.3638457 0.2371670 0.6542504 0.6324250 1.2376181 0.0000000 
