16
251140_Ward_Creek              0.0000000 0.0054308 0.0100044 0.0054308 0.0077546 0.0130186 0.0217940 0.0212366 0.0217940 0.0091677 0.0086597 0.0148731 0.0091677 0.0110115 0.0857415 0.0368920 
260512_Pybus_Point             0.0054308 0.0000000 0.0100044 0.0000010 0.0077546 0.0061533 0.0144198 0.0046520 0.0144198 0.0034966 0.0020470 0.0088575 0.0034966 0.0052495 0.0728975 0.0298908 
261935_Kenai_River             0.0100044 0.0100044 0.0000000 0.0100044 0.0000010 0.0201114 0.0235034 0.1554193 0.0235034 0.0133618 0.0133618 0.0201114 0.0133618 0.0167309 0.1334428 0.0269561 
353213_Cropley_Lake            0.0054308 0.0000010 0.0100044 0.0000000 0.0077546 0.0061533 0.0144198 0.0046520 0.0144198 0.0034966 0.0020470 0.0088575 0.0034966 0.0052495 0.0728975 0.0298908 
353220_Fish_Creek              0.0077546 0.0077546 0.0000010 0.0077546 0.0000000 0.0155702 0.0181898 0.0354585 0.0181898 0.0103530 0.0103530 0.0155702 0.0103530 0.0129582 0.0961770 0.0208451 
353246_Cottonwood_Creek        0.0130186 0.0061533 0.0201114 0.0061533 0.0155702 0.0000000 0.0206645 0.0140227 0.0206645 0.0040982 0.0040982 0.0164970 0.0040982 0.0061533 0.0804909 0.0206875 
353379_Skagit_River            0.0217940 0.0144198 0.0235034 0.0144198 0.0181898 0.0206645 0.0000000 0.0378451 0.0000010 0.0164970 0.0157648 0.0123469 0.0157648 0.0185786 0.0664677 0.0206875 
353381_Dungeness_River         0.0212366 0.0046520 0.1554193 0.0046520 0.0354585 0.0140227 0.0378451 0.0000000 0.0378451 0.0093256 0.0093256 0.0182810 0.0093256 0.0093256 0.1051132 0.0379419 
353401_Peace_River             0.0217940 0.0144198 0.0235034 0.0144198 0.0181898 0.0206645 0.0000010 0.0378451 0.0000000 0.0164970 0.0157648 0.0123469 0.0157648 0.0185786 0.0664677 0.0206875 
353407_Noatok                  0.0091677 0.0034966 0.0133618 0.0034966 0.0103530 0.0040982 0.0164970 0.0093256 0.0164970 0.0000000 0.0000010 0.0124236 0.0000010 0.0017467 0.0754216 0.0338250 
353410_Horizon_Lake            0.0086597 0.0020470 0.0133618 0.0020470 0.0103530 0.0040982 0.0157648 0.0093256 0.0157648 0.0000010 0.0000000 0.0123469 0.0000010 0.0020470 0.0657447 0.0165153 
GCA016432855_Lake_Trout        0.0148731 0.0088575 0.0201114 0.0088575 0.0155702 0.0164970 0.0123469 0.0182810 0.0123469 0.0124236 0.0123469 0.0000000 0.0124236 0.0142112 0.0678668 0.0268932 
GCA036784925_Maine_S_alpinus   0.0091677 0.0034966 0.0133618 0.0034966 0.0103530 0.0040982 0.0157648 0.0093256 0.0157648 0.0000010 0.0000010 0.0124236 0.0000000 0.0017467 0.0657447 0.0338250 
GCA045679555_Iceland_A_alpinus 0.0110115 0.0052495 0.0167309 0.0052495 0.0129582 0.0061533 0.0185786 0.0093256 0.0185786 0.0017467 0.0020470 0.0142112 0.0017467 0.0000000 0.0779536 0.0356377 
GCF013265735_Rainbow_Trout     0.0857415 0.0728975 0.1334428 0.0728975 0.0961770 0.0804909 0.0664677 0.1051132 0.0664677 0.0754216 0.0657447 0.0678668 0.0657447 0.0779536 0.0000000 0.0729938 
GCF029448725_Brook_Trout       0.0368920 0.0298908 0.0269561 0.0298908 0.0208451 0.0206875 0.0206875 0.0379419 0.0206875 0.0338250 0.0165153 0.0268932 0.0338250 0.0356377 0.0729938 0.0000000 
