16
251140_Ward_Creek              0.0000000 0.0000010 0.1379878 0.0014330 0.2183828 0.2386380 0.0176029 0.0117164 0.0014333 0.0192849 0.0176029 0.0508494 0.0014333 0.0028772 0.4225450 0.1045867 
260512_Pybus_Point             0.0000010 0.0000000 0.1379878 0.0014330 0.2183828 0.2386380 0.0176029 0.0117164 0.0014333 0.0192849 0.0176029 0.0508494 0.0014333 0.0028772 0.4225450 0.1045867 
261935_Kenai_River             0.1379878 0.1379878 0.0000000 0.1412938 0.0615471 0.0831600 0.1715525 0.1314356 0.1347062 0.1761852 0.1715525 0.2652562 0.1347062 0.1385298 3.0986268 0.1338691 
353213_Cropley_Lake            0.0014330 0.0014330 0.1412938 0.0000000 0.2216262 0.2386380 0.0192454 0.0132076 0.0028722 0.0209381 0.0192454 0.0525551 0.0028722 0.0043243 0.4282371 0.1074504 
353379_Skagit_River            0.2183828 0.2183828 0.0615471 0.2216262 0.0000000 0.0177462 0.2118573 0.2119416 0.2151604 0.2160974 0.2118573 0.3386256 0.2151604 0.2192100 2.0905700 0.0797062 
353381_Dungeness_River         0.2386380 0.2386380 0.0831600 0.2386380 0.0177462 0.0000000 0.3436679 0.2767392 0.2426494 0.3514367 0.3436679 0.4237939 0.2426494 0.2477587 8.9999990 0.1116330 
353401_Peace_River             0.0176029 0.0176029 0.1715525 0.0192454 0.2118573 0.3436679 0.0000000 0.0143383 0.0159676 0.0015591 0.0000010 0.0636207 0.0159676 0.0176374 0.4799623 0.1311591 
353407_Noatok                  0.0117164 0.0117164 0.1314356 0.0132076 0.2119416 0.2767392 0.0143383 0.0000000 0.0102312 0.0159988 0.0143383 0.0579858 0.0102312 0.0117372 0.4225350 0.1045837 
353410_Horizon_Lake            0.0014333 0.0014333 0.1347062 0.0028722 0.2151604 0.2426494 0.0159676 0.0102312 0.0000000 0.0176388 0.0159676 0.0491512 0.0000010 0.0014357 0.4169226 0.1017422 
92319_Little_Lost              0.0192849 0.0192849 0.1761852 0.0209381 0.2160974 0.3514367 0.0015591 0.0159988 0.0176388 0.0000000 0.0015591 0.0657071 0.0176388 0.0193229 0.4899592 0.1349417 
94280_St_Joe                   0.0176029 0.0176029 0.1715525 0.0192454 0.2118573 0.3436679 0.0000010 0.0143383 0.0159676 0.0015591 0.0000000 0.0636207 0.0159676 0.0176374 0.4799623 0.1311591 
GCA016432855_Lake_Trout        0.0508494 0.0508494 0.2652562 0.0525551 0.3386256 0.4237939 0.0636207 0.0579858 0.0491512 0.0657071 0.0636207 0.0000000 0.0491512 0.0509528 0.6467274 0.1850421 
GCA036784925_Maine_S_alpinus   0.0014333 0.0014333 0.1347062 0.0028722 0.2151604 0.2426494 0.0159676 0.0102312 0.0000010 0.0176388 0.0159676 0.0491512 0.0000000 0.0014357 0.4169226 0.1017422 
GCA045679555_Iceland_A_alpinus 0.0028772 0.0028772 0.1385298 0.0043243 0.2192100 0.2477587 0.0176374 0.0117372 0.0014357 0.0193229 0.0176374 0.0509528 0.0014357 0.0000000 0.4249306 0.1049434 
GCF013265735_Rainbow_Trout     0.4225450 0.4225450 3.0986268 0.4282371 2.0905700 8.9999990 0.4799623 0.4225350 0.4169226 0.4899592 0.4799623 0.6467274 0.4169226 0.4249306 0.0000000 1.5955368 
GCF029448725_Brook_Trout       0.1045867 0.1045867 0.1338691 0.1074504 0.0797062 0.1116330 0.1311591 0.1045837 0.1017422 0.1349417 0.1311591 0.1850421 0.1017422 0.1049434 1.5955368 0.0000000 
