16
251140_Ward_Creek              0.0000000 0.0000010 0.0077287 0.0477245 0.0077287 0.0779349 0.0077287 0.0314958 0.0233493 0.0079141 0.0155791 0.0559171 0.0233493 0.0233493 0.3974487 0.0890819 
260512_Pybus_Point             0.0000010 0.0000000 0.0077287 0.0477245 0.0077287 0.0779349 0.0077287 0.0314958 0.0233493 0.0079141 0.0155791 0.0559171 0.0233493 0.0233493 0.3974487 0.0890819 
353220_Fish_Creek              0.0077287 0.0077287 0.0000000 0.0560689 0.0155629 0.0991313 0.0155629 0.0396421 0.0313446 0.0159396 0.0235280 0.0643573 0.0313446 0.0313446 0.4113153 0.0978808 
353246_Cottonwood_Creek        0.0477245 0.0477245 0.0560689 0.0000000 0.0394543 0.1912236 0.0394543 0.0311661 0.0556317 0.0404234 0.0477245 0.0897980 0.0556317 0.0556317 0.4503596 0.1241926 
353379_Skagit_River            0.0077287 0.0077287 0.0155629 0.0394543 0.0000000 0.0991313 0.0000010 0.0234365 0.0154458 0.0000010 0.0077287 0.0475449 0.0154458 0.0154458 0.3833436 0.0803225 
353381_Dungeness_River         0.0779349 0.0779349 0.0991313 0.1912236 0.0991313 0.0000000 0.0991313 0.1667143 0.1413817 0.1055020 0.1214289 0.2152812 0.1413817 0.1413817 1.9495299 0.3137082 
353401_Peace_River             0.0077287 0.0077287 0.0155629 0.0394543 0.0000010 0.0991313 0.0000000 0.0234365 0.0154458 0.0000010 0.0077287 0.0475449 0.0154458 0.0154458 0.3833436 0.0803225 
353407_Noatok                  0.0314958 0.0314958 0.0396421 0.0311661 0.0234365 0.1667143 0.0234365 0.0000000 0.0393369 0.0240061 0.0314958 0.0727024 0.0234153 0.0234153 0.4237270 0.1064856 
353410_Horizon_Lake            0.0233493 0.0233493 0.0313446 0.0556317 0.0154458 0.1413817 0.0154458 0.0393369 0.0000000 0.0158167 0.0233493 0.0638525 0.0154303 0.0154303 0.4069721 0.0970981 
92319_Little_Lost              0.0079141 0.0079141 0.0159396 0.0404234 0.0000010 0.1055020 0.0000010 0.0240061 0.0158167 0.0000000 0.0079141 0.0487182 0.0158167 0.0158167 0.3663945 0.0823343 
94280_St_Joe                   0.0155791 0.0155791 0.0235280 0.0477245 0.0077287 0.1214289 0.0077287 0.0314958 0.0233493 0.0079141 0.0000000 0.0559171 0.0233493 0.0233493 0.3974487 0.0890819 
GCA016432855_Lake_Trout        0.0559171 0.0559171 0.0643573 0.0897980 0.0475449 0.2152812 0.0475449 0.0727024 0.0638525 0.0487182 0.0559171 0.0000000 0.0638525 0.0638525 0.3606130 0.0311383 
GCA036784925_Maine_S_alpinus   0.0233493 0.0233493 0.0313446 0.0556317 0.0154458 0.1413817 0.0154458 0.0234153 0.0154303 0.0158167 0.0233493 0.0638525 0.0000000 0.0000010 0.4069721 0.0970981 
GCA045679555_Iceland_A_alpinus 0.0233493 0.0233493 0.0313446 0.0556317 0.0154458 0.1413817 0.0154458 0.0234153 0.0154303 0.0158167 0.0233493 0.0638525 0.0000010 0.0000000 0.4069721 0.0970981 
GCF013265735_Rainbow_Trout     0.3974487 0.3974487 0.4113153 0.4503596 0.3833436 1.9495299 0.3833436 0.4237270 0.4069721 0.3663945 0.3974487 0.3606130 0.4069721 0.4069721 0.0000000 0.4069721 
GCF029448725_Brook_Trout       0.0890819 0.0890819 0.0978808 0.1241926 0.0803225 0.3137082 0.0803225 0.1064856 0.0970981 0.0823343 0.0890819 0.0311383 0.0970981 0.0970981 0.4069721 0.0000000 
