11
251140_Ward_Creek              0.0000000 0.0000010 1.5831764 1.5263026 1.5263026 1.0986793 1.8502490 0.3174281 0.9362216 2.1871178 2.7715549 
260512_Pybus_Point             0.0000010 0.0000000 1.5831764 1.5263026 1.5263026 1.0986793 1.8502490 0.3174281 0.9362216 2.1871178 2.7715549 
353246_Cottonwood_Creek        1.5831764 1.5831764 0.0000000 1.9753716 1.9753716 0.5021565 2.2840782 1.5934161 1.5653101 2.4838150 3.2084277 
353379_Skagit_River            1.5263026 1.5263026 1.9753716 0.0000000 0.0000010 1.6000504 2.0168143 1.5653101 1.5934161 2.3544018 2.8028347 
353401_Peace_River             1.5263026 1.5263026 1.9753716 0.0000010 0.0000000 1.6000504 2.0168143 1.5653101 1.5934161 2.3544018 2.8028347 
353410_Horizon_Lake            1.0986793 1.0986793 0.5021565 1.6000504 1.6000504 0.0000000 1.9202898 1.2020224 0.9362216 2.2813879 2.7715549 
GCA016432855_Lake_Trout        1.8502490 1.8502490 2.2840782 2.0168143 2.0168143 1.9202898 0.0000000 1.8265940 1.8804325 2.3418736 8.9999986 
GCA036784925_Maine_S_alpinus   0.3174281 0.3174281 1.5934161 1.5653101 1.5653101 1.2020224 1.8265940 0.0000000 1.0986793 2.1496396 2.6203587 
GCA045679555_Iceland_A_alpinus 0.9362216 0.9362216 1.5653101 1.5934161 1.5934161 0.9362216 1.8804325 1.0986793 0.0000000 2.3418736 2.9807262 
GCF013265735_Rainbow_Trout     2.1871178 2.1871178 2.4838150 2.3544018 2.3544018 2.2813879 2.3418736 2.1496396 2.3418736 0.0000000 3.3257444 
GCF029448725_Brook_Trout       2.7715549 2.7715549 3.2084277 2.8028347 2.8028347 2.7715549 8.9999986 2.6203587 2.9807262 3.3257444 0.0000000 
