14
251140_Ward_Creek              0.0000000 0.0000010 1.4157085 1.5355879 8.9999983 1.5414804 1.4168655 1.3569093 1.5414804 1.4194452 1.3569093 1.4125119 5.3300504 1.1300117 
260512_Pybus_Point             0.0000010 0.0000000 1.4157085 1.5355879 8.9999983 1.5414804 1.4168655 1.3569093 1.5414804 1.4194452 1.3569093 1.4125119 5.3300504 1.1300117 
353246_Cottonwood_Creek        1.4157085 1.4157085 0.0000000 0.0842175 2.1528658 0.0734113 0.0099767 0.0515641 0.0734113 0.0620205 0.0515641 0.0625368 1.5067836 0.2525178 
353379_Skagit_River            1.5355879 1.5355879 0.0842175 0.0000000 2.3566000 0.0100257 0.0734113 0.0521066 0.0100257 0.0626786 0.0521066 0.0632066 1.5581502 0.2431658 
353381_Dungeness_River         8.9999983 8.9999983 2.1528658 2.3566000 0.0000000 2.4439418 2.2120944 2.5746465 2.4439418 2.7027753 2.5746465 2.7964076 2.0153655 1.9407281 
353401_Peace_River             1.5414804 1.5414804 0.0734113 0.0100257 2.4439418 0.0000000 0.0626786 0.0415147 0.0000010 0.0520229 0.0415147 0.0524550 1.5633484 0.2303600 
353407_Noatok                  1.4168655 1.4168655 0.0099767 0.0734113 2.2120944 0.0626786 0.0000000 0.0410868 0.0626786 0.0514821 0.0410868 0.0519048 1.5101950 0.2398958 
353410_Horizon_Lake            1.3569093 1.3569093 0.0515641 0.0521066 2.5746465 0.0415147 0.0410868 0.0000000 0.0415147 0.0306893 0.0000010 0.0100694 1.4188937 0.2149999 
92319_Little_Lost              1.5414804 1.5414804 0.0734113 0.0100257 2.4439418 0.0000010 0.0626786 0.0415147 0.0000000 0.0520229 0.0415147 0.0524550 1.5633484 0.2303600 
GCA016432855_Lake_Trout        1.4194452 1.4194452 0.0620205 0.0626786 2.7027753 0.0520229 0.0514821 0.0306893 0.0520229 0.0000000 0.0306893 0.0413529 1.5138017 0.1978313 
GCA036784925_Maine_S_alpinus   1.3569093 1.3569093 0.0515641 0.0521066 2.5746465 0.0415147 0.0410868 0.0000010 0.0415147 0.0306893 0.0000000 0.0100694 1.4188937 0.2149999 
GCA045679555_Iceland_A_alpinus 1.4125119 1.4125119 0.0625368 0.0632066 2.7964076 0.0524550 0.0519048 0.0100694 0.0524550 0.0413529 0.0100694 0.0000000 1.4627243 0.2298297 
GCF013265735_Rainbow_Trout     5.3300504 5.3300504 1.5067836 1.5581502 2.0153655 1.5633484 1.5101950 1.4188937 1.5633484 1.5138017 1.4188937 1.4627243 0.0000000 1.1758716 
GCF029448725_Brook_Trout       1.1300117 1.1300117 0.2525178 0.2431658 1.9407281 0.2303600 0.2398958 0.2149999 0.2303600 0.1978313 0.2149999 0.2298297 1.1758716 0.0000000 
