20
251140_Ward_Creek              0.0000000 0.9974409 0.1485439 0.0728984 0.0000010 0.9338056 0.1230491 0.5266509 0.7610055 0.5682770 0.1676625 0.0713340 1.9577449 0.5266509 0.2723248 0.1763553 0.2038996 2.9672654 0.5995918 0.6724061 
260512_Pybus_Point             0.9974409 0.0000000 1.3065701 0.8534370 0.9974409 0.0822837 1.3680008 2.2244033 3.4618019 2.2148738 0.1704986 1.1788232 0.7289841 2.2244033 1.6088807 1.3680008 1.4178268 4.0763652 2.0286943 2.4549908 
261935_Kenai_River             0.1485439 1.3065701 0.0000000 0.0554803 0.1485439 0.5382275 0.2175103 0.7319286 0.3747781 0.7880040 0.3834969 0.1485439 2.7662406 0.7319286 0.3030609 0.2881221 0.3248344 3.4353449 0.5899170 0.9415520 
353213_Cropley_Lake            0.0728984 0.8534370 0.0554803 0.0000000 0.0728984 0.9974409 0.1531243 0.4859372 0.6219965 0.5266509 0.2118086 0.0983929 1.9328806 0.4859372 0.2419353 0.2093834 0.2385209 3.0409923 0.5617770 0.6272718 
353219_Peterson_Creek          0.0000010 0.9974409 0.1485439 0.0728984 0.0000000 0.9338056 0.1230491 0.5266509 0.7610055 0.5682770 0.1676625 0.0713340 1.9577449 0.5266509 0.2723248 0.1763553 0.2038996 2.9672654 0.5995918 0.6724061 
353220_Fish_Creek              0.9338056 0.0822837 0.5382275 0.9974409 0.9338056 0.0000000 1.3136151 2.2367239 1.1601213 2.2244033 0.1704986 1.1206849 0.6643687 2.2367239 0.8744618 1.4178268 1.4632110 4.1428620 1.3208264 2.4947873 
353246_Cottonwood_Creek        0.1230491 1.3680008 0.2175103 0.1531243 0.1230491 1.3136151 0.0000000 0.3995589 0.9252531 0.4370111 0.2080103 0.0475071 1.5992694 0.3995589 0.2385209 0.0470154 0.0713340 2.7662407 0.4778174 0.5266509 
353379_Skagit_River            0.5266509 2.2244033 0.7319286 0.4859372 0.5266509 2.2367239 0.3995589 0.0000000 3.0486818 0.0234371 0.2157801 0.4859372 1.1297272 0.0000010 0.4283260 0.3995589 0.4370111 2.4355858 0.7412682 0.1241506 
353381_Dungeness_River         0.7610055 3.4618019 0.3747781 0.6219965 0.7610055 1.1601213 0.9252531 3.0486818 0.0000000 2.7915176 2.0561159 0.8211351 8.9999981 3.0486818 0.7153017 1.0544399 1.1163100 5.5894713 1.1061108 2.8829182 
353401_Peace_River             0.5682770 2.2148738 0.7880040 0.5266509 0.5682770 2.2244033 0.4370111 0.0234371 2.7915176 0.0000000 0.2564288 0.5266509 1.2086347 0.0234371 0.4654923 0.4370111 0.4753949 2.4154290 0.7852369 0.1507573 
353407_Noatok                  0.1676625 0.1704986 0.3834969 0.2118086 0.1676625 0.1704986 0.2080103 0.2157801 2.0561159 0.2564288 0.0000000 0.1320270 0.4998216 0.2157801 0.3497883 0.1704986 0.2080103 4.0392529 0.8687155 0.3497883 
353410_Horizon_Lake            0.0713340 1.1788232 0.1485439 0.0983929 0.0713340 1.1206849 0.0475071 0.4859372 0.8211351 0.5266509 0.1320270 0.0000000 1.9328806 0.4859372 0.2419353 0.0972851 0.1230491 2.9052896 0.5617770 0.6272718 
92319_Little_Lost              1.9577449 0.7289841 2.7662406 1.9328806 1.9577449 0.6643687 1.5992694 1.1297272 8.9999981 1.2086347 0.4998216 1.9328806 0.0000000 1.1297272 1.4983464 1.5992694 1.6588972 4.6410140 2.0267589 0.6668497 
94280_St_Joe                   0.5266509 2.2244033 0.7319286 0.4859372 0.5266509 2.2367239 0.3995589 0.0000010 3.0486818 0.0234371 0.2157801 0.4859372 1.1297272 0.0000000 0.4283260 0.3995589 0.4370111 2.4355858 0.7412682 0.1241506 
GCA016432855_Lake_Trout        0.2723248 1.6088807 0.3030609 0.2419353 0.2723248 0.8744618 0.2385209 0.4283260 0.7153017 0.4654923 0.3497883 0.2419353 1.4983464 0.4283260 0.0000000 0.2385209 0.2683244 2.4612360 0.2555181 0.5546977 
GCA036784925_Maine_S_alpinus   0.1763553 1.3680008 0.2881221 0.2093834 0.1763553 1.4178268 0.0470154 0.3995589 1.0544399 0.4370111 0.1704986 0.0972851 1.5992694 0.3995589 0.2385209 0.0000000 0.0232406 2.7662407 0.4778174 0.5266509 
GCA045679555_Iceland_A_alpinus 0.2038996 1.4178268 0.3248344 0.2385209 0.2038996 1.4632110 0.0713340 0.4370111 1.1163100 0.4753949 0.2080103 0.1230491 1.6588972 0.4370111 0.2683244 0.0232406 0.0000000 2.7220435 0.5135635 0.5682770 
GCF013265735_Rainbow_Trout     2.9672654 4.0763652 3.4353449 3.0409923 2.9672654 4.1428620 2.7662407 2.4355858 5.5894713 2.4154290 4.0392529 2.9052896 4.6410140 2.4355858 2.4612360 2.7662407 2.7220435 0.0000000 2.6707354 2.5537395 
GCF029448725_Brook_Trout       0.5995918 2.0286943 0.5899170 0.5617770 0.5995918 1.3208264 0.4778174 0.7412682 1.1061108 0.7852369 0.8687155 0.5617770 2.0267589 0.7412682 0.2555181 0.4778174 0.5135635 2.6707354 0.0000000 0.9023199 
Methow_River_99895             0.6724061 2.4549908 0.9415520 0.6272718 0.6724061 2.4947873 0.5266509 0.1241506 2.8829182 0.1507573 0.3497883 0.6272718 0.6668497 0.1241506 0.5546977 0.5266509 0.5682770 2.5537395 0.9023199 0.0000000 
