19
251140_Ward_Creek              0.0000000 0.0014524 0.0000010 0.0029093 0.0043670 0.0073056 0.0351154 0.0014524 0.0281653 0.0043738 0.0058404 0.0585962 0.0296700 0.0176538 0.5393772 0.0072999 0.0531427 0.0206431 0.0281653 
260512_Pybus_Point             0.0014524 0.0000000 0.0014524 0.0043670 0.0029093 0.0087739 0.0351154 0.0000010 0.0296700 0.0058359 0.0073056 0.0604843 0.0311769 0.0191393 0.5449777 0.0087671 0.0547037 0.0221342 0.0296700 
261935_Kenai_River             0.0000010 0.0014524 0.0000000 0.0029093 0.0043670 0.0073056 0.0351154 0.0014524 0.0281653 0.0043738 0.0058404 0.0585962 0.0296700 0.0176538 0.5393772 0.0072999 0.0531427 0.0206431 0.0281653 
353213_Cropley_Lake            0.0029093 0.0043670 0.0029093 0.0000000 0.0014524 0.0102518 0.0393730 0.0043670 0.0312016 0.0073056 0.0087807 0.0624373 0.0327121 0.0206431 0.5464066 0.0102438 0.0563130 0.0236460 0.0312016 
353219_Peterson_Creek          0.0043670 0.0029093 0.0043670 0.0014524 0.0000000 0.0117250 0.0393730 0.0029093 0.0327121 0.0087739 0.0102518 0.0643345 0.0342248 0.0221342 0.5520549 0.0117159 0.0578802 0.0251428 0.0327121 
353246_Cottonwood_Creek        0.0073056 0.0087739 0.0073056 0.0102518 0.0117250 0.0000000 0.0308513 0.0087739 0.0266209 0.0029093 0.0043704 0.0566010 0.0281209 0.0161454 0.5407856 0.0058268 0.0515007 0.0191243 0.0266209 
353379_Skagit_River            0.0351154 0.0351154 0.0351154 0.0393730 0.0393730 0.0308513 0.0000000 0.0351154 0.0020141 0.0287330 0.0287330 0.0435869 0.0040323 0.0245767 0.7131331 0.0245767 0.0725480 0.0308513 0.0020141 
353381_Dungeness_River         0.0014524 0.0000010 0.0014524 0.0043670 0.0029093 0.0087739 0.0351154 0.0000000 0.0296700 0.0058359 0.0073056 0.0604843 0.0311769 0.0191393 0.5449777 0.0087671 0.0547037 0.0221342 0.0296700 
353401_Peace_River             0.0281653 0.0296700 0.0281653 0.0312016 0.0327121 0.0266209 0.0020141 0.0296700 0.0000000 0.0236090 0.0220995 0.0268042 0.0014524 0.0191243 0.5012501 0.0206269 0.0546594 0.0221168 0.0000010 
353407_Noatok                  0.0043738 0.0058359 0.0043738 0.0073056 0.0087739 0.0029093 0.0287330 0.0058359 0.0236090 0.0000000 0.0014535 0.0527978 0.0251033 0.0131800 0.5393772 0.0029070 0.0483571 0.0161454 0.0236090 
353410_Horizon_Lake            0.0058404 0.0073056 0.0058404 0.0087807 0.0102518 0.0043704 0.0287330 0.0073056 0.0220995 0.0014535 0.0000000 0.0508811 0.0235905 0.0116978 0.5393772 0.0043670 0.0467720 0.0146553 0.0220995 
92319_Little_Lost              0.0585962 0.0604843 0.0585962 0.0624373 0.0643345 0.0566010 0.0435869 0.0604843 0.0268042 0.0527978 0.0508811 0.0000000 0.0286172 0.0508811 0.7323505 0.0527978 0.0815265 0.0527978 0.0268042 
94280_St_Joe                   0.0296700 0.0311769 0.0296700 0.0327121 0.0342248 0.0281209 0.0040323 0.0311769 0.0014524 0.0251033 0.0235905 0.0286172 0.0000000 0.0206108 0.5066160 0.0221168 0.0562215 0.0236090 0.0014524 
GCA016432855_Lake_Trout        0.0176538 0.0191393 0.0176538 0.0206431 0.0221342 0.0161454 0.0245767 0.0191393 0.0191243 0.0131800 0.0116978 0.0508811 0.0206108 0.0000000 0.5159231 0.0102359 0.0405464 0.0059850 0.0191243 
GCA036784925_Maine_S_alpinus   0.5393772 0.5449777 0.5393772 0.5464066 0.5520549 0.5407856 0.7131331 0.5449777 0.5012501 0.5393772 0.5393772 0.7323505 0.5066160 0.5159231 0.0000000 0.5393772 0.5784072 0.5393772 0.5012501 
GCA045679555_Iceland_A_alpinus 0.0072999 0.0087671 0.0072999 0.0102438 0.0117159 0.0058268 0.0245767 0.0087671 0.0206269 0.0029070 0.0043670 0.0527978 0.0221168 0.0102359 0.5393772 0.0000000 0.0483571 0.0131902 0.0206269 
GCF013265735_Rainbow_Trout     0.0531427 0.0547037 0.0531427 0.0563130 0.0578802 0.0515007 0.0725480 0.0547037 0.0546594 0.0483571 0.0467720 0.0815265 0.0562215 0.0405464 0.5784072 0.0483571 0.0000000 0.0436519 0.0546594 
GCF029448725_Brook_Trout       0.0206431 0.0221342 0.0206431 0.0236460 0.0251428 0.0191243 0.0308513 0.0221342 0.0221168 0.0161454 0.0146553 0.0527978 0.0236090 0.0059850 0.5393772 0.0131902 0.0436519 0.0000000 0.0221168 
Methow_River_99895             0.0281653 0.0296700 0.0281653 0.0312016 0.0327121 0.0266209 0.0020141 0.0296700 0.0000010 0.0236090 0.0220995 0.0268042 0.0014524 0.0191243 0.5012501 0.0206269 0.0546594 0.0221168 0.0000000 
