13
251140_Ward_Creek          0.0000000 0.0000010 0.0110771 0.0336406 0.0000010 0.0222278 0.0110241 0.0221093 0.0222278 0.0335255 0.0453954 0.2514335 0.0452708 
260512_Pybus_Point         0.0000010 0.0000000 0.0110771 0.0336406 0.0000010 0.0222278 0.0110241 0.0221093 0.0222278 0.0335255 0.0453954 0.2514335 0.0452708 
353219_Peterson_Creek      0.0110771 0.0110771 0.0000000 0.0452028 0.0307522 0.0335988 0.0222155 0.0334172 0.0335988 0.0335988 0.0571949 0.2680413 0.0570368 
353379_Skagit_River        0.0336406 0.0336406 0.0452028 0.0000000 0.0955827 0.0110170 0.0449790 0.0563797 0.0110170 0.0221529 0.0810895 0.3005222 0.0808633 
353381_Dungeness_River     0.0000010 0.0000010 0.0307522 0.0955827 0.0000000 0.0621008 0.0303438 0.0611805 0.0621008 0.0946212 0.1321557 1.1404559 0.0974501 
353401_Peace_River         0.0222278 0.0222278 0.0335988 0.0110170 0.0621008 0.0000000 0.0334348 0.0447021 0.0000010 0.0109805 0.0688629 0.2829563 0.0686723 
353407_Noatok              0.0110241 0.0110241 0.0222155 0.0449790 0.0303438 0.0334348 0.0000000 0.0332550 0.0334348 0.0448236 0.0569067 0.2662373 0.0567503 
353410_Horizon_Lake        0.0221093 0.0221093 0.0334172 0.0563797 0.0611805 0.0447021 0.0332550 0.0000000 0.0447021 0.0561828 0.0684827 0.2811352 0.0682941 
92319_Little_Lost          0.0222278 0.0222278 0.0335988 0.0110170 0.0621008 0.0000010 0.0334348 0.0447021 0.0000000 0.0109805 0.0688629 0.2829563 0.0686723 
94280_St_Joe               0.0335255 0.0335255 0.0335988 0.0221529 0.0946212 0.0109805 0.0448236 0.0561828 0.0109805 0.0000000 0.0807939 0.2990070 0.0805694 
GCA016432855_Lake_Trout    0.0453954 0.0453954 0.0571949 0.0810895 0.1321557 0.0688629 0.0569067 0.0684827 0.0688629 0.0807939 0.0000000 0.2827635 0.0686326 
GCF013265735_Rainbow_Trout 0.2514335 0.2514335 0.2680413 0.3005222 1.1404559 0.2829563 0.2662373 0.2811352 0.2829563 0.2990070 0.2827635 0.0000000 0.2818515 
GCF029448725_Brook_Trout   0.0452708 0.0452708 0.0570368 0.0808633 0.0974501 0.0686723 0.0567503 0.0682941 0.0686723 0.0805694 0.0686326 0.2818515 0.0000000 
