15
251140_Ward_Creek              0.0000000 0.0000010 9.0000000 0.0121705 0.0039975 0.0253098 0.0294987 0.0294987 0.0039975 0.0039975 0.0163474 0.0166155 0.0166155 0.1276140 0.0339665 
260512_Pybus_Point             0.0000010 0.0000000 9.0000000 0.0121705 0.0039975 0.0253098 0.0294987 0.0294987 0.0039975 0.0039975 0.0163474 0.0166155 0.0166155 0.1276140 0.0339665 
261935_Kenai_River             9.0000000 9.0000000 0.0000000 9.0000000 9.0000000 9.0000000 9.0000000 9.0000000 9.0000000 9.0000000 9.0000000 9.0000000 9.0000000 9.0000000 9.0000000 
353219_Peterson_Creek          0.0121705 0.0121705 9.0000000 0.0000000 0.0163474 0.0123661 0.0339665 0.0339665 0.0163474 0.0080542 0.0205852 0.0123661 0.0123661 0.1344771 0.0384991 
353220_Fish_Creek              0.0039975 0.0039975 9.0000000 0.0163474 0.0000000 0.0209298 0.0250953 0.0250953 0.0000010 0.0080542 0.0121705 0.0209298 0.0209298 0.1276140 0.0294987 
353246_Cottonwood_Creek        0.0253098 0.0253098 9.0000000 0.0123661 0.0209298 0.0000000 0.0392070 0.0392070 0.0209298 0.0209298 0.0253098 0.0080542 0.0080542 0.1537158 0.0392070 
353379_Skagit_River            0.0294987 0.0294987 9.0000000 0.0339665 0.0250953 0.0392070 0.0000000 0.0000010 0.0250953 0.0250953 0.0122675 0.0392070 0.0392070 0.1125667 0.0205852 
353401_Peace_River             0.0294987 0.0294987 9.0000000 0.0339665 0.0250953 0.0392070 0.0000010 0.0000000 0.0250953 0.0250953 0.0122675 0.0392070 0.0392070 0.1125667 0.0205852 
353407_Noatok                  0.0039975 0.0039975 9.0000000 0.0163474 0.0000010 0.0209298 0.0250953 0.0250953 0.0000000 0.0080542 0.0121705 0.0209298 0.0209298 0.1276140 0.0294987 
353410_Horizon_Lake            0.0039975 0.0039975 9.0000000 0.0080542 0.0080542 0.0209298 0.0250953 0.0250953 0.0080542 0.0000000 0.0121705 0.0123661 0.0123661 0.1208557 0.0294987 
GCA016432855_Lake_Trout        0.0163474 0.0163474 9.0000000 0.0205852 0.0121705 0.0253098 0.0122675 0.0122675 0.0121705 0.0121705 0.0000000 0.0253098 0.0253098 0.1076659 0.0164803 
GCA036784925_Maine_S_alpinus   0.0166155 0.0166155 9.0000000 0.0123661 0.0209298 0.0080542 0.0392070 0.0392070 0.0209298 0.0123661 0.0253098 0.0000000 0.0000010 0.1462742 0.0392070 
GCA045679555_Iceland_A_alpinus 0.0166155 0.0166155 9.0000000 0.0123661 0.0209298 0.0080542 0.0392070 0.0392070 0.0209298 0.0123661 0.0253098 0.0000010 0.0000000 0.1462742 0.0392070 
GCF013265735_Rainbow_Trout     0.1276140 0.1276140 9.0000000 0.1344771 0.1276140 0.1537158 0.1125667 0.1125667 0.1276140 0.1208557 0.1076659 0.1462742 0.1462742 0.0000000 0.1190740 
GCF029448725_Brook_Trout       0.0339665 0.0339665 9.0000000 0.0384991 0.0294987 0.0392070 0.0205852 0.0205852 0.0294987 0.0294987 0.0164803 0.0392070 0.0392070 0.1190740 0.0000000 
