17
251140_Ward_Creek              0.0000000 0.0160034 0.0160034 0.0000010 0.0514069 0.1059460 0.0322579 0.1246056 0.0339616 0.0689240 0.1059460 0.1246056 0.1243966 0.0867500 0.0688657 0.7673426 0.1056204 
260512_Pybus_Point             0.0160034 0.0000000 0.0000010 0.0160034 0.0338027 0.0870222 0.0159238 0.1052552 0.0167542 0.0509845 0.0870222 0.1052552 0.1052938 0.0684447 0.0509462 0.7038063 0.0869615 
261935_Kenai_River             0.0160034 0.0000010 0.0000000 0.0160034 0.0338027 0.0870222 0.0159238 0.1052552 0.0167542 0.0509845 0.0870222 0.1052552 0.1052938 0.0684447 0.0509462 0.7038063 0.0869615 
353219_Peterson_Creek          0.0000010 0.0160034 0.0160034 0.0000000 0.0514069 0.1059460 0.0322579 0.1246056 0.0339616 0.0689240 0.1059460 0.1246056 0.1243966 0.0867500 0.0688657 0.7673426 0.1056204 
353246_Cottonwood_Creek        0.0514069 0.0338027 0.0338027 0.0514069 0.0000000 0.1243421 0.0511265 0.1432704 0.0166969 0.0866334 0.1243421 0.1432704 0.1507082 0.1046770 0.0865524 0.9246143 0.1305101 
353379_Skagit_River            0.1059460 0.0870222 0.0870222 0.1059460 0.1243421 0.0000000 0.1053293 0.0166660 0.1055268 0.1428690 0.0000010 0.0166660 0.1709046 0.1618059 0.1426905 0.9112641 0.1503045 
353381_Dungeness_River         0.0322579 0.0159238 0.0159238 0.0322579 0.0511265 0.1053293 0.0000000 0.1238659 0.0337801 0.0685418 0.1053293 0.1238659 0.1236686 0.0862604 0.0684843 0.7545034 0.1050152 
353401_Peace_River             0.1246056 0.1052552 0.1052552 0.1246056 0.1432704 0.0166660 0.1238659 0.0000000 0.1241038 0.1620262 0.0166660 0.0000010 0.1911878 0.1812127 0.1618059 0.9662897 0.1701923 
353407_Noatok                  0.0339616 0.0167542 0.0167542 0.0339616 0.0166969 0.1055268 0.0337801 0.1241038 0.0000000 0.0686633 0.1055268 0.1241038 0.1307359 0.0864166 0.0686056 0.8489117 0.1109631 
353410_Horizon_Lake            0.0689240 0.0509845 0.0509845 0.0689240 0.0866334 0.1428690 0.0685418 0.1620262 0.0686633 0.0000000 0.1428690 0.1620262 0.0568188 0.0211830 0.0158521 0.9636481 0.1496720 
92319_Little_Lost              0.1059460 0.0870222 0.0870222 0.1059460 0.1243421 0.0000010 0.1053293 0.0166660 0.1055268 0.1428690 0.0000000 0.0166660 0.1709046 0.1618059 0.1426905 0.9112641 0.1503045 
94280_St_Joe                   0.1246056 0.1052552 0.1052552 0.1246056 0.1432704 0.0166660 0.1238659 0.0000010 0.1241038 0.1620262 0.0166660 0.0000000 0.1911878 0.1812127 0.1618059 0.9662897 0.1701923 
GCA016432855_Lake_Trout        0.1243966 0.1052938 0.1052938 0.1243966 0.1507082 0.1709046 0.1236686 0.1911878 0.1307359 0.0568188 0.1709046 0.1911878 0.0000000 0.0567939 0.0510095 0.8522727 0.1298108 
GCA036784925_Maine_S_alpinus   0.0867500 0.0684447 0.0684447 0.0867500 0.1046770 0.1618059 0.0862604 0.1812127 0.0864166 0.0211830 0.1618059 0.1812127 0.0567939 0.0000000 0.0052526 1.0024508 0.1692184 
GCA045679555_Iceland_A_alpinus 0.0688657 0.0509462 0.0509462 0.0688657 0.0865524 0.1426905 0.0684843 0.1618059 0.0686056 0.0158521 0.1426905 0.1618059 0.0510095 0.0052526 0.0000000 0.9484513 0.1494737 
GCF013265735_Rainbow_Trout     0.7673426 0.7038063 0.7038063 0.7673426 0.9246143 0.9112641 0.7545034 0.9662897 0.8489117 0.9636481 0.9112641 0.9662897 0.8522727 1.0024508 0.9484513 0.0000000 0.9052777 
GCF029448725_Brook_Trout       0.1056204 0.0869615 0.0869615 0.1056204 0.1305101 0.1503045 0.1050152 0.1701923 0.1109631 0.1496720 0.1503045 0.1701923 0.1298108 0.1692184 0.1494737 0.9052777 0.0000000 
