16
251140_Ward_Creek            0.0000000 0.0274970 0.0556880 0.0274970 0.0564499 0.0556880 0.6106676 0.0641925 0.6106676 0.0572341 0.5800843 0.6349583 0.4238841 0.0555054 2.2860611 0.6978019 
260512_Pybus_Point           0.0274970 0.0000000 0.0275886 0.0000010 0.0279427 0.0275886 0.5800843 0.0000010 0.5800843 0.0283169 0.5472005 0.6036571 0.3895498 0.0274970 2.3240808 0.6716557 
261935_Kenai_River           0.0556880 0.0275886 0.0000000 0.0275886 0.0566389 0.0000010 0.6118289 0.0646778 0.6118289 0.0574284 0.5813117 0.6361594 0.4250062 0.0556880 2.2846063 0.6430631 
353213_Cropley_Lake          0.0274970 0.0000010 0.0275886 0.0000000 0.0279427 0.0275886 0.5800843 0.0000010 0.5800843 0.0283169 0.5472005 0.6036571 0.3895498 0.0274970 2.3240808 0.6716557 
353219_Peterson_Creek        0.0564499 0.0279427 0.0566389 0.0279427 0.0000000 0.0566389 0.6345133 0.0668057 0.6345133 0.0582435 0.6032117 0.6615660 0.4377265 0.0564499 2.3186327 0.7254176 
353220_Fish_Creek            0.0556880 0.0275886 0.0000010 0.0275886 0.0566389 0.0000000 0.6118289 0.0646778 0.6118289 0.0574284 0.5813117 0.6361594 0.4250062 0.0556880 2.2846063 0.6430631 
353379_Skagit_River          0.6106676 0.5800843 0.6118289 0.5800843 0.6345133 0.6118289 0.0000000 1.3330808 0.0000010 0.6542371 0.0262869 0.0539483 0.4035519 0.6106676 2.6195984 0.9112749 
353381_Dungeness_River       0.0641925 0.0000010 0.0646778 0.0000010 0.0668057 0.0646778 1.3330808 0.0000000 1.3330808 0.0690670 1.3622993 1.4590723 0.9669058 0.0641925 3.0405265 1.4226014 
353401_Peace_River           0.6106676 0.5800843 0.6118289 0.5800843 0.6345133 0.6118289 0.0000010 1.3330808 0.0000000 0.6542371 0.0262869 0.0539483 0.4035519 0.6106676 2.6195984 0.9112749 
353410_Horizon_Lake          0.0572341 0.0283169 0.0574284 0.0283169 0.0582435 0.0574284 0.6542371 0.0690670 0.6542371 0.0000000 0.6223362 0.6838374 0.4488432 0.0572341 2.3876841 0.7485419 
92319_Little_Lost            0.5800843 0.5472005 0.5813117 0.5472005 0.6032117 0.5813117 0.0262869 1.3622993 0.0262869 0.6223362 0.0000000 0.0267066 0.3657786 0.5800843 2.6766386 0.8905387 
94280_St_Joe                 0.6349583 0.6036571 0.6361594 0.6036571 0.6615660 0.6361594 0.0539483 1.4590723 0.0539483 0.6838374 0.0267066 0.0000000 0.4181133 0.6349583 2.6741374 0.9664231 
GCA016432855_Lake_Trout      0.4238841 0.3895498 0.4250062 0.3895498 0.4377265 0.4250062 0.4035519 0.9669058 0.4035519 0.4488432 0.3657786 0.4181133 0.0000000 0.4238841 2.3558220 0.5363905 
GCA036784925_Maine_S_alpinus 0.0555054 0.0274970 0.0556880 0.0274970 0.0564499 0.0556880 0.6106676 0.0641925 0.6106676 0.0572341 0.5800843 0.6349583 0.4238841 0.0000000 2.2860611 0.6978019 
GCF013265735_Rainbow_Trout   2.2860611 2.3240808 2.2846063 2.3240808 2.3186327 2.2846063 2.6195984 3.0405265 2.6195984 2.3876841 2.6766386 2.6741374 2.3558220 2.2860611 0.0000000 2.4534108 
GCF029448725_Brook_Trout     0.6978019 0.6716557 0.6430631 0.6716557 0.7254176 0.6430631 0.9112749 1.4226014 0.9112749 0.7485419 0.8905387 0.9664231 0.5363905 0.6978019 2.4534108 0.0000000 
