11
251140_Ward_Creek            0.0000000 0.0000010 0.0786005 0.7503672 0.0786005 0.0072526 0.0054323 0.0806256 0.0054323 0.1136819 0.0867190 
260512_Pybus_Point           0.0000010 0.0000000 0.0786005 0.7503672 0.0786005 0.0072526 0.0054323 0.0806256 0.0054323 0.1136819 0.0867190 
353379_Skagit_River          0.0786005 0.0786005 0.0000000 0.0591496 0.0000010 0.0745811 0.0765879 0.0105296 0.0765879 0.0320288 0.0150881 
353381_Dungeness_River       0.7503672 0.7503672 0.0591496 0.0000000 0.0591496 0.8540654 0.9067182 0.0715679 0.9067182 0.1367212 0.0970163 
353401_Peace_River           0.0786005 0.0786005 0.0000010 0.0591496 0.0000000 0.0745811 0.0765879 0.0105296 0.0765879 0.0320288 0.0150881 
353407_Noatok                0.0072526 0.0072526 0.0745811 0.8540654 0.0745811 0.0000000 0.0054333 0.0765953 0.0054333 0.1094803 0.0826580 
353410_Horizon_Lake          0.0054323 0.0054323 0.0765879 0.9067182 0.0765879 0.0054333 0.0000000 0.0786082 0.0000010 0.1115783 0.0846860 
GCA016432855_Lake_Trout      0.0806256 0.0806256 0.0105296 0.0715679 0.0105296 0.0765953 0.0786082 0.0000000 0.0786082 0.0398650 0.0135680 
GCA036784925_Maine_S_alpinus 0.0054323 0.0054323 0.0765879 0.9067182 0.0765879 0.0054333 0.0000010 0.0786082 0.0000000 0.1115783 0.0846860 
GCF013265735_Rainbow_Trout   0.1136819 0.1136819 0.0320288 0.1367212 0.0320288 0.1094803 0.1115783 0.0398650 0.1115783 0.0000000 0.0414358 
GCF029448725_Brook_Trout     0.0867190 0.0867190 0.0150881 0.0970163 0.0150881 0.0826580 0.0846860 0.0135680 0.0846860 0.0414358 0.0000000 
