20
251140_Ward_Creek              0.0000000 0.0088260 0.4405232 0.0088497 0.5650935 0.0177673 0.5349815 0.6056732 0.2037687 0.6151177 0.5638856 0.4230687 0.4136803 0.5906439 0.7224314 0.1342196 0.1048508 1.8739620 2.3692772 0.5906439 
260512_Pybus_Point             0.0088260 0.0000000 0.4246179 0.0177673 0.5453355 0.0088517 0.5203594 0.5906439 0.2221375 0.5997921 0.5495727 0.4090804 0.3986259 0.5754153 0.7080387 0.1242281 0.0949836 1.8819704 2.4058755 0.5754153 
261935_Kenai_River             0.4405232 0.4246179 0.0000000 0.4601344 0.0284035 0.4441110 0.1143624 1.7818169 1.5853977 1.8470142 0.1383453 0.3319043 1.4588575 1.7969131 0.2276388 0.6944612 0.6535323 2.1002084 2.9034639 1.7969131 
353213_Cropley_Lake            0.0088497 0.0177673 0.4601344 0.0000000 0.5914999 0.0088233 0.5540769 0.6263411 0.1842492 0.6363591 0.5829422 0.4400899 0.4319030 0.6113593 0.7442544 0.1448073 0.1151947 1.8813311 2.3746435 0.6113593 
353219_Peterson_Creek          0.5650935 0.5453355 0.0284035 0.5914999 0.0000000 0.5717346 0.1382443 2.1682090 2.1586816 2.2660534 0.1674277 0.4264013 1.7888810 2.2044779 0.2235090 0.8608843 0.8223635 2.2990722 3.5552483 2.2044779 
353220_Fish_Creek              0.0177673 0.0088517 0.4441110 0.0088233 0.5717346 0.0000000 0.5394479 0.6113593 0.2022825 0.6210829 0.5686586 0.4260334 0.4167692 0.5961559 0.7300700 0.1347187 0.1052253 1.8893887 2.4105955 0.5961559 
353246_Cottonwood_Creek        0.5349815 0.5203594 0.1143624 0.5540769 0.1382443 0.5394479 0.0000000 1.5941283 1.5051886 1.6392137 0.0402491 0.3316313 1.3335642 1.6001427 0.2587792 0.6526545 0.6147922 2.0004962 2.5738371 1.6001427 
353379_Skagit_River            0.6056732 0.5906439 1.7818169 0.6263411 2.1682090 0.6113593 1.5941283 0.0000000 0.7078677 0.0188815 1.5941283 1.1384549 0.2151498 0.0093576 1.7090641 0.6386341 0.5997226 2.2790154 1.2066994 0.0093576 
353381_Dungeness_River         0.2037687 0.2221375 1.5853977 0.1842492 2.1586816 0.2022825 1.5051886 0.7078677 0.0000000 0.6824994 1.4969722 1.4162813 0.3699006 0.6824994 1.6394231 0.4401743 0.3827089 2.3138761 3.4304395 0.6824994 
353401_Peace_River             0.6151177 0.5997921 1.8470142 0.6363591 2.2660534 0.6210829 1.6392137 0.0188815 0.6824994 0.0000000 1.6392137 1.1658403 0.2448343 0.0094056 1.7667171 0.6488276 0.6093233 2.3167418 1.2406471 0.0094056 
353407_Noatok                  0.5638856 0.5495727 0.1383453 0.5829422 0.1674277 0.5686586 0.0402491 1.5941283 1.4969722 1.6392137 0.0000000 0.3018592 1.3335642 1.6001427 0.2587792 0.6235118 0.6147922 2.0004962 2.5738371 1.6001427 
353410_Horizon_Lake            0.4230687 0.4090804 0.3319043 0.4400899 0.4264013 0.4260334 0.3316313 1.1384549 1.4162813 1.1658403 0.3018592 0.0000000 0.8310873 1.1311570 0.5139474 0.4306640 0.4196527 1.6430453 1.9929161 1.1311570 
92319_Little_Lost              0.4136803 0.3986259 1.4588575 0.4319030 1.7888810 0.4167692 1.3335642 0.2151498 0.3699006 0.2448343 1.3335642 0.8310873 0.0000000 0.2288517 1.4072376 0.4453966 0.4034100 2.0842184 2.1067996 0.2288517 
94280_St_Joe                   0.5906439 0.5754153 1.7969131 0.6113593 2.2044779 0.5961559 1.6001427 0.0093576 0.6824994 0.0094056 1.6001427 1.1311570 0.2288517 0.0000000 1.7203948 0.6239316 0.5841879 2.2941889 1.2004312 0.0000010 
GCA016432855_Lake_Trout        0.7224314 0.7080387 0.2276388 0.7442544 0.2235090 0.7300700 0.2587792 1.7090641 1.6394231 1.7667171 0.2587792 0.5139474 1.4072376 1.7203948 0.0000000 0.7550922 0.7205092 2.0423056 2.8681855 1.7203948 
GCA036784925_Maine_S_alpinus   0.1342196 0.1242281 0.6944612 0.1448073 0.8608843 0.1347187 0.6526545 0.6386341 0.4401743 0.6488276 0.6235118 0.4306640 0.4453966 0.6239316 0.7550922 0.0000000 0.0453865 1.8870626 2.3381410 0.6239316 
GCA045679555_Iceland_A_alpinus 0.1048508 0.0949836 0.6535323 0.1151947 0.8223635 0.1052253 0.6147922 0.5997226 0.3827089 0.6093233 0.6147922 0.4196527 0.4034100 0.5841879 0.7205092 0.0453865 0.0000000 1.9306767 2.4990244 0.5841879 
GCF013265735_Rainbow_Trout     1.8739620 1.8819704 2.1002084 1.8813311 2.2990722 1.8893887 2.0004962 2.2790154 2.3138761 2.3167418 2.0004962 1.6430453 2.0842184 2.2941889 2.0423056 1.8870626 1.9306767 0.0000000 2.2393130 2.2941889 
GCF029448725_Brook_Trout       2.3692772 2.4058755 2.9034639 2.3746435 3.5552483 2.4105955 2.5738371 1.2066994 3.4304395 1.2406471 2.5738371 1.9929161 2.1067996 1.2004312 2.8681855 2.3381410 2.4990244 2.2393130 0.0000000 1.2004312 
Methow_River_99895             0.5906439 0.5754153 1.7969131 0.6113593 2.2044779 0.5961559 1.6001427 0.0093576 0.6824994 0.0094056 1.6001427 1.1311570 0.2288517 0.0000010 1.7203948 0.6239316 0.5841879 2.2941889 1.2004312 0.0000000 
