8
251140_Ward_Creek          0.0000000 0.0000010 0.1072353 0.1072353 0.0344855 0.0344855 3.2322410 0.0689833 
260512_Pybus_Point         0.0000010 0.0000000 0.1072353 0.1072353 0.0344855 0.0344855 3.2322410 0.0689833 
353379_Skagit_River        0.1072353 0.1072353 0.0000000 0.0000010 0.0322596 0.0322596 1.2837508 0.0661348 
353401_Peace_River         0.1072353 0.1072353 0.0000010 0.0000000 0.0322596 0.0322596 1.2837508 0.0661348 
353410_Horizon_Lake        0.0344855 0.0344855 0.0322596 0.0322596 0.0000000 0.0000010 1.1147464 0.0325222 
GCA016432855_Lake_Trout    0.0344855 0.0344855 0.0322596 0.0322596 0.0000010 0.0000000 1.1147464 0.0325222 
GCF013265735_Rainbow_Trout 3.2322410 3.2322410 1.2837508 1.2837508 1.1147464 1.1147464 0.0000000 1.3349490 
GCF029448725_Brook_Trout   0.0689833 0.0689833 0.0661348 0.0661348 0.0325222 0.0325222 1.3349490 0.0000000 
