12
251140_Ward_Creek          0.0000000 0.0000010 0.1013777 0.0072196 0.0072196 0.9718073 0.0072196 0.0932020 0.0850936 0.1189089 0.2284189 0.1353229 
260512_Pybus_Point         0.0000010 0.0000000 0.1013777 0.0072196 0.0072196 0.9718073 0.0072196 0.0932020 0.0850936 0.1189089 0.2284189 0.1353229 
353213_Cropley_Lake        0.1013777 0.1013777 0.0000000 0.0932020 0.0932020 0.4348552 0.0932020 0.0072196 0.0144934 0.0444639 0.1247608 0.0442944 
353220_Fish_Creek          0.0072196 0.0072196 0.0932020 0.0000000 0.0144934 1.0557338 0.0144934 0.0850936 0.0770499 0.1273645 0.2189659 0.1268340 
353379_Skagit_River        0.0072196 0.0072196 0.0932020 0.0144934 0.0000000 1.0557338 0.0000010 0.0850936 0.0932020 0.1105244 0.2189659 0.1268340 
353381_Dungeness_River     0.9718073 0.9718073 0.4348552 1.0557338 1.0557338 0.0000000 1.0557338 0.3939931 0.3546451 0.4969270 1.0669374 0.6290312 
353401_Peace_River         0.0072196 0.0072196 0.0932020 0.0144934 0.0000010 1.0557338 0.0000000 0.0850936 0.0932020 0.1105244 0.2189659 0.1268340 
353407_Noatok              0.0932020 0.0932020 0.0072196 0.0850936 0.0850936 0.3939931 0.0850936 0.0000000 0.0072196 0.0369144 0.1164924 0.0367744 
353410_Horizon_Lake        0.0850936 0.0850936 0.0144934 0.0770499 0.0932020 0.3546451 0.0932020 0.0072196 0.0000000 0.0444639 0.1247608 0.0442944 
GCA016432855_Lake_Trout    0.1189089 0.1189089 0.0444639 0.1273645 0.1105244 0.4969270 0.1105244 0.0369144 0.0444639 0.0000000 0.1415031 0.0595062 
GCF013265735_Rainbow_Trout 0.2284189 0.2284189 0.1247608 0.2189659 0.2189659 1.0669374 0.2189659 0.1164924 0.1247608 0.1415031 0.0000000 0.1409207 
GCF029448725_Brook_Trout   0.1353229 0.1353229 0.0442944 0.1268340 0.1268340 0.6290312 0.1268340 0.0367744 0.0442944 0.0595062 0.1409207 0.0000000 
