19
251140_Ward_Creek            0.0000000 0.0369845 0.0756164 0.0769659 0.0738040 0.0369845 0.1641278 0.9289483 0.0000010 0.9994530 0.1208376 0.0000010 0.6968482 0.8985988 1.2453919 0.0362677 1.6901570 1.2941334 0.8188916 
260512_Pybus_Point           0.0369845 0.0000000 0.1206305 0.1231095 0.1174191 0.0000010 0.2203917 1.0691563 0.0747692 1.1397930 0.1727516 0.0369845 0.8188916 1.0490508 1.3745351 0.0768165 1.7419521 1.4198391 0.9654026 
261935_Kenai_River           0.0756164 0.1206305 0.0000000 0.1680864 0.1597611 0.1206305 0.1730273 1.0470631 0.1566711 1.1249080 0.0371880 0.0756164 0.7759481 1.0226667 1.3804569 0.1177946 1.7535675 1.4288755 0.9300827 
353213_Cropley_Lake          0.0769659 0.1231095 0.1680864 0.0000000 0.0755029 0.1231095 0.2777576 1.1379097 0.1635010 1.2029579 0.2269480 0.0769659 0.8973839 1.1250301 1.4178386 0.1201367 1.7511950 1.4593267 1.0471916 
353219_Peterson_Creek        0.0738040 0.1174191 0.1597611 0.0755029 0.0000000 0.1174191 0.2608066 1.0200784 0.1485010 1.0813435 0.2139678 0.0738040 0.8072464 0.9995601 1.2927596 0.1147494 1.6905254 1.3351178 0.9290573 
353220_Fish_Creek            0.0369845 0.0000010 0.1206305 0.1231095 0.1174191 0.0000000 0.2203917 1.0691563 0.0747692 1.1397930 0.1727516 0.0369845 0.8188916 1.0490508 1.3745351 0.0768165 1.7419521 1.4198391 0.9654026 
353246_Cottonwood_Creek      0.1641278 0.2203917 0.1730273 0.2777576 0.2608066 0.2203917 0.0000000 1.2249292 0.3790163 1.2925784 0.1210451 0.1641278 0.9619311 1.2197695 1.5104051 0.2139399 1.7934108 1.5509975 1.1364977 
353379_Skagit_River          0.9289483 1.0691563 1.0470631 1.1379097 1.0200784 1.0691563 1.2249292 0.0000000 1.6007288 0.1130189 1.2197695 0.9289483 0.1184126 0.0358474 1.8082790 0.9994530 1.8546076 1.8320614 0.0741901 
353381_Dungeness_River       0.0000010 0.0747692 0.1566711 0.1635010 0.1485010 0.0747692 0.3790163 1.6007288 0.0000000 1.6478851 0.2738839 0.0000010 1.3533753 1.6381113 1.8066907 0.0717432 1.8875654 1.8322239 1.5802003 
353401_Peace_River           0.9994530 1.1397930 1.1249080 1.2029579 1.0813435 1.1397930 1.2925784 0.1130189 1.6478851 0.0000000 1.2946363 0.9994530 0.1642413 0.0741821 1.8320201 1.0660635 1.8626396 1.8534353 0.1153246 
353407_Noatok                0.1208376 0.1727516 0.0371880 0.2269480 0.2139678 0.1727516 0.1210451 1.2197695 0.2738839 1.2946363 0.0000000 0.1208376 0.9283308 1.2133643 1.5302164 0.1680650 1.8073104 1.5729326 1.1193024 
353410_Horizon_Lake          0.0000010 0.0369845 0.0756164 0.0769659 0.0738040 0.0369845 0.1641278 0.9289483 0.0000010 0.9994530 0.1208376 0.0000000 0.6968482 0.8985988 1.2453919 0.0362677 1.6901570 1.2941334 0.8188916 
92319_Little_Lost            0.6968482 0.8188916 0.7759481 0.8973839 0.8072464 0.8188916 0.9619311 0.1184126 1.3533753 0.1642413 0.9283308 0.6968482 0.0000000 0.0775132 1.6590995 0.7707349 1.8048985 1.6933570 0.0373290 
94280_St_Joe                 0.8985988 1.0490508 1.0226667 1.1250301 0.9995601 1.0490508 1.2197695 0.0358474 1.6381113 0.0741821 1.2133643 0.8985988 0.0775132 0.0000000 1.8499339 0.9755028 1.8703017 1.8730565 0.0364711 
GCA016432855_Lake_Trout      1.2453919 1.3745351 1.3804569 1.4178386 1.2927596 1.3745351 1.5104051 1.8082790 1.8066907 1.8320201 1.5302164 1.2453919 1.6590995 1.8499339 0.0000000 1.2940533 1.8644954 0.1121003 1.8239218 
GCA036784925_Maine_S_alpinus 0.0362677 0.0768165 0.1177946 0.1201367 0.1147494 0.0768165 0.2139399 0.9994530 0.0717432 1.0660635 0.1680650 0.0362677 0.7707349 0.9755028 1.2940533 0.0000000 1.7010011 1.3391356 0.8985988 
GCF013265735_Rainbow_Trout   1.6901570 1.7419521 1.7535675 1.7511950 1.6905254 1.7419521 1.7934108 1.8546076 1.8875654 1.8626396 1.8073104 1.6901570 1.8048985 1.8703017 1.8644954 1.7010011 0.0000000 1.9070811 1.8620482 
GCF029448725_Brook_Trout     1.2941334 1.4198391 1.4288755 1.4593267 1.3351178 1.4198391 1.5509975 1.8320614 1.8322239 1.8534353 1.5729326 1.2941334 1.6933570 1.8730565 0.1121003 1.3391356 1.9070811 0.0000000 1.8499788 
Methow_River_99895           0.8188916 0.9654026 0.9300827 1.0471916 0.9290573 0.9654026 1.1364977 0.0741901 1.5802003 0.1153246 1.1193024 0.8188916 0.0373290 0.0364711 1.8239218 0.8985988 1.8620482 1.8499788 0.0000000 
