20
251140_Ward_Creek              0.0000000 0.0122822 0.8188043 0.0081720 0.0040779 0.0040779 0.0181055 0.4596758 0.3681442 0.5663289 0.0350423 0.0533873 0.3792990 0.5742540 0.4496319 0.0249247 0.0249763 1.8528068 0.6446251 0.5855461 
260512_Pybus_Point             0.0122822 0.0000000 0.7871997 0.0040775 0.0081722 0.0081722 0.0318984 0.4667169 0.3680278 0.5743221 0.0305937 0.0671726 0.3862956 0.5822671 0.4568706 0.0291382 0.0291989 1.8554909 0.6524242 0.5938391 
261935_Kenai_River             0.8188043 0.7871997 0.0000000 0.7978134 0.8084210 0.8084210 1.0315320 1.3228734 1.1859189 0.5274531 0.9207496 1.0613557 0.5870307 0.5348855 0.8448272 0.8472514 0.8553065 2.5991457 1.4379432 0.5443059 
353213_Cropley_Lake            0.0081720 0.0040775 0.7978134 0.0000000 0.0040780 0.0040780 0.0272816 0.4597003 0.3808620 0.5663625 0.0350436 0.0625608 0.3793194 0.5742881 0.4496566 0.0249256 0.0249772 1.8541662 0.6446618 0.5855820 
353219_Peterson_Creek          0.0040779 0.0081722 0.8084210 0.0040780 0.0000000 0.0000010 0.0226849 0.4527052 0.3681442 0.5584238 0.0305981 0.0579683 0.3723728 0.5663289 0.4424696 0.0207297 0.0207724 1.8528068 0.6369045 0.5773453 
353220_Fish_Creek              0.0040779 0.0081722 0.8084210 0.0040780 0.0000010 0.0000000 0.0226849 0.4527052 0.3681442 0.5584238 0.0305981 0.0579683 0.3723728 0.5663289 0.4424696 0.0207297 0.0207724 1.8528068 0.6369045 0.5773453 
353246_Cottonwood_Creek        0.0181055 0.0318984 1.0315320 0.0272816 0.0226849 0.0226849 0.0000000 0.5129404 0.4329669 0.6549860 0.0437926 0.0488923 0.4328115 0.6642480 0.5169857 0.0366119 0.0366964 2.0691859 0.7379588 0.6808668 
353379_Skagit_River            0.4596758 0.4667169 1.3228734 0.4597003 0.4527052 0.4527052 0.5129404 0.0000000 0.7916921 0.5165192 0.5229993 0.5331082 0.5451222 0.5249482 1.0835153 0.4666158 0.4506151 1.0452496 0.2512045 0.5353559 
353381_Dungeness_River         0.3681442 0.3680278 1.1859189 0.3808620 0.3681442 0.3681442 0.4329669 0.7916921 0.0000000 0.5909924 0.4472107 0.5912211 0.7272519 0.6048323 1.3965325 0.4195496 0.4229997 2.0697149 1.1920822 0.6267913 
353401_Peace_River             0.5663289 0.5743221 0.5274531 0.5663625 0.5584238 0.5584238 0.6549860 0.5165192 0.5909924 0.0000000 0.6494711 0.6719534 0.0000010 0.0038372 0.2185797 0.5854478 0.5662318 1.9923634 0.8087196 0.0000010 
353407_Noatok                  0.0350423 0.0305937 0.9207496 0.0350436 0.0305981 0.0305981 0.0437926 0.5229993 0.4472107 0.6494711 0.0000000 0.0767974 0.4357953 0.6583707 0.5142040 0.0397696 0.0398585 2.0557974 0.7326221 0.6741060 
353410_Horizon_Lake            0.0533873 0.0671726 1.0613557 0.0625608 0.0579683 0.0579683 0.0488923 0.5331082 0.5912211 0.6719534 0.0767974 0.0000000 0.4571135 0.6807860 0.5195111 0.0624055 0.0440960 2.0237396 0.7276368 0.6879895 
92319_Little_Lost              0.3792990 0.3862956 0.5870307 0.3793194 0.3723728 0.3723728 0.4328115 0.5451222 0.7272519 0.0000010 0.4357953 0.4571135 0.0000000 0.0040927 0.1087450 0.3949011 0.3792336 2.0532656 0.8543051 0.0000010 
94280_St_Joe                   0.5742540 0.5822671 0.5348855 0.5742881 0.5663289 0.5663289 0.6642480 0.5249482 0.6048323 0.0038372 0.6583707 0.6807860 0.0040927 0.0000000 0.2235894 0.5934830 0.5741559 1.9919424 0.8174468 0.0039118 
GCA016432855_Lake_Trout        0.4496319 0.4568706 0.8448272 0.4496566 0.4424696 0.4424696 0.5169857 1.0835153 1.3965325 0.2185797 0.5142040 0.5195111 0.1087450 0.2235894 0.0000000 0.4661733 0.4495559 2.4348010 1.0257043 0.2236528 
GCA036784925_Maine_S_alpinus   0.0249247 0.0291382 0.8472514 0.0249256 0.0207297 0.0207297 0.0366119 0.4666158 0.4195496 0.5854478 0.0397696 0.0624055 0.3949011 0.5934830 0.4661733 0.0000000 0.0165455 1.8828914 0.6639036 0.6055483 
GCA045679555_Iceland_A_alpinus 0.0249763 0.0291989 0.8553065 0.0249772 0.0207724 0.0207724 0.0366964 0.4506151 0.4229997 0.5662318 0.0398585 0.0440960 0.3792336 0.5741559 0.4495559 0.0165455 0.0000000 1.8541744 0.6445231 0.5854434 
GCF013265735_Rainbow_Trout     1.8528068 1.8554909 2.5991457 1.8541662 1.8528068 1.8528068 2.0691859 1.0452496 2.0697149 1.9923634 2.0557974 2.0237396 2.0532656 1.9919424 2.4348010 1.8828914 1.8541744 0.0000000 1.0222113 2.0526085 
GCF029448725_Brook_Trout       0.6446251 0.6524242 1.4379432 0.6446618 0.6369045 0.6369045 0.7379588 0.2512045 1.1920822 0.8087196 0.7326221 0.7276368 0.8543051 0.8174468 1.0257043 0.6639036 0.6445231 1.0222113 0.0000000 0.8387521 
Methow_River_99895             0.5855461 0.5938391 0.5443059 0.5855820 0.5773453 0.5773453 0.6808668 0.5353559 0.6267913 0.0000010 0.6741060 0.6879895 0.0000010 0.0039118 0.2236528 0.6055483 0.5854434 2.0526085 0.8387521 0.0000000 
