19
251140_Ward_Creek              0.0000000 0.3829852 0.0000010 0.3735006 0.0066190 0.3875628 0.3735202 0.1361082 0.3368269 0.1058824 0.0133467 0.5504855 0.1058824 0.1095315 0.7257730 0.5656106 0.5656106 1.0822229 0.2751632 
260512_Pybus_Point             0.3829852 0.0000000 0.3829852 0.0065490 0.3692756 0.0132057 0.0199715 0.5368434 0.3371217 0.4922499 0.4117080 0.1093183 0.4922499 0.5154279 0.2010832 0.1173625 0.1173625 1.3780438 0.8610369 
261935_Kenai_River             0.0000010 0.3829852 0.0000000 0.3735006 0.0066190 0.3875628 0.3735202 0.1361082 0.3368269 0.1058824 0.0133467 0.5504855 0.1058824 0.1095315 0.7257730 0.5656106 0.5656106 1.0822229 0.2751632 
353213_Cropley_Lake            0.3735006 0.0065490 0.3735006 0.0000000 0.3599116 0.0065846 0.0132772 0.5274347 0.3778448 0.4826379 0.4019781 0.1017376 0.4826379 0.5054741 0.1922933 0.1097131 0.1097131 1.3794996 0.8539163 
353219_Peterson_Creek          0.0066190 0.3692756 0.0066190 0.3599116 0.0000000 0.3735574 0.3875628 0.1446027 0.2832087 0.1139738 0.0201920 0.5700273 0.1139738 0.1179416 0.7487196 0.5855894 0.5855894 1.1030236 0.2864089 
353220_Fish_Creek              0.3875628 0.0132057 0.3875628 0.0065846 0.3735574 0.0000000 0.0065830 0.5446963 0.3778448 0.4991494 0.4169491 0.0935531 0.4991494 0.5231689 0.1819416 0.1013941 0.1013941 1.4023855 0.8786811 
353246_Cottonwood_Creek        0.3735202 0.0199715 0.3735202 0.0132772 0.3875628 0.0065830 0.0000000 0.5275117 0.4423646 0.4826961 0.4020068 0.0855317 0.4826961 0.5055448 0.1718237 0.0932430 0.0932430 1.3798832 0.8541866 
353379_Skagit_River            0.1361082 0.5368434 0.1361082 0.5274347 0.1446027 0.5446963 0.5275117 0.0000000 0.6083006 0.0247946 0.1532366 0.6522427 0.0247946 0.0255403 0.6920663 0.6683059 0.6683059 1.1674652 0.2998650 
353381_Dungeness_River         0.3368269 0.3371217 0.3368269 0.3778448 0.2832087 0.3778448 0.4423646 0.6083006 0.0000000 0.4770440 0.3982526 0.6730860 0.4770440 0.5500777 1.3158800 0.7427587 0.7427587 2.1010988 1.1664307 
353401_Peace_River             0.1058824 0.4922499 0.1058824 0.4826379 0.1139738 0.4991494 0.4826961 0.0247946 0.4770440 0.0000000 0.1221959 0.6014370 0.0000010 0.0000010 0.6444974 0.6172867 0.6172867 1.1418050 0.2652390 
353407_Noatok                  0.0133467 0.4117080 0.0133467 0.4019781 0.0201920 0.4169491 0.4020068 0.1532366 0.3982526 0.1221959 0.0000000 0.5903609 0.1221959 0.1264933 0.7725199 0.6063906 0.6063906 1.1243904 0.2978913 
353410_Horizon_Lake            0.5504855 0.1093183 0.5504855 0.1017376 0.5700273 0.0935531 0.0855317 0.6522427 0.6730860 0.6014370 0.5903609 0.0000000 0.6014370 0.6340393 0.2629765 0.0065610 0.0065610 1.5797708 1.0446582 
92319_Little_Lost              0.1058824 0.4922499 0.1058824 0.4826379 0.1139738 0.4991494 0.4826961 0.0247946 0.4770440 0.0000010 0.1221959 0.6014370 0.0000000 0.0000010 0.6444974 0.6172867 0.6172867 1.1418050 0.2652390 
94280_St_Joe                   0.1095315 0.5154279 0.1095315 0.5054741 0.1179416 0.5231689 0.5055448 0.0255403 0.5500777 0.0000010 0.1264933 0.6340393 0.0000010 0.0000000 0.6773187 0.6509639 0.6509639 1.1749515 0.2751752 
GCA016432855_Lake_Trout        0.7257730 0.2010832 0.7257730 0.1922933 0.7487196 0.1819416 0.1718237 0.6920663 1.3158800 0.6444974 0.7725199 0.2629765 0.6444974 0.6773187 0.0000000 0.2741479 0.2741479 1.5051388 0.7287358 
GCA036784925_Maine_S_alpinus   0.5656106 0.1173625 0.5656106 0.1097131 0.5855894 0.1013941 0.0932430 0.6683059 0.7427587 0.6172867 0.6063906 0.0065610 0.6172867 0.6509639 0.2741479 0.0000000 0.0000010 1.5886196 1.0621987 
GCA045679555_Iceland_A_alpinus 0.5656106 0.1173625 0.5656106 0.1097131 0.5855894 0.1013941 0.0932430 0.6683059 0.7427587 0.6172867 0.6063906 0.0065610 0.6172867 0.6509639 0.2741479 0.0000010 0.0000000 1.5886196 1.0621987 
GCF013265735_Rainbow_Trout     1.0822229 1.3780438 1.0822229 1.3794996 1.1030236 1.4023855 1.3798832 1.1674652 2.1010988 1.1418050 1.1243904 1.5797708 1.1418050 1.1749515 1.5051388 1.5886196 1.5886196 0.0000000 1.2786003 
GCF029448725_Brook_Trout       0.2751632 0.8610369 0.2751632 0.8539163 0.2864089 0.8786811 0.8541866 0.2998650 1.1664307 0.2652390 0.2978913 1.0446582 0.2652390 0.2751752 0.7287358 1.0621987 1.0621987 1.2786003 0.0000000 
