15
251140_Ward_Creek              0.0000000 0.0000010 0.0829030 0.1137231 0.4862907 0.5461462 0.4862907 0.5152707 0.1137231 0.2850311 0.5321700 0.1442354 0.1137231 1.4783826 0.4414159 
260512_Pybus_Point             0.0000010 0.0000000 0.0829030 0.1137231 0.4862907 0.5461462 0.4862907 0.5152707 0.1137231 0.2850311 0.5321700 0.1442354 0.1137231 1.4783826 0.4414159 
261935_Kenai_River             0.0829030 0.0829030 0.0000000 0.0265407 0.5321700 0.8290551 0.5321700 0.3551643 0.0265407 0.3503708 0.5788813 0.1105030 0.0817780 1.5246742 0.4862907 
353246_Cottonwood_Creek        0.1137231 0.1137231 0.0265407 0.0000000 0.5972456 1.0856534 0.5972456 0.3072333 0.0000010 0.4355860 0.6470526 0.0806854 0.0531034 1.7048054 0.5482028 
353379_Skagit_River            0.4862907 0.4862907 0.5321700 0.5972456 0.0000000 1.7379925 0.0000010 0.2008169 0.5972456 0.1911012 0.1691360 0.6470526 0.5972456 0.6121782 0.1181958 
353381_Dungeness_River         0.5461462 0.5461462 0.8290551 1.0856534 1.7379925 0.0000000 1.7379925 8.9999985 1.0856534 8.9999986 1.7908665 1.4256524 1.2593366 6.1674475 1.5629995 
353401_Peace_River             0.4862907 0.4862907 0.5321700 0.5972456 0.0000010 1.7379925 0.0000000 0.2008169 0.5972456 0.1911012 0.1691360 0.6470526 0.5972456 0.6121782 0.1181958 
353407_Noatok                  0.5152707 0.5152707 0.3551643 0.3072333 0.2008169 8.9999985 0.2008169 0.0000000 0.3072333 0.9845095 0.2285572 0.4303585 0.3882226 0.7299951 0.1736666 
353410_Horizon_Lake            0.1137231 0.1137231 0.0265407 0.0000010 0.5972456 1.0856534 0.5972456 0.3072333 0.0000000 0.4355860 0.6470526 0.0806854 0.0531034 1.7048054 0.5482028 
92319_Little_Lost              0.2850311 0.2850311 0.3503708 0.4355860 0.1911012 8.9999986 0.1911012 0.9845095 0.4355860 0.0000000 0.7630239 0.5096036 0.4355860 2.0725939 0.5899575 
GCA016432855_Lake_Trout        0.5321700 0.5321700 0.5788813 0.6470526 0.1691360 1.7908665 0.1691360 0.2285572 0.6470526 0.7630239 0.0000000 0.6973326 0.6470526 0.6507762 0.1434021 
GCA036784925_Maine_S_alpinus   0.1442354 0.1442354 0.1105030 0.0806854 0.6470526 1.4256524 0.6470526 0.4303585 0.0806854 0.5096036 0.6973326 0.0000000 0.0262124 1.7351269 0.5972456 
GCA045679555_Iceland_A_alpinus 0.1137231 0.1137231 0.0817780 0.0531034 0.5972456 1.2593366 0.5972456 0.3882226 0.0531034 0.4355860 0.6470526 0.0262124 0.0000000 1.7048054 0.5482028 
GCF013265735_Rainbow_Trout     1.4783826 1.4783826 1.5246742 1.7048054 0.6121782 6.1674475 0.6121782 0.7299951 1.7048054 2.0725939 0.6507762 1.7351269 1.7048054 0.0000000 0.5737726 
GCF029448725_Brook_Trout       0.4414159 0.4414159 0.4862907 0.5482028 0.1181958 1.5629995 0.1181958 0.1736666 0.5482028 0.5899575 0.1434021 0.5972456 0.5482028 0.5737726 0.0000000 
