17
251140_Ward_Creek              0.0000000 0.0000010 0.0020706 0.0103989 0.0125707 0.0000010 0.0104642 0.0104114 0.0145901 0.0130634 0.0125707 0.0695249 0.0145901 0.0145901 0.1597942 0.0264514 0.0125707 
260512_Pybus_Point             0.0000010 0.0000000 0.0020706 0.0103989 0.0125707 0.0000010 0.0104642 0.0104114 0.0145901 0.0130634 0.0125707 0.0695249 0.0145901 0.0145901 0.1597942 0.0264514 0.0125707 
353213_Cropley_Lake            0.0020706 0.0020706 0.0000000 0.0125073 0.0146997 0.0054670 0.0125860 0.0125223 0.0167127 0.0152772 0.0146997 0.0718720 0.0167127 0.0167127 0.1632385 0.0291817 0.0146997 
353246_Cottonwood_Creek        0.0103989 0.0103989 0.0125073 0.0000000 0.0062564 0.0220583 0.0041665 0.0041457 0.0083002 0.0065010 0.0062564 0.0627120 0.0083002 0.0083002 0.1532391 0.0210706 0.0062564 
353379_Skagit_River            0.0125707 0.0125707 0.0146997 0.0062564 0.0000000 0.0281191 0.0020810 0.0062639 0.0083521 0.0021622 0.0041665 0.0653732 0.0083521 0.0083521 0.1563729 0.0237371 0.0041665 
353381_Dungeness_River         0.0000010 0.0000010 0.0054670 0.0220583 0.0281191 0.0000000 0.0224294 0.0221290 0.0332793 0.0312862 0.0281191 0.1931620 0.0332793 0.0332793 0.5971446 0.0873202 0.0281191 
353401_Peace_River             0.0104642 0.0104642 0.0125860 0.0041665 0.0020810 0.0224294 0.0000000 0.0041715 0.0062564 0.0021622 0.0020810 0.0631216 0.0062564 0.0062564 0.1532391 0.0210706 0.0020810 
353407_Noatok                  0.0104114 0.0104114 0.0125223 0.0041457 0.0062639 0.0221290 0.0041715 0.0000000 0.0083101 0.0065092 0.0062639 0.0627913 0.0083101 0.0083101 0.1501149 0.0184115 0.0062639 
353410_Horizon_Lake            0.0145901 0.0145901 0.0167127 0.0083002 0.0083521 0.0332793 0.0062564 0.0083101 0.0000000 0.0086776 0.0083521 0.0627120 0.0000010 0.0000010 0.1438955 0.0184115 0.0083521 
92319_Little_Lost              0.0130634 0.0130634 0.0152772 0.0065010 0.0021622 0.0312862 0.0021622 0.0065092 0.0086776 0.0000000 0.0000010 0.0680432 0.0086776 0.0086776 0.1649890 0.0249202 0.0000010 
94280_St_Joe                   0.0125707 0.0125707 0.0146997 0.0062564 0.0041665 0.0281191 0.0020810 0.0062639 0.0083521 0.0000010 0.0000000 0.0653732 0.0083521 0.0083521 0.1563729 0.0237371 0.0000010 
GCA016432855_Lake_Trout        0.0695249 0.0695249 0.0718720 0.0627120 0.0653732 0.1931620 0.0631216 0.0627913 0.0627120 0.0680432 0.0653732 0.0000000 0.0606136 0.0627120 0.2325713 0.0800622 0.0653732 
GCA036784925_Maine_S_alpinus   0.0145901 0.0145901 0.0167127 0.0083002 0.0083521 0.0332793 0.0062564 0.0083101 0.0000010 0.0086776 0.0083521 0.0606136 0.0000000 0.0000010 0.1438955 0.0184115 0.0083521 
GCA045679555_Iceland_A_alpinus 0.0145901 0.0145901 0.0167127 0.0083002 0.0083521 0.0332793 0.0062564 0.0083101 0.0000010 0.0086776 0.0083521 0.0627120 0.0000010 0.0000000 0.1438955 0.0184115 0.0083521 
GCF013265735_Rainbow_Trout     0.1597942 0.1597942 0.1632385 0.1532391 0.1563729 0.5971446 0.1532391 0.1501149 0.1438955 0.1649890 0.1563729 0.2325713 0.1438955 0.1438955 0.0000000 0.1600724 0.1563729 
GCF029448725_Brook_Trout       0.0264514 0.0264514 0.0291817 0.0210706 0.0237371 0.0873202 0.0210706 0.0184115 0.0184115 0.0249202 0.0237371 0.0800622 0.0184115 0.0184115 0.1600724 0.0000000 0.0237371 
Methow_River_99895             0.0125707 0.0125707 0.0146997 0.0062564 0.0041665 0.0281191 0.0020810 0.0062639 0.0083521 0.0000010 0.0000010 0.0653732 0.0083521 0.0083521 0.1563729 0.0237371 0.0000000 
