13
251140_Ward_Creek              0.0000000 0.0000010 0.0501799 0.0000010 0.0501799 0.0501799 0.0501799 0.0331193 0.0675886 0.0501799 0.0501799 0.1624065 0.0675886 
260512_Pybus_Point             0.0000010 0.0000000 0.1189803 0.0000010 0.1189803 0.1189803 0.1189803 0.0000010 0.2559822 0.1189803 0.1189803 1.4266292 0.2559822 
261935_Kenai_River             0.0501799 0.1189803 0.0000000 0.0501799 0.0000010 0.0323567 0.0323567 0.0160237 0.0490070 0.0323567 0.0323567 0.1391263 0.0490070 
353213_Cropley_Lake            0.0000010 0.0000010 0.0501799 0.0000000 0.0501799 0.0501799 0.0501799 0.0331193 0.0675886 0.0501799 0.0501799 0.1624065 0.0675886 
353246_Cottonwood_Creek        0.0501799 0.1189803 0.0000010 0.0501799 0.0000000 0.0323567 0.0323567 0.0160237 0.0490070 0.0323567 0.0323567 0.1391263 0.0490070 
353379_Skagit_River            0.0501799 0.1189803 0.0323567 0.0501799 0.0323567 0.0000000 0.0000010 0.0160237 0.0160237 0.0323567 0.0323567 0.1022122 0.0160237 
353401_Peace_River             0.0501799 0.1189803 0.0323567 0.0501799 0.0323567 0.0000010 0.0000000 0.0160237 0.0160237 0.0323567 0.0323567 0.1022122 0.0160237 
353410_Horizon_Lake            0.0331193 0.0000010 0.0160237 0.0331193 0.0160237 0.0160237 0.0160237 0.0000000 0.0323567 0.0160237 0.0160237 0.1204793 0.0323567 
GCA016432855_Lake_Trout        0.0675886 0.2559822 0.0490070 0.0675886 0.0490070 0.0160237 0.0160237 0.0323567 0.0000000 0.0490070 0.0490070 0.0843152 0.0000010 
GCA036784925_Maine_S_alpinus   0.0501799 0.1189803 0.0323567 0.0501799 0.0323567 0.0323567 0.0323567 0.0160237 0.0490070 0.0000000 0.0000010 0.1391263 0.0490070 
GCA045679555_Iceland_A_alpinus 0.0501799 0.1189803 0.0323567 0.0501799 0.0323567 0.0323567 0.0323567 0.0160237 0.0490070 0.0000010 0.0000000 0.1391263 0.0490070 
GCF013265735_Rainbow_Trout     0.1624065 1.4266292 0.1391263 0.1624065 0.1391263 0.1022122 0.1022122 0.1204793 0.0843152 0.1391263 0.1391263 0.0000000 0.0843152 
GCF029448725_Brook_Trout       0.0675886 0.2559822 0.0490070 0.0675886 0.0490070 0.0160237 0.0160237 0.0323567 0.0000010 0.0490070 0.0490070 0.0843152 0.0000000 
