14
251140_Ward_Creek              0.0000000 0.0000010 0.6570755 0.4707765 0.6591299 0.0234382 0.0997587 8.9999982 0.6591299 0.1228359 0.0958697 0.0958697 1.7444358 0.8493878 
260512_Pybus_Point             0.0000010 0.0000000 0.6570755 0.4707765 0.6591299 0.0234382 0.0997587 8.9999982 0.6591299 0.1228359 0.0958697 0.0958697 1.7444358 0.8493878 
353379_Skagit_River            0.6570755 0.6570755 0.0000000 2.5729486 0.0000010 0.5868445 0.7917893 8.9999981 0.0000010 0.6800284 0.8559543 0.8559543 2.0735040 0.3670370 
353381_Dungeness_River         0.4707765 0.4707765 2.5729486 0.0000000 2.5348209 0.4707765 0.7342761 8.9999986 2.5348209 0.7162444 0.7162444 0.7162444 1.8655037 2.4183833 
353401_Peace_River             0.6591299 0.6591299 0.0000010 2.5348209 0.0000000 0.5917294 0.7880196 8.9999986 0.0000010 0.6810321 0.8501610 0.8501610 2.0537598 0.3763499 
353407_Noatok                  0.0234382 0.0234382 0.5868445 0.4707765 0.5917294 0.0000000 0.0729197 5.0131449 0.5917294 0.0958697 0.1228359 0.1228359 1.6453102 0.7630592 
353410_Horizon_Lake            0.0997587 0.0997587 0.7917893 0.7342761 0.7880196 0.0729197 0.0000000 8.9999984 0.7880196 0.1786054 0.2098373 0.2098373 1.8461407 0.7630592 
92319_Little_Lost              8.9999982 8.9999982 8.9999981 8.9999986 8.9999986 5.0131449 8.9999984 0.0000000 8.9999986 4.2190834 4.4116113 4.4116113 3.3672399 8.9999985 
94280_St_Joe                   0.6591299 0.6591299 0.0000010 2.5348209 0.0000010 0.5917294 0.7880196 8.9999986 0.0000000 0.6810321 0.8501610 0.8501610 2.0537598 0.3763499 
GCA016432855_Lake_Trout        0.1228359 0.1228359 0.6800284 0.7162444 0.6810321 0.0958697 0.1786054 4.2190834 0.6810321 0.0000000 0.1759682 0.1759682 1.6570785 0.6661990 
GCA036784925_Maine_S_alpinus   0.0958697 0.0958697 0.8559543 0.7162444 0.8501610 0.1228359 0.2098373 4.4116113 0.8501610 0.1759682 0.0000000 0.0000010 1.7647922 0.9511706 
GCA045679555_Iceland_A_alpinus 0.0958697 0.0958697 0.8559543 0.7162444 0.8501610 0.1228359 0.2098373 4.4116113 0.8501610 0.1759682 0.0000010 0.0000000 1.7647922 0.9511706 
GCF013265735_Rainbow_Trout     1.7444358 1.7444358 2.0735040 1.8655037 2.0537598 1.6453102 1.8461407 3.3672399 2.0537598 1.6570785 1.7647922 1.7647922 0.0000000 1.9527970 
GCF029448725_Brook_Trout       0.8493878 0.8493878 0.3670370 2.4183833 0.3763499 0.7630592 0.7630592 8.9999985 0.3763499 0.6661990 0.9511706 0.9511706 1.9527970 0.0000000 
