17
251140_Ward_Creek              0.0000000 0.0318259 0.0212561 0.0105587 0.0104839 0.0000010 0.1387311 0.0540616 0.0136335 0.0540616 0.0657601 0.0548853 0.0887578 0.0544789 0.0544789 0.6627117 0.2513393 
260512_Pybus_Point             0.0318259 0.0000000 0.0320607 0.0429860 0.0210977 0.0318259 0.2160654 0.0652311 0.0274876 0.0652311 0.0544333 0.0662425 0.1004107 0.0657434 0.0657434 0.6813534 0.2654561 
261935_Kenai_River             0.0212561 0.0320607 0.0000000 0.0322998 0.0320607 0.0212561 0.1354413 0.0318348 0.0274859 0.0318348 0.0540580 0.0322998 0.0894838 0.0320705 0.0320705 0.6766285 0.2541041 
353213_Cropley_Lake            0.0105587 0.0429860 0.0322998 0.0000000 0.0212345 0.0105587 0.1817091 0.0657434 0.0277216 0.0657434 0.0777739 0.0667721 0.1012515 0.0662644 0.0662644 0.6960961 0.2684689 
353219_Peterson_Creek          0.0104839 0.0210977 0.0320607 0.0212345 0.0000000 0.0104839 0.1765008 0.0652311 0.0000010 0.0652311 0.0771513 0.0662425 0.1004107 0.0657434 0.0657434 0.6813534 0.2654561 
353220_Fish_Creek              0.0000010 0.0318259 0.0212561 0.0105587 0.0104839 0.0000000 0.1387311 0.0540616 0.0136335 0.0540616 0.0657601 0.0548853 0.0887578 0.0544789 0.0544789 0.6627117 0.2513393 
353246_Cottonwood_Creek        0.1387311 0.2160654 0.1354413 0.1817091 0.1765008 0.1387311 0.0000000 0.2491029 0.5173264 0.2491029 0.1717646 0.2163520 0.5192697 0.2102939 0.2102939 2.4563844 1.2906737 
353379_Skagit_River            0.0540616 0.0652311 0.0318348 0.0657434 0.0652311 0.0540616 0.2491029 0.0000000 0.0557704 0.0000010 0.0879807 0.0657434 0.1252501 0.0652523 0.0652523 0.7349652 0.2978142 
353381_Dungeness_River         0.0136335 0.0274876 0.0274859 0.0277216 0.0000010 0.0136335 0.5173264 0.0557704 0.0000000 0.0557704 0.0857773 0.0716506 0.0702596 0.0709478 0.0563277 0.8325621 0.2798634 
353401_Peace_River             0.0540616 0.0652311 0.0318348 0.0657434 0.0652311 0.0540616 0.2491029 0.0000010 0.0557704 0.0000000 0.0879807 0.0657434 0.1252501 0.0652523 0.0652523 0.7349652 0.2978142 
353407_Noatok                  0.0657601 0.0544333 0.0540580 0.0777739 0.0771513 0.0657601 0.1717646 0.0879807 0.0857773 0.0879807 0.0000000 0.0652285 0.1386734 0.0647456 0.0647456 0.7714140 0.3164935 
353410_Horizon_Lake            0.0548853 0.0662425 0.0322998 0.0667721 0.0662425 0.0548853 0.2163520 0.0657434 0.0716506 0.0657434 0.0652285 0.0000000 0.1274238 0.0212408 0.0212408 0.7696865 0.3049381 
GCA016432855_Lake_Trout        0.0887578 0.1004107 0.0894838 0.1012515 0.1004107 0.0887578 0.5192697 0.1252501 0.0702596 0.1252501 0.1386734 0.1274238 0.0000000 0.1263501 0.1263501 0.7010016 0.2799851 
GCA036784925_Maine_S_alpinus   0.0544789 0.0657434 0.0320705 0.0662644 0.0657434 0.0544789 0.2102939 0.0652523 0.0709478 0.0652523 0.0647456 0.0212408 0.1263501 0.0000000 0.0210937 0.7520220 0.3014012 
GCA045679555_Iceland_A_alpinus 0.0544789 0.0657434 0.0320705 0.0662644 0.0657434 0.0544789 0.2102939 0.0652523 0.0563277 0.0652523 0.0647456 0.0212408 0.1263501 0.0210937 0.0000000 0.7520220 0.3014012 
GCF013265735_Rainbow_Trout     0.6627117 0.6813534 0.6766285 0.6960961 0.6813534 0.6627117 2.4563844 0.7349652 0.8325621 0.7349652 0.7714140 0.7696865 0.7010016 0.7520220 0.7520220 0.0000000 0.9961085 
GCF029448725_Brook_Trout       0.2513393 0.2654561 0.2541041 0.2684689 0.2654561 0.2513393 1.2906737 0.2978142 0.2798634 0.2978142 0.3164935 0.3049381 0.2799851 0.3014012 0.3014012 0.9961085 0.0000000 
