16
251140_Ward_Creek              0.0000000 0.0000010 0.0072796 0.0029009 0.0094531 0.0068659 0.0262125 0.0072796 0.0014489 0.0262125 0.0109807 0.0204922 0.0014489 0.0029009 0.0848467 0.0243376 
260512_Pybus_Point             0.0000010 0.0000000 0.0072796 0.0029009 0.0094531 0.0068659 0.0262125 0.0072796 0.0014489 0.0262125 0.0109807 0.0204922 0.0014489 0.0029009 0.0848467 0.0243376 
353213_Cropley_Lake            0.0072796 0.0072796 0.0000000 0.0043579 0.0113661 0.0138141 0.0262538 0.0028986 0.0058148 0.0262538 0.0128354 0.0185929 0.0058148 0.0072739 0.0830703 0.0224214 
353246_Cottonwood_Creek        0.0029009 0.0029009 0.0043579 0.0000000 0.0094627 0.0091766 0.0262538 0.0043579 0.0014478 0.0262538 0.0109915 0.0205127 0.0014478 0.0028986 0.0849223 0.0243621 
353379_Skagit_River            0.0094531 0.0094531 0.0113661 0.0094627 0.0000000 0.0217484 0.0121788 0.0113661 0.0113661 0.0121788 0.0018809 0.0192367 0.0113661 0.0132730 0.0790993 0.0192967 
353381_Dungeness_River         0.0068659 0.0068659 0.0138141 0.0091766 0.0217484 0.0000000 0.1108259 0.0138141 0.0091766 0.1108259 0.0238613 0.0382241 0.0091766 0.0114841 0.1346771 0.0423755 
353401_Peace_River             0.0262125 0.0262125 0.0262538 0.0262538 0.0121788 0.1108259 0.0000000 0.0292148 0.0292148 0.0000010 0.0086471 0.0388341 0.0292148 0.0321843 0.1316768 0.0297358 
353407_Noatok                  0.0072796 0.0072796 0.0028986 0.0043579 0.0113661 0.0138141 0.0292148 0.0000000 0.0058148 0.0292148 0.0128354 0.0185929 0.0058148 0.0072739 0.0830703 0.0224214 
353410_Horizon_Lake            0.0014489 0.0014489 0.0058148 0.0014478 0.0113661 0.0091766 0.0292148 0.0058148 0.0000000 0.0292148 0.0128354 0.0223988 0.0000010 0.0014478 0.0866289 0.0262613 
92319_Little_Lost              0.0262125 0.0262125 0.0262538 0.0262538 0.0121788 0.1108259 0.0000010 0.0292148 0.0292148 0.0000000 0.0086471 0.0388341 0.0292148 0.0321843 0.1316768 0.0297358 
94280_St_Joe                   0.0109807 0.0109807 0.0128354 0.0109915 0.0018809 0.0238613 0.0086471 0.0128354 0.0128354 0.0086471 0.0000000 0.0204716 0.0128354 0.0146827 0.0783290 0.0205334 
GCA016432855_Lake_Trout        0.0204922 0.0204922 0.0185929 0.0205127 0.0192367 0.0382241 0.0388341 0.0185929 0.0223988 0.0388341 0.0204716 0.0000000 0.0223988 0.0242885 0.0899236 0.0263563 
GCA036784925_Maine_S_alpinus   0.0014489 0.0014489 0.0058148 0.0014478 0.0113661 0.0091766 0.0292148 0.0058148 0.0000010 0.0292148 0.0128354 0.0223988 0.0000000 0.0014478 0.0866289 0.0262613 
GCA045679555_Iceland_A_alpinus 0.0029009 0.0029009 0.0072739 0.0028986 0.0132730 0.0114841 0.0321843 0.0072739 0.0014478 0.0321843 0.0146827 0.0242885 0.0014478 0.0000000 0.0883378 0.0281641 
GCF013265735_Rainbow_Trout     0.0848467 0.0848467 0.0830703 0.0849223 0.0790993 0.1346771 0.1316768 0.0830703 0.0866289 0.1316768 0.0783290 0.0899236 0.0866289 0.0883378 0.0000000 0.0857498 
GCF029448725_Brook_Trout       0.0243376 0.0243376 0.0224214 0.0243621 0.0192967 0.0423755 0.0297358 0.0224214 0.0262613 0.0297358 0.0205334 0.0263563 0.0262613 0.0281641 0.0857498 0.0000000 
