17
251140_Ward_Creek            0.0000000 0.0088157 0.0132644 0.0043933 0.0043933 0.0132692 0.0405229 0.0191588 0.0405229 0.0177573 0.0315193 0.1314903 0.0451487 0.0454117 0.0315193 0.1467811 0.0647584 
260512_Pybus_Point           0.0088157 0.0000000 0.0132604 0.0043920 0.0043920 0.0043949 0.0313145 0.0095135 0.0313145 0.0088215 0.0223682 0.1027736 0.0358856 0.0360922 0.0223682 0.1360211 0.0551378 
261935_Kenai_River           0.0132644 0.0132604 0.0000000 0.0088099 0.0088099 0.0177401 0.0358938 0.0191386 0.0358938 0.0132725 0.0269218 0.1305823 0.0404905 0.0407249 0.0269218 0.1413100 0.0599116 
353213_Cropley_Lake          0.0043933 0.0043920 0.0088099 0.0000000 0.0000010 0.0088131 0.0358856 0.0143123 0.0358856 0.0132692 0.0269155 0.1027736 0.0404814 0.0407157 0.0269155 0.1412897 0.0598988 
353219_Peterson_Creek        0.0043933 0.0043920 0.0088099 0.0000010 0.0000000 0.0088131 0.0358856 0.0143123 0.0358856 0.0132692 0.0269155 0.1027736 0.0404814 0.0407157 0.0269155 0.1412897 0.0598988 
353220_Fish_Creek            0.0132692 0.0043949 0.0177401 0.0088131 0.0088131 0.0000000 0.0267681 0.0047430 0.0267681 0.0043991 0.0178457 0.0758370 0.0313145 0.0314939 0.0178457 0.1307820 0.0504026 
353379_Skagit_River          0.0405229 0.0313145 0.0358938 0.0358856 0.0358856 0.0267681 0.0000000 0.0240062 0.0000010 0.0222515 0.0269177 0.0000010 0.0043892 0.0500802 0.0269177 0.1520975 0.0695643 
353381_Dungeness_River       0.0191588 0.0095135 0.0191386 0.0143123 0.0143123 0.0047430 0.0240062 0.0000000 0.0240062 0.0047430 0.0192618 0.1052152 0.0288921 0.0340159 0.0192618 0.1359188 0.0545193 
353401_Peace_River           0.0405229 0.0313145 0.0358938 0.0358856 0.0358856 0.0267681 0.0000010 0.0240062 0.0000000 0.0222515 0.0269177 0.0000010 0.0043892 0.0500802 0.0269177 0.1520975 0.0695643 
353407_Noatok                0.0177573 0.0088215 0.0132725 0.0132692 0.0132692 0.0043991 0.0222515 0.0047430 0.0222515 0.0000000 0.0133510 0.0758370 0.0267744 0.0269271 0.0133510 0.1255919 0.0457036 
353410_Horizon_Lake          0.0315193 0.0223682 0.0269218 0.0269155 0.0269155 0.0178457 0.0269177 0.0192618 0.0269177 0.0133510 0.0000000 0.1062543 0.0314905 0.0409768 0.0000010 0.1423307 0.0602950 
92319_Little_Lost            0.1314903 0.1027736 0.1305823 0.1027736 0.1027736 0.0758370 0.0000010 0.1052152 0.0000010 0.0758370 0.1062543 0.0000000 0.0000010 0.2250857 0.1062543 1.1525671 0.3506053 
94280_St_Joe                 0.0451487 0.0358856 0.0404905 0.0404814 0.0404814 0.0313145 0.0043892 0.0288921 0.0043892 0.0267744 0.0314905 0.0000010 0.0000000 0.0547845 0.0314905 0.1574642 0.0646984 
GCA016432855_Lake_Trout      0.0454117 0.0360922 0.0407249 0.0407157 0.0407157 0.0314939 0.0500802 0.0340159 0.0500802 0.0269271 0.0409768 0.2250857 0.0547845 0.0000000 0.0409768 0.1465469 0.0646603 
GCA036784925_Maine_S_alpinus 0.0315193 0.0223682 0.0269218 0.0269155 0.0269155 0.0178457 0.0269177 0.0192618 0.0269177 0.0133510 0.0000010 0.1062543 0.0314905 0.0409768 0.0000000 0.1423307 0.0602950 
GCF013265735_Rainbow_Trout   0.1467811 0.1360211 0.1413100 0.1412897 0.1412897 0.1307820 0.1520975 0.1359188 0.1520975 0.1255919 0.1423307 1.1525671 0.1574642 0.1465469 0.1423307 0.0000000 0.1693866 
GCF029448725_Brook_Trout     0.0647584 0.0551378 0.0599116 0.0598988 0.0598988 0.0504026 0.0695643 0.0545193 0.0695643 0.0457036 0.0602950 0.3506053 0.0646984 0.0646603 0.0602950 0.1693866 0.0000000 
