14
251140_Ward_Creek              0.0000000 0.0000010 0.0086971 0.0174710 0.1016408 0.0819157 0.0086580 0.0819157 0.0914463 0.0245476 0.0086971 0.6706992 0.1927631 0.0914463 
260512_Pybus_Point             0.0000010 0.0000000 0.0086971 0.0174710 0.1016408 0.0819157 0.0086580 0.0819157 0.0914463 0.0245476 0.0086971 0.6706992 0.1927631 0.0914463 
261935_Kenai_River             0.0086971 0.0086971 0.0000000 0.0264429 0.1179509 0.0918867 0.0174710 0.0918867 0.1015572 0.0372910 0.0175496 0.7062847 0.2096163 0.1015572 
353246_Cottonwood_Creek        0.0174710 0.0174710 0.0264429 0.0000000 0.1337231 0.1015572 0.0263226 0.1015572 0.1113214 0.0500384 0.0264429 0.7344206 0.2252731 0.1113214 
353379_Skagit_River            0.1016408 0.1016408 0.1179509 0.1337231 0.0000000 0.0136058 0.1170418 0.0136058 0.0136058 0.1104275 0.1179509 1.2149056 0.3498744 0.0136058 
353401_Peace_River             0.0819157 0.0819157 0.0918867 0.1015572 0.0136058 0.0000000 0.0914463 0.0000010 0.0086580 0.1163243 0.0918867 0.8851970 0.3073196 0.0086580 
353410_Horizon_Lake            0.0086580 0.0086580 0.0174710 0.0263226 0.1170418 0.0914463 0.0000000 0.0914463 0.1010673 0.0370521 0.0174710 0.6976956 0.1927631 0.1010673 
92319_Little_Lost              0.0819157 0.0819157 0.0918867 0.1015572 0.0136058 0.0000010 0.0914463 0.0000000 0.0086580 0.1163243 0.0918867 0.8851970 0.3073196 0.0086580 
94280_St_Joe                   0.0914463 0.0914463 0.1015572 0.1113214 0.0136058 0.0086580 0.1010673 0.0086580 0.0000000 0.1163243 0.1015572 0.8851970 0.3073196 0.0000010 
GCA016432855_Lake_Trout        0.0245476 0.0245476 0.0372910 0.0500384 0.1104275 0.1163243 0.0370521 0.1163243 0.1163243 0.0000000 0.0372910 0.7509635 0.1913525 0.1163243 
GCA045679555_Iceland_A_alpinus 0.0086971 0.0086971 0.0175496 0.0264429 0.1179509 0.0918867 0.0174710 0.0918867 0.1015572 0.0372910 0.0000000 0.7062847 0.2096163 0.1015572 
GCF013265735_Rainbow_Trout     0.6706992 0.6706992 0.7062847 0.7344206 1.2149056 0.8851970 0.6976956 0.8851970 0.8851970 0.7509635 0.7062847 0.0000000 1.2522548 0.8851970 
GCF029448725_Brook_Trout       0.1927631 0.1927631 0.2096163 0.2252731 0.3498744 0.3073196 0.1927631 0.3073196 0.3073196 0.1913525 0.2096163 1.2522548 0.0000000 0.3073196 
Methow_River_99895             0.0914463 0.0914463 0.1015572 0.1113214 0.0136058 0.0086580 0.1010673 0.0086580 0.0000010 0.1163243 0.1015572 0.8851970 0.3073196 0.0000000 
