7
251140_Ward_Creek          0.0000000 0.0000010 0.0694631 0.0694631 0.0731861 1.3974515 0.3391143 
260512_Pybus_Point         0.0000010 0.0000000 0.0694631 0.0694631 0.0731861 1.3974515 0.3391143 
353379_Skagit_River        0.0694631 0.0694631 0.0000000 0.0000010 0.1533846 1.2464473 0.2416559 
353401_Peace_River         0.0694631 0.0694631 0.0000010 0.0000000 0.1533846 1.2464473 0.2416559 
353407_Noatok              0.0731861 0.0731861 0.1533846 0.1533846 0.0000000 1.7468317 0.4838621 
GCF013265735_Rainbow_Trout 1.3974515 1.3974515 1.2464473 1.2464473 1.7468317 0.0000000 1.8784564 
GCF029448725_Brook_Trout   0.3391143 0.3391143 0.2416559 0.2416559 0.4838621 1.8784564 0.0000000 
