20
251140_Ward_Creek              0.0000000 0.0413808 0.0470764 0.0197619 0.0231056 0.1243407 0.0474181 0.5443893 0.9259038 0.5329825 0.0778246 0.1267354 0.5325450 0.5347723 0.2123631 0.1174700 0.1414054 2.4550169 0.3790008 0.5979413 
260512_Pybus_Point             0.0413808 0.0000000 0.0057490 0.0402792 0.0533672 0.0757947 0.0057897 0.5404838 0.9205632 0.5289802 0.0978175 0.1215863 0.5285590 0.5307746 0.2242442 0.1325094 0.1294250 2.5215698 0.3640795 0.5940897 
261935_Kenai_River             0.0470764 0.0057490 0.0000000 0.0467473 0.0469106 0.0692225 0.0000010 0.5248360 0.8391208 0.5135129 0.1034340 0.1273437 0.5131719 0.5152390 0.2305316 0.1384063 0.1352119 2.4950004 0.3697980 0.5756035 
353213_Cropley_Lake            0.0197619 0.0402792 0.0467473 0.0000000 0.0196665 0.1151820 0.0471326 0.6180069 0.8810259 0.6046151 0.0894422 0.1261182 0.6036335 0.6069342 0.1849296 0.1187229 0.1423497 2.5195779 0.4321941 0.5938802 
353219_Peterson_Creek          0.0231056 0.0533672 0.0469106 0.0196665 0.0000000 0.1099656 0.0472498 0.5014757 0.7599798 0.4903891 0.0712735 0.1129132 0.4901561 0.4920202 0.1948195 0.1033322 0.1272249 2.4377240 0.3763821 0.5482229 
353220_Fish_Creek              0.1243407 0.0757947 0.0692225 0.1151820 0.1099656 0.0000000 0.0697608 0.6943158 0.8770307 0.6806420 0.1753894 0.1986565 0.6790154 0.6832444 0.3293596 0.2132440 0.2081524 2.7387258 0.2794613 0.7414502 
353246_Cottonwood_Creek        0.0474181 0.0057897 0.0000010 0.0471326 0.0472498 0.0697608 0.0000000 0.5300875 0.8756570 0.5186362 0.1042104 0.1283444 0.5182672 0.5203954 0.2305316 0.1395316 0.1362876 2.5098167 0.3697980 0.5821595 
353379_Skagit_River            0.5443893 0.5404838 0.5248360 0.6180069 0.5014757 0.6943158 0.5300875 0.0000000 2.6810304 0.0180222 0.5195810 0.4504015 0.0180105 0.0180222 0.6304300 0.4801420 0.4767168 2.8321781 0.9591057 0.0134844 
353381_Dungeness_River         0.9259038 0.9205632 0.8391208 0.8810259 0.7599798 0.8770307 0.8756570 2.6810304 0.0000000 2.6731506 1.2337579 1.2648590 2.6201067 2.6820200 2.3520530 1.2948190 1.4016573 2.9206230 2.3711049 2.6201067 
353401_Peace_River             0.5329825 0.5289802 0.5135129 0.6046151 0.4903891 0.6806420 0.5186362 0.0180222 2.6731506 0.0000000 0.5081507 0.4393094 0.0119692 0.0000010 0.6161711 0.4684174 0.4652288 2.8412316 0.9445711 0.0067182 
353407_Noatok                  0.0778246 0.0978175 0.1034340 0.0894422 0.0712735 0.1753894 0.1042104 0.5195810 1.2337579 0.5081507 0.0000000 0.1071919 0.5078315 0.5098789 0.1886698 0.0973793 0.1215104 2.4928978 0.3091871 0.5702941 
353410_Horizon_Lake            0.1267354 0.1215863 0.1273437 0.1261182 0.1129132 0.1986565 0.1283444 0.4504015 1.2648590 0.4393094 0.1071919 0.0000000 0.4392706 0.4408085 0.1307773 0.0245519 0.0360755 2.4702018 0.3320157 0.4683878 
92319_Little_Lost              0.5325450 0.5285590 0.5131719 0.6036335 0.4901561 0.6790154 0.5182672 0.0180105 2.6201067 0.0119692 0.5078315 0.4392706 0.0000000 0.0119692 0.6150362 0.4682646 0.4650917 2.7998716 0.9392835 0.0066943 
94280_St_Joe                   0.5347723 0.5307746 0.5152390 0.6069342 0.4920202 0.6832444 0.5203954 0.0180222 2.6820200 0.0000010 0.5098789 0.4408085 0.0119692 0.0000000 0.6186773 0.4700823 0.4668513 2.8453261 0.9482922 0.0067182 
GCA016432855_Lake_Trout        0.2123631 0.2242442 0.2305316 0.1849296 0.1948195 0.3293596 0.2305316 0.6304300 2.3520530 0.6161711 0.1886698 0.1307773 0.6150362 0.6186773 0.0000000 0.1282165 0.1477074 2.6290424 0.3381170 0.6235360 
GCA036784925_Maine_S_alpinus   0.1174700 0.1325094 0.1384063 0.1187229 0.1033322 0.2132440 0.1395316 0.4801420 1.2948190 0.4684174 0.0973793 0.0245519 0.4682646 0.4700823 0.1282165 0.0000000 0.0309993 2.4552977 0.3467086 0.4789659 
GCA045679555_Iceland_A_alpinus 0.1414054 0.1294250 0.1352119 0.1423497 0.1272249 0.2081524 0.1362876 0.4767168 1.4016573 0.4652288 0.1215104 0.0360755 0.4650917 0.4668513 0.1477074 0.0309993 0.0000000 2.5280859 0.3267774 0.4977811 
GCF013265735_Rainbow_Trout     2.4550169 2.5215698 2.4950004 2.5195779 2.4377240 2.7387258 2.5098167 2.8321781 2.9206230 2.8412316 2.4928978 2.4702018 2.7998716 2.8453261 2.6290424 2.4552977 2.5280859 0.0000000 2.6581458 2.8361949 
GCF029448725_Brook_Trout       0.3790008 0.3640795 0.3697980 0.4321941 0.3763821 0.2794613 0.3697980 0.9591057 2.3711049 0.9445711 0.3091871 0.3320157 0.9392835 0.9482922 0.3381170 0.3467086 0.3267774 2.6581458 0.0000000 1.0804809 
Methow_River_99895             0.5979413 0.5940897 0.5756035 0.5938802 0.5482229 0.7414502 0.5821595 0.0134844 2.6201067 0.0067182 0.5702941 0.4683878 0.0066943 0.0067182 0.6235360 0.4789659 0.4977811 2.8361949 1.0804809 0.0000000 
