16
251140_Ward_Creek              0.0000000 0.0000010 0.0047545 0.0047653 0.0047545 0.0240980 0.0334062 0.0047545 0.0334062 0.0340236 0.0192421 0.0866191 0.0192937 0.0145703 0.3969102 0.3746598 
260512_Pybus_Point             0.0000010 0.0000000 0.0047545 0.0047653 0.0047545 0.0240980 0.0334062 0.0047545 0.0334062 0.0340236 0.0192421 0.0866191 0.0192937 0.0145703 0.3969102 0.3746598 
261935_Kenai_River             0.0047545 0.0047545 0.0000000 0.0095483 0.0000010 0.0289720 0.0418963 0.0000010 0.0418963 0.0389588 0.0240980 0.0956058 0.0241626 0.0194642 0.4041123 0.3834183 
353213_Cropley_Lake            0.0047653 0.0047653 0.0095483 0.0000000 0.0095483 0.0161716 0.0420679 0.0075381 0.0420679 0.0390502 0.0241541 0.0960259 0.0242190 0.0195098 0.2061192 0.3852158 
353220_Fish_Creek              0.0047545 0.0047545 0.0000010 0.0095483 0.0000000 0.0289720 0.0418963 0.0000010 0.0418963 0.0389588 0.0240980 0.0956058 0.0241626 0.0194642 0.4041123 0.3834183 
353246_Cottonwood_Creek        0.0240980 0.0240980 0.0289720 0.0161716 0.0289720 0.0000000 0.0335480 0.0188628 0.0335480 0.0291721 0.0143683 0.0847348 0.0144067 0.0096706 0.2029854 0.3670273 
353379_Skagit_River            0.0334062 0.0334062 0.0418963 0.0420679 0.0418963 0.0335480 0.0000000 0.0418963 0.0000010 0.0687501 0.0421824 0.0510247 0.0423799 0.0343171 0.7690250 0.1851654 
353381_Dungeness_River         0.0047545 0.0047545 0.0000010 0.0075381 0.0000010 0.0188628 0.0418963 0.0000000 0.0418963 0.0389588 0.0240980 0.0956058 0.0241626 0.0194642 0.2089715 0.3834183 
353401_Peace_River             0.0334062 0.0334062 0.0418963 0.0420679 0.0418963 0.0335480 0.0000010 0.0418963 0.0000000 0.0687501 0.0421824 0.0510247 0.0423799 0.0343171 0.7690250 0.1851654 
353407_Noatok                  0.0340236 0.0340236 0.0389588 0.0390502 0.0389588 0.0291721 0.0687501 0.0389588 0.0687501 0.0000000 0.0441269 0.1249515 0.0442467 0.0396077 0.4010078 0.4168364 
353410_Horizon_Lake            0.0192421 0.0192421 0.0240980 0.0241541 0.0240980 0.0143683 0.0421824 0.0240980 0.0421824 0.0441269 0.0000000 0.0962918 0.0095864 0.0048261 0.3986180 0.3860548 
GCA016432855_Lake_Trout        0.0866191 0.0866191 0.0956058 0.0960259 0.0956058 0.0847348 0.0510247 0.0956058 0.0510247 0.1249515 0.0962918 0.0000000 0.0967538 0.0890752 0.8781794 0.2033122 
GCA036784925_Maine_S_alpinus   0.0192937 0.0192937 0.0241626 0.0242190 0.0241626 0.0144067 0.0423799 0.0241626 0.0423799 0.0442467 0.0095864 0.0967538 0.0000000 0.0048383 0.3999072 0.3875954 
GCA045679555_Iceland_A_alpinus 0.0145703 0.0145703 0.0194642 0.0195098 0.0194642 0.0096706 0.0343171 0.0194642 0.0343171 0.0396077 0.0048261 0.0890752 0.0048383 0.0000000 0.3972750 0.3841990 
GCF013265735_Rainbow_Trout     0.3969102 0.3969102 0.4041123 0.2061192 0.4041123 0.2029854 0.7690250 0.2089715 0.7690250 0.4010078 0.3986180 0.8781794 0.3999072 0.3972750 0.0000000 1.2019283 
GCF029448725_Brook_Trout       0.3746598 0.3746598 0.3834183 0.3852158 0.3834183 0.3670273 0.1851654 0.3834183 0.1851654 0.4168364 0.3860548 0.2033122 0.3875954 0.3841990 1.2019283 0.0000000 
