15
251140_Ward_Creek              0.0000000 0.0000010 0.0504621 0.0332898 0.0857600 1.3384086 0.0857600 0.0861476 0.0861529 0.1007139 0.6444475 0.1049232 0.1049232 1.5673564 0.5432462 
260512_Pybus_Point             0.0000010 0.0000000 0.0504621 0.0332898 0.0857600 1.3384086 0.0857600 0.0861476 0.0861529 0.1007139 0.6444475 0.1049232 0.1049232 1.5673564 0.5432462 
261935_Kenai_River             0.0504621 0.0504621 0.0000000 0.0160274 0.0323570 1.3778496 0.0323570 0.0324831 0.0662761 0.0376427 0.5009843 0.0840186 0.0840186 1.4823103 0.4310751 
353246_Cottonwood_Creek        0.0332898 0.0332898 0.0160274 0.0000000 0.0489939 1.3384086 0.0489939 0.0491922 0.0491962 0.0570778 0.5350772 0.0665123 0.0665123 1.4888319 0.4592687 
353379_Skagit_River            0.0857600 0.0857600 0.0323570 0.0489939 0.0000000 1.4098368 0.0000010 0.0662197 0.1013322 0.0000010 0.5693986 0.1199348 0.1199348 1.4950297 0.4876482 
353381_Dungeness_River         1.3384086 1.3384086 1.3778496 1.3384086 1.4098368 0.0000000 1.4098368 1.5323991 1.5276438 1.9025818 2.5994656 1.6519055 1.6519055 2.3512373 2.3879138 
353401_Peace_River             0.0857600 0.0857600 0.0323570 0.0489939 0.0000010 1.4098368 0.0000000 0.0662197 0.1013322 0.0000010 0.5693986 0.1199348 0.1199348 1.4950297 0.4876482 
353407_Noatok                  0.0861476 0.0861476 0.0324831 0.0491922 0.0662197 1.5323991 0.0662197 0.0000000 0.1017949 0.0773149 0.5783551 0.1205080 0.1205080 1.5235414 0.4933175 
353410_Horizon_Lake            0.0861529 0.0861529 0.0662761 0.0491962 0.1013322 1.5276438 0.1013322 0.1017949 0.0000000 0.1186640 0.6493144 0.0160719 0.0160719 1.5328425 0.5517397 
92319_Little_Lost              0.1007139 0.1007139 0.0376427 0.0570778 0.0000010 1.9025818 0.0000010 0.0773149 0.1186640 0.0000000 0.5693986 0.1407879 0.1407879 1.4950297 0.4876482 
GCA016432855_Lake_Trout        0.6444475 0.6444475 0.5009843 0.5350772 0.5693986 2.5994656 0.5693986 0.5783551 0.6493144 0.5693986 0.0000000 0.6972479 0.6972479 1.2405587 0.7506678 
GCA036784925_Maine_S_alpinus   0.1049232 0.1049232 0.0840186 0.0665123 0.1199348 1.6519055 0.1199348 0.1205080 0.0160719 0.1407879 0.6972479 0.0000000 0.0000010 1.5654117 0.5886271 
GCA045679555_Iceland_A_alpinus 0.1049232 0.1049232 0.0840186 0.0665123 0.1199348 1.6519055 0.1199348 0.1205080 0.0160719 0.1407879 0.6972479 0.0000010 0.0000000 1.5654117 0.5886271 
GCF013265735_Rainbow_Trout     1.5673564 1.5673564 1.4823103 1.4888319 1.4950297 2.3512373 1.4950297 1.5235414 1.5328425 1.4950297 1.2405587 1.5654117 1.5654117 0.0000000 1.4767301 
GCF029448725_Brook_Trout       0.5432462 0.5432462 0.4310751 0.4592687 0.4876482 2.3879138 0.4876482 0.4933175 0.5517397 0.4876482 0.7506678 0.5886271 0.5886271 1.4767301 0.0000000 
