14
251140_Ward_Creek              0.0000000 0.2873531 0.0000010 0.0245097 0.1335427 0.0000010 0.1335427 0.1216729 0.5664564 0.0766516 0.0245097 0.8734693 0.3250916 0.2793910 
260512_Pybus_Point             0.2873531 0.0000000 0.2873531 0.2468359 0.4267481 1.4197121 0.4267481 0.5588424 0.2137483 0.4311786 0.3291010 1.1455329 0.6888755 0.7756208 
261935_Kenai_River             0.0000010 0.2873531 0.0000000 0.0245097 0.1335427 0.0000010 0.1335427 0.1216729 0.5664564 0.0766516 0.0245097 0.8734693 0.3250916 0.2793910 
353220_Fish_Creek              0.0245097 0.2468359 0.0245097 0.0000000 0.1624477 0.0647733 0.1624477 0.1544032 0.6290761 0.1035543 0.0496443 0.9171702 0.3589786 0.3198455 
353379_Skagit_River            0.1335427 0.4267481 0.1335427 0.1624477 0.0000000 0.3209356 0.0000010 0.3105632 0.3109049 0.2272120 0.1624477 1.0559115 0.4924744 0.0909425 
353381_Dungeness_River         0.0000010 1.4197121 0.0000010 0.0647733 0.3209356 0.0000000 0.3209356 0.3746156 4.2652907 0.1337663 0.0647733 1.7696738 0.7987499 2.1316365 
353401_Peace_River             0.1335427 0.4267481 0.1335427 0.1624477 0.0000010 0.3209356 0.0000000 0.3105632 0.3109049 0.2272120 0.1624477 1.0559115 0.4924744 0.0909425 
353410_Horizon_Lake            0.1216729 0.5588424 0.1216729 0.1544032 0.3105632 0.3746156 0.3105632 0.0000000 0.6942586 0.1578404 0.0898673 1.2326298 0.5786925 0.2717190 
92319_Little_Lost              0.5664564 0.2137483 0.5664564 0.6290761 0.3109049 4.2652907 0.3109049 0.6942586 0.0000000 0.8065386 0.6290761 1.5634754 1.1857889 0.2524753 
GCA036784925_Maine_S_alpinus   0.0766516 0.4311786 0.0766516 0.1035543 0.2272120 0.1337663 0.2272120 0.1578404 0.8065386 0.0000000 0.0504289 0.9742328 0.4406083 0.4181557 
GCA045679555_Iceland_A_alpinus 0.0245097 0.3291010 0.0245097 0.0496443 0.1624477 0.0647733 0.1624477 0.0898673 0.6290761 0.0504289 0.0000000 0.8271152 0.3589786 0.3198455 
GCF013265735_Rainbow_Trout     0.8734693 1.1455329 0.8734693 0.9171702 1.0559115 1.7696738 1.0559115 1.2326298 1.5634754 0.9742328 0.8271152 0.0000000 1.3183921 1.5624515 
GCF029448725_Brook_Trout       0.3250916 0.6888755 0.3250916 0.3589786 0.4924744 0.7987499 0.4924744 0.5786925 1.1857889 0.4406083 0.3589786 1.3183921 0.0000000 0.8213988 
Methow_River_99895             0.2793910 0.7756208 0.2793910 0.3198455 0.0909425 2.1316365 0.0909425 0.2717190 0.2524753 0.4181557 0.3198455 1.5624515 0.8213988 0.0000000 
