14
251140_Ward_Creek              0.0000000 0.0600953 0.0000010 0.0600953 1.1190278 0.0000010 1.0455078 0.3279798 1.0455078 0.6943198 0.2780221 0.2019914 3.3694072 2.4769914 
260512_Pybus_Point             0.0600953 0.0000000 0.0600953 0.0000010 1.2379088 0.0664149 1.1527969 0.4289506 1.1527969 0.8192109 0.3836999 0.2961289 3.5817484 2.6867634 
261935_Kenai_River             0.0000010 0.0600953 0.0000000 0.0600953 1.1190278 0.0000010 1.0455078 0.3279798 1.0455078 0.6943198 0.2780221 0.2019914 3.3694072 2.4769914 
353213_Cropley_Lake            0.0600953 0.0000010 0.0600953 0.0000000 1.2379088 0.0664149 1.1527969 0.4289506 1.1527969 0.8192109 0.3836999 0.2961289 3.5817484 2.6867634 
353379_Skagit_River            1.1190278 1.2379088 1.1190278 1.2379088 0.0000000 0.9108409 0.1280434 0.8526296 0.1280434 1.0147933 1.2937256 1.2655778 2.7917884 2.5394028 
353381_Dungeness_River         0.0000010 0.0664149 0.0000010 0.0664149 0.9108409 0.0000000 0.8358585 0.3638168 0.8358585 0.7566473 0.3116059 0.2258545 3.4536099 2.5676799 
353401_Peace_River             1.0455078 1.1527969 1.0455078 1.1527969 0.1280434 0.8358585 0.0000000 0.7861186 0.0000010 0.9426905 1.2090123 1.1785044 2.8623776 2.3344642 
353407_Noatok                  0.3279798 0.4289506 0.3279798 0.4289506 0.8526296 0.3638168 0.7861186 0.0000000 0.7861186 0.3250053 0.5362982 0.4510253 3.4663569 3.0366477 
92319_Little_Lost              1.0455078 1.1527969 1.0455078 1.1527969 0.1280434 0.8358585 0.0000010 0.7861186 0.0000000 0.9426905 1.2090123 1.1785044 2.8623776 2.3344642 
GCA016432855_Lake_Trout        0.6943198 0.8192109 0.6943198 0.8192109 1.0147933 0.7566473 0.9426905 0.3250053 0.9426905 0.0000000 0.9143702 0.8518557 3.0390076 3.7394646 
GCA036784925_Maine_S_alpinus   0.2780221 0.3836999 0.2780221 0.3836999 1.2937256 0.3116059 1.2090123 0.5362982 1.2090123 0.9143702 0.0000000 0.0598527 3.4438992 2.6690489 
GCA045679555_Iceland_A_alpinus 0.2019914 0.2961289 0.2019914 0.2961289 1.2655778 0.2258545 1.1785044 0.4510253 1.1785044 0.8518557 0.0598527 0.0000000 3.5432504 2.7596843 
GCF013265735_Rainbow_Trout     3.3694072 3.5817484 3.3694072 3.5817484 2.7917884 3.4536099 2.8623776 3.4663569 2.8623776 3.0390076 3.4438992 3.5432504 0.0000000 3.3762732 
GCF029448725_Brook_Trout       2.4769914 2.6867634 2.4769914 2.6867634 2.5394028 2.5676799 2.3344642 3.0366477 2.3344642 3.7394646 2.6690489 2.7596843 3.3762732 0.0000000 
