18
251140_Ward_Creek              0.0000000 0.0000010 0.0741531 0.0403481 0.9781588 0.3165037 0.1528665 0.2971004 0.1460767 0.1546128 1.8540852 0.3075399 0.2989578 0.1461101 0.1454296 1.7575733 0.5236001 0.3075399 
260512_Pybus_Point             0.0000010 0.0000000 0.0741531 0.0403481 0.9781588 0.3165037 0.1528665 0.2971004 0.1460767 0.1546128 1.8540852 0.3075399 0.2989578 0.1461101 0.1454296 1.7575733 0.5236001 0.3075399 
261935_Kenai_River             0.0741531 0.0741531 0.0000000 0.1199556 1.1865174 0.2828970 0.3043234 0.2675261 0.0648166 0.1250439 1.9049265 0.2778409 0.2691509 0.1182835 0.1177563 1.6633949 0.4869166 0.2778409 
353213_Cropley_Lake            0.0403481 0.0403481 0.1199556 0.0000000 1.2252651 0.3888773 0.2474768 0.3595252 0.1970966 0.2091640 2.1170820 0.3706784 0.3620174 0.1971454 0.1961380 2.0098330 0.6173257 0.3706784 
353246_Cottonwood_Creek        0.9781588 0.9781588 1.1865174 1.2252651 0.0000000 2.0455293 3.2166703 1.7187265 1.2567298 1.4341123 0.3488216 1.7264903 1.7717894 1.4346548 1.3859549 3.4681536 2.4007017 1.7264903 
353379_Skagit_River            0.3165037 0.3165037 0.2828970 0.3888773 2.0455293 0.0000000 0.6721304 0.0000010 0.2846011 0.3310076 1.3330471 0.0087646 0.1957231 0.3086311 0.3065665 1.9765660 0.3746098 0.0087646 
353381_Dungeness_River         0.1528665 0.1528665 0.3043234 0.2474768 3.2166703 0.6721304 0.0000000 0.5538286 0.3928167 0.3676313 3.1849178 0.5753921 0.5759448 0.3676849 0.3634065 1.6806539 1.0365233 0.5753921 
353401_Peace_River             0.2971004 0.2971004 0.2675261 0.3595252 1.7187265 0.0000010 0.5538286 0.0000000 0.2468999 0.2841490 0.9444583 0.0077759 0.1714323 0.2674620 0.2659666 1.8536120 0.3598020 0.0077759 
353407_Noatok                  0.1460767 0.1460767 0.0648166 0.1970966 1.2567298 0.2846011 0.3928167 0.2468999 0.0000000 0.1062046 1.9007164 0.2570658 0.2483608 0.1005101 0.1000734 1.6412664 0.4729197 0.2570658 
353410_Horizon_Lake            0.1546128 0.1546128 0.1250439 0.2091640 1.4341123 0.3310076 0.3676313 0.2841490 0.1062046 0.0000000 1.9079509 0.2951592 0.2860090 0.0336030 0.0334658 1.4198835 0.5198109 0.2951592 
92319_Little_Lost              1.8540852 1.8540852 1.9049265 2.1170820 0.3488216 1.3330471 3.1849178 0.9444583 1.9007164 1.9079509 0.0000000 0.9681429 1.5464498 1.9079923 1.8444243 3.6216232 2.2408490 0.9681429 
94280_St_Joe                   0.3075399 0.3075399 0.2778409 0.3706784 1.7264903 0.0087646 0.5753921 0.0077759 0.2570658 0.2951592 0.9681429 0.0000000 0.1806895 0.2777744 0.2762012 1.8536120 0.3717098 0.0000010 
GCA016432855_Lake_Trout        0.2989578 0.2989578 0.2691509 0.3620174 1.7717894 0.1957231 0.5759448 0.1714323 0.2483608 0.2860090 1.5464498 0.1806895 0.0000000 0.2690860 0.2675680 1.7567465 0.3383995 0.1806895 
GCA036784925_Maine_S_alpinus   0.1461101 0.1461101 0.1182835 0.1971454 1.4346548 0.3086311 0.3676849 0.2674620 0.1005101 0.0336030 1.9079923 0.2777744 0.2690860 0.0000000 0.0317649 1.6023080 0.5003757 0.2777744 
GCA045679555_Iceland_A_alpinus 0.1454296 0.1454296 0.1177563 0.1961380 1.3859549 0.3065665 0.3634065 0.2659666 0.1000734 0.0334658 1.8444243 0.2762012 0.2675680 0.0317649 0.0000000 1.5564249 0.4960635 0.2762012 
GCF013265735_Rainbow_Trout     1.7575733 1.7575733 1.6633949 2.0098330 3.4681536 1.9765660 1.6806539 1.8536120 1.6412664 1.4198835 3.6216232 1.8536120 1.7567465 1.6023080 1.5564249 0.0000000 2.6308567 1.8536120 
GCF029448725_Brook_Trout       0.5236001 0.5236001 0.4869166 0.6173257 2.4007017 0.3746098 1.0365233 0.3598020 0.4729197 0.5198109 2.2408490 0.3717098 0.3383995 0.5003757 0.4960635 2.6308567 0.0000000 0.3717098 
Methow_River_99895             0.3075399 0.3075399 0.2778409 0.3706784 1.7264903 0.0087646 0.5753921 0.0077759 0.2570658 0.2951592 0.9681429 0.0000010 0.1806895 0.2777744 0.2762012 1.8536120 0.3717098 0.0000000 
