14
251140_Ward_Creek              0.0000000 0.0000010 0.0000010 0.0014095 0.0000010 0.1003072 0.1528159 0.1003072 0.0044113 0.0088351 0.0029357 0.0029357 0.1783987 0.0208010 
260512_Pybus_Point             0.0000010 0.0000000 0.0000010 0.0014651 0.0000010 0.1031778 0.1528159 0.1031778 0.0044113 0.0088351 0.0029357 0.0029357 0.1852573 0.0208010 
261935_Kenai_River             0.0000010 0.0000010 0.0000000 0.0014095 0.0000010 0.1003072 0.1528159 0.1003072 0.0044113 0.0088351 0.0029357 0.0029357 0.1783987 0.0208010 
353213_Cropley_Lake            0.0014095 0.0014651 0.0014095 0.0000000 0.0014651 0.1020696 0.1607227 0.1020696 0.0058862 0.0103155 0.0044069 0.0044069 0.1803357 0.0223042 
353219_Peterson_Creek          0.0000010 0.0000010 0.0000010 0.0014651 0.0000000 0.1031778 0.1528159 0.1031778 0.0044113 0.0088351 0.0029357 0.0029357 0.1852573 0.0208010 
353379_Skagit_River            0.1003072 0.1031778 0.1003072 0.1020696 0.1031778 0.0000000 0.0782899 0.0000010 0.1050308 0.1012197 0.1030606 0.1030606 0.0638739 0.1145538 
353381_Dungeness_River         0.1528159 0.1528159 0.1528159 0.1607227 0.1528159 0.0782899 0.0000000 0.0782899 0.1607227 0.1767730 0.1607227 0.1607227 0.1985741 0.2211291 
353401_Peace_River             0.1003072 0.1031778 0.1003072 0.1020696 0.1031778 0.0000010 0.0782899 0.0000000 0.1050308 0.1012197 0.1030606 0.1030606 0.0638739 0.1145538 
353410_Horizon_Lake            0.0044113 0.0044113 0.0044113 0.0058862 0.0044113 0.1050308 0.1607227 0.1050308 0.0000000 0.0103160 0.0014667 0.0014667 0.1873091 0.0223053 
GCA016432855_Lake_Trout        0.0088351 0.0088351 0.0088351 0.0103155 0.0088351 0.1012197 0.1767730 0.1012197 0.0103160 0.0000000 0.0088268 0.0088268 0.1829980 0.0133051 
GCA036784925_Maine_S_alpinus   0.0029357 0.0029357 0.0029357 0.0044069 0.0029357 0.1030606 0.1607227 0.1030606 0.0014667 0.0088268 0.0000000 0.0000010 0.1850294 0.0207813 
GCA045679555_Iceland_A_alpinus 0.0029357 0.0029357 0.0029357 0.0044069 0.0029357 0.1030606 0.1607227 0.1030606 0.0014667 0.0088268 0.0000010 0.0000000 0.1850294 0.0207813 
GCF013265735_Rainbow_Trout     0.1783987 0.1852573 0.1783987 0.1803357 0.1852573 0.0638739 0.1985741 0.0638739 0.1873091 0.1829980 0.1850294 0.1850294 0.0000000 0.1959483 
GCF029448725_Brook_Trout       0.0208010 0.0208010 0.0208010 0.0223042 0.0208010 0.1145538 0.2211291 0.1145538 0.0223053 0.0133051 0.0207813 0.0207813 0.1959483 0.0000000 
