9
251140_Ward_Creek          0.0000000 0.0000010 0.0694280 0.0694280 0.1530916 0.1530916 0.1530916 1.3887584 0.3379391 
260512_Pybus_Point         0.0000010 0.0000000 0.0694280 0.0694280 0.1530916 0.1530916 0.1530916 1.3887584 0.3379391 
353246_Cottonwood_Creek    0.0694280 0.0694280 0.0000000 0.0000010 0.0730960 0.0730960 0.0730960 1.2370054 0.2410133 
353379_Skagit_River        0.0694280 0.0694280 0.0000010 0.0000000 0.0730960 0.0730960 0.0730960 1.2370054 0.2410133 
353401_Peace_River         0.1530916 0.1530916 0.0730960 0.0730960 0.0000000 0.0000010 0.1623787 1.5827929 0.3626380 
92319_Little_Lost          0.1530916 0.1530916 0.0730960 0.0730960 0.0000010 0.0000000 0.1623787 1.5827929 0.3626380 
GCA016432855_Lake_Trout    0.1530916 0.1530916 0.0730960 0.0730960 0.1623787 0.1623787 0.0000000 1.5827929 0.1448604 
GCF013265735_Rainbow_Trout 1.3887584 1.3887584 1.2370054 1.2370054 1.5827929 1.5827929 1.5827929 0.0000000 1.8686833 
GCF029448725_Brook_Trout   0.3379391 0.3379391 0.2410133 0.2410133 0.3626380 0.3626380 0.1448604 1.8686833 0.0000000 
