7
251140_Ward_Creek          0.0000000 0.0000010 0.0315707 0.0000010 0.0315707 0.2177498 0.1363412 
260512_Pybus_Point         0.0000010 0.0000000 0.0315707 0.0000010 0.0315707 0.2177498 0.1363412 
353401_Peace_River         0.0315707 0.0315707 0.0000000 0.1036606 0.0000010 0.2576168 0.1726821 
353407_Noatok              0.0000010 0.0000010 0.1036606 0.0000000 0.1036606 1.1208605 0.5577531 
92319_Little_Lost          0.0315707 0.0315707 0.0000010 0.1036606 0.0000000 0.2576168 0.1726821 
GCF013265735_Rainbow_Trout 0.2177498 0.2177498 0.2576168 1.1208605 0.2576168 0.0000000 0.4031450 
GCF029448725_Brook_Trout   0.1363412 0.1363412 0.1726821 0.5577531 0.1726821 0.4031450 0.0000000 
