18
251140_Ward_Creek              0.0000000 0.0080236 0.0383155 0.0383155 0.0080236 0.0515723 0.3237467 0.0986941 0.2392675 0.0611582 0.0445412 0.3684264 0.2392675 0.1903075 0.0382779 0.0285740 3.0091559 0.4011946 
260512_Pybus_Point             0.0080236 0.0000000 0.0494486 0.0494486 0.0000010 0.0427944 0.3104610 0.1196396 0.2272160 0.0507110 0.0189593 0.3518998 0.2272160 0.1755674 0.0285740 0.0189593 3.0326416 0.3848892 
261935_Kenai_River             0.0383155 0.0494486 0.0000000 0.0000010 0.0494486 0.0973310 0.3975700 0.2119587 0.3048383 0.1051811 0.0917894 0.4620843 0.3048383 0.1160378 0.0889267 0.0786652 3.2047005 0.3315587 
353213_Cropley_Lake            0.0383155 0.0494486 0.0000010 0.0000000 0.0494486 0.0973310 0.3975700 0.2119587 0.3048383 0.1051811 0.0917894 0.4620843 0.3048383 0.1160378 0.0889267 0.0786652 3.2047005 0.3315587 
353219_Peterson_Creek          0.0080236 0.0000010 0.0494486 0.0494486 0.0000000 0.0427944 0.3104610 0.1196396 0.2272160 0.0507110 0.0189593 0.3518998 0.2272160 0.1755674 0.0285740 0.0189593 3.0326416 0.3848892 
353246_Cottonwood_Creek        0.0515723 0.0427944 0.0973310 0.0973310 0.0427944 0.0000000 0.3460769 0.2085843 0.2545073 0.0425102 0.0403667 0.4002561 0.2545073 0.2056251 0.0403667 0.0403667 3.2836100 0.4350693 
353379_Skagit_River            0.3237467 0.3104610 0.3975700 0.3975700 0.3104610 0.3460769 0.0000000 1.0930946 0.0595490 0.4230832 0.2842806 0.1256189 0.0595490 0.4498805 0.2973054 0.2842806 3.4261150 0.5085683 
353381_Dungeness_River         0.0986941 0.1196396 0.2119587 0.2119587 0.1196396 0.2085843 1.0930946 0.0000000 0.7417155 0.2076660 0.1627936 0.5650015 0.7417155 0.8589424 0.1850137 0.1627936 5.8144261 1.8708789 
353401_Peace_River             0.2392675 0.2272160 0.3048383 0.3048383 0.2272160 0.2545073 0.0595490 0.7417155 0.0000000 0.3025076 0.2034574 0.0471380 0.0000010 0.3185120 0.2152793 0.2034574 3.6989836 0.5632133 
353407_Noatok                  0.0611582 0.0507110 0.1051811 0.1051811 0.0507110 0.0425102 0.4230832 0.2076660 0.3025076 0.0000000 0.0494718 0.5222008 0.3025076 0.2374860 0.0622148 0.0494718 4.0579443 0.5626247 
353410_Horizon_Lake            0.0445412 0.0189593 0.0917894 0.0917894 0.0189593 0.0403667 0.2842806 0.1627936 0.2034574 0.0494718 0.0000000 0.3194149 0.2034574 0.1466304 0.0094354 0.0000010 3.0844119 0.3527993 
92319_Little_Lost              0.3684264 0.3518998 0.4620843 0.4620843 0.3518998 0.4002561 0.1256189 0.5650015 0.0471380 0.5222008 0.3194149 0.0000000 0.0471380 0.4985127 0.3355619 0.3194149 5.4874421 0.9817388 
94280_St_Joe                   0.2392675 0.2272160 0.3048383 0.3048383 0.2272160 0.2545073 0.0595490 0.7417155 0.0000010 0.3025076 0.2034574 0.0471380 0.0000000 0.3185120 0.2152793 0.2034574 3.6989836 0.5632133 
GCA016432855_Lake_Trout        0.1903075 0.1755674 0.1160378 0.1160378 0.1755674 0.2056251 0.4498805 0.8589424 0.3185120 0.2374860 0.1466304 0.4985127 0.3185120 0.0000000 0.1610086 0.1466304 4.9764251 0.3349621 
GCA036784925_Maine_S_alpinus   0.0382779 0.0285740 0.0889267 0.0889267 0.0285740 0.0403667 0.2973054 0.1850137 0.2152793 0.0622148 0.0094354 0.3355619 0.2152793 0.1610086 0.0000000 0.0094354 3.0576721 0.3687565 
GCA045679555_Iceland_A_alpinus 0.0285740 0.0189593 0.0786652 0.0786652 0.0189593 0.0403667 0.2842806 0.1627936 0.2034574 0.0494718 0.0000010 0.3194149 0.2034574 0.1466304 0.0094354 0.0000000 3.0844119 0.3527993 
GCF013265735_Rainbow_Trout     3.0091559 3.0326416 3.2047005 3.2047005 3.0326416 3.2836100 3.4261150 5.8144261 3.6989836 4.0579443 3.0844119 5.4874421 3.6989836 4.9764251 3.0576721 3.0844119 0.0000000 3.1899165 
GCF029448725_Brook_Trout       0.4011946 0.3848892 0.3315587 0.3315587 0.3848892 0.4350693 0.5085683 1.8708789 0.5632133 0.5626247 0.3527993 0.9817388 0.5632133 0.3349621 0.3687565 0.3527993 3.1899165 0.0000000 
