16
251140_Ward_Creek              0.0000000 0.0000010 0.0539559 0.1428557 0.0635875 0.1276828 0.0963373 0.0543709 0.3892109 0.1276828 0.1932313 0.0404981 0.0543709 1.5713260 0.1454415 0.2081505 
260512_Pybus_Point             0.0000010 0.0000000 0.0539559 0.1428557 0.0635875 0.1276828 0.0963373 0.0543709 0.3892109 0.1276828 0.1932313 0.0404981 0.0543709 1.5713260 0.1454415 0.2081505 
261935_Kenai_River             0.0539559 0.0539559 0.0000000 0.2075228 0.1325471 0.1913718 0.0684328 0.1127082 0.4878919 0.1913718 0.2627023 0.0979324 0.1127082 1.6908549 0.2117007 0.3191724 
353379_Skagit_River            0.1428557 0.1428557 0.2075228 0.0000000 0.2292496 0.0404981 0.1568068 0.1737932 0.1751352 0.0404981 0.2977441 0.1582263 0.1737932 1.5448849 0.2454883 0.0640712 
353381_Dungeness_River         0.0635875 0.0635875 0.1325471 0.2292496 0.0000000 0.2098901 0.1683240 0.1339104 0.2017769 0.2098901 0.1908122 0.1162075 0.1339104 2.0030914 0.2551937 0.4003644 
353401_Peace_River             0.1276828 0.1276828 0.1913718 0.0404981 0.2098901 0.0000000 0.1416019 0.1582263 0.1184145 0.0000010 0.2801230 0.1428557 0.1582263 1.5336963 0.2284863 0.0000010 
353407_Noatok                  0.0963373 0.0963373 0.0684328 0.1568068 0.1683240 0.1416019 0.0000000 0.1255112 0.3808524 0.1416019 0.2404159 0.1108324 0.1255112 1.5336963 0.1913718 0.2301419 
353410_Horizon_Lake            0.0543709 0.0543709 0.1127082 0.1737932 0.1339104 0.1582263 0.1255112 0.0000000 0.4546455 0.1582263 0.2261503 0.0131247 0.0264233 1.5940065 0.1770875 0.2337920 
92319_Little_Lost              0.3892109 0.3892109 0.4878919 0.1751352 0.2017769 0.1184145 0.3808524 0.4546455 0.0000000 0.1184145 0.5003818 0.4217221 0.4546455 2.5492100 0.6427958 0.3348063 
94280_St_Joe                   0.1276828 0.1276828 0.1913718 0.0404981 0.2098901 0.0000010 0.1416019 0.1582263 0.1184145 0.0000000 0.2801230 0.1428557 0.1582263 1.5336963 0.2284863 0.0000010 
GCA016432855_Lake_Trout        0.1932313 0.1932313 0.2627023 0.2977441 0.1908122 0.2801230 0.2404159 0.2261503 0.5003818 0.2801230 0.0000000 0.2095864 0.2261503 1.8742818 0.1951347 0.4844760 
GCA036784925_Maine_S_alpinus   0.0404981 0.0404981 0.0979324 0.1582263 0.1162075 0.1428557 0.1108324 0.0131247 0.4217221 0.1428557 0.2095864 0.0000000 0.0131247 1.5831732 0.1611571 0.2337920 
GCA045679555_Iceland_A_alpinus 0.0543709 0.0543709 0.1127082 0.1737932 0.1339104 0.1582263 0.1255112 0.0264233 0.4546455 0.1582263 0.2261503 0.0131247 0.0000000 1.5940065 0.1770875 0.2599118 
GCF013265735_Rainbow_Trout     1.5713260 1.5713260 1.6908549 1.5448849 2.0030914 1.5336963 1.5336963 1.5940065 2.5492100 1.5336963 1.8742818 1.5831732 1.5940065 0.0000000 1.8824575 2.5095688 
GCF029448725_Brook_Trout       0.1454415 0.1454415 0.2117007 0.2454883 0.2551937 0.2284863 0.1913718 0.1770875 0.6427958 0.2284863 0.1951347 0.1611571 0.1770875 1.8824575 0.0000000 0.3540094 
Methow_River_99895             0.2081505 0.2081505 0.3191724 0.0640712 0.4003644 0.0000010 0.2301419 0.2337920 0.3348063 0.0000010 0.4844760 0.2337920 0.2599118 2.5095688 0.3540094 0.0000000 
