15
251140_Ward_Creek              0.0000000 0.0827264 0.0827264 0.0000010 0.0079720 0.1563989 0.5378871 0.1612307 0.0079720 0.3414966 0.1612307 0.0930480 0.0119873 0.0881481 0.0324175 
260512_Pybus_Point             0.0827264 0.0000000 0.0000010 0.0827264 0.0919849 0.0701903 0.0984367 0.0747395 0.0919849 0.1991165 0.0747395 0.0124879 0.0966348 0.1754355 0.1108710 
261935_Kenai_River             0.0827264 0.0000010 0.0000000 0.0827264 0.0919849 0.0701903 0.0984367 0.0747395 0.0919849 0.1991165 0.0747395 0.0124879 0.0966348 0.1754355 0.1108710 
353219_Peterson_Creek          0.0000010 0.0827264 0.0827264 0.0000000 0.0079720 0.1563989 0.5378871 0.1612307 0.0079720 0.3414966 0.1612307 0.0930480 0.0119873 0.0881481 0.0324175 
353246_Cottonwood_Creek        0.0079720 0.0919849 0.0919849 0.0079720 0.0000000 0.1563989 0.6037505 0.1612307 0.0000010 0.3414966 0.1612307 0.0930480 0.0039748 0.0881481 0.0324175 
353379_Skagit_River            0.1563989 0.0701903 0.0701903 0.1563989 0.1563989 0.0000000 0.4919589 0.0072586 0.1563989 0.0451558 0.0072586 0.0345193 0.1613411 0.2288802 0.1664012 
353381_Dungeness_River         0.5378871 0.0984367 0.0984367 0.5378871 0.6037505 0.4919589 0.0000000 0.5211364 0.6037505 0.5211364 0.5211364 0.1532795 0.6377234 1.2614001 0.7574627 
353401_Peace_River             0.1612307 0.0747395 0.0747395 0.1612307 0.1612307 0.0072586 0.5211364 0.0000000 0.1612307 0.0358886 0.0000010 0.0370291 0.1661985 0.2341089 0.1712877 
353407_Noatok                  0.0079720 0.0919849 0.0919849 0.0079720 0.0000010 0.1563989 0.6037505 0.1612307 0.0000000 0.3414966 0.1612307 0.0930480 0.0039748 0.0881481 0.0324175 
92319_Little_Lost              0.3414966 0.1991165 0.1991165 0.3414966 0.3414966 0.0451558 0.5211364 0.0358886 0.3414966 0.0000000 0.0358886 0.0833676 0.3503866 0.4558787 0.3597344 
94280_St_Joe                   0.1612307 0.0747395 0.0747395 0.1612307 0.1612307 0.0072586 0.5211364 0.0000010 0.1612307 0.0358886 0.0000000 0.0370291 0.1661985 0.2341089 0.1712877 
GCA016432855_Lake_Trout        0.0930480 0.0124879 0.0124879 0.0930480 0.0930480 0.0345193 0.1532795 0.0370291 0.0930480 0.0833676 0.0370291 0.0000000 0.0975407 0.1684843 0.1021064 
GCA045679555_Iceland_A_alpinus 0.0119873 0.0966348 0.0966348 0.0119873 0.0039748 0.1613411 0.6377234 0.1661985 0.0039748 0.3503866 0.1661985 0.0975407 0.0000000 0.0925913 0.0365613 
GCF013265735_Rainbow_Trout     0.0881481 0.1754355 0.1754355 0.0881481 0.0881481 0.2288802 1.2614001 0.2341089 0.0881481 0.4558787 0.2341089 0.1684843 0.0925913 0.0000000 0.1015977 
GCF029448725_Brook_Trout       0.0324175 0.1108710 0.1108710 0.0324175 0.0324175 0.1664012 0.7574627 0.1712877 0.0324175 0.3597344 0.1712877 0.1021064 0.0365613 0.1015977 0.0000000 
