18
251140_Ward_Creek              0.0000000 0.0801486 0.2122410 0.0000010 0.0084285 0.0169326 0.1116798 0.1318928 0.9826501 0.1318928 0.2486248 0.0608478 0.1482619 0.1640696 0.2298448 0.0777141 3.1983770 0.2480883 
260512_Pybus_Point             0.0801486 0.0000000 0.1062965 0.0801486 0.0948514 0.1137211 0.1153785 0.0990285 0.5641057 0.0990285 0.1423037 0.0657771 0.1153949 0.1640927 0.1947568 0.0489338 2.9728252 0.2304865 
261935_Kenai_River             0.2122410 0.1062965 0.0000000 0.2122410 0.2301889 0.2486248 0.2485045 0.2307110 0.1299316 0.2307110 0.0171351 0.1947275 0.2485416 0.3038505 0.0664367 0.1769285 2.2316057 0.3786577 
353213_Cropley_Lake            0.0000010 0.0801486 0.2122410 0.0000000 0.0084285 0.0169326 0.1116798 0.1318928 0.9826501 0.1318928 0.2486248 0.0608478 0.1482619 0.1640696 0.2298448 0.0777141 3.1983770 0.2480883 
353219_Peterson_Creek          0.0084285 0.0948514 0.2301889 0.0084285 0.0000000 0.0324960 0.0969020 0.1471901 1.0765229 0.1471901 0.2670108 0.0469416 0.1638432 0.1486883 0.2122734 0.0633925 3.0731848 0.2312041 
353220_Fish_Creek              0.0169326 0.1137211 0.2486248 0.0169326 0.0324960 0.0000000 0.0776117 0.0990288 0.8410807 0.0990288 0.2123065 0.0947137 0.1153953 0.1305698 0.2666116 0.1118562 3.0419962 0.2133185 
353246_Cottonwood_Creek        0.1116798 0.1153785 0.2485045 0.1116798 0.0969020 0.0776117 0.0000000 0.1302070 0.8254642 0.1302070 0.2125839 0.0328532 0.1468042 0.1319299 0.1952445 0.0510642 2.9741744 0.2135721 
353379_Skagit_River            0.1318928 0.0990285 0.2307110 0.1318928 0.1471901 0.0990288 0.1302070 0.0000000 0.5102597 0.0000010 0.1948163 0.1469861 0.0069713 0.1485271 0.2848228 0.1303879 2.8408544 0.1794320 
353381_Dungeness_River         0.9826501 0.5641057 0.1299316 0.9826501 1.0765229 0.8410807 0.8254642 0.5102597 0.0000000 0.5102597 0.0314845 0.8957108 0.5705482 1.0614020 0.3279974 0.8298945 2.8701220 1.3277058 
353401_Peace_River             0.1318928 0.0990285 0.2307110 0.1318928 0.1471901 0.0990288 0.1302070 0.0000010 0.5102597 0.0000000 0.1948163 0.1469861 0.0069713 0.1485271 0.2848228 0.1303879 2.8408544 0.1794320 
353407_Noatok                  0.2486248 0.1423037 0.0171351 0.2486248 0.2670108 0.2123065 0.2125839 0.1948163 0.0314845 0.1948163 0.0000000 0.2306765 0.2126158 0.2671805 0.0999513 0.2128950 2.1122808 0.3408713 
353410_Horizon_Lake            0.0608478 0.0657771 0.1947275 0.0608478 0.0469416 0.0947137 0.0328532 0.1469861 0.8957108 0.1469861 0.2306765 0.0000000 0.1636167 0.1484849 0.1420720 0.0069771 3.0565506 0.2308791 
92319_Little_Lost              0.1482619 0.1153949 0.2485416 0.1482619 0.1638432 0.1153953 0.1468042 0.0069713 0.5705482 0.0069713 0.2126158 0.1636167 0.0000000 0.1649654 0.3029478 0.1470070 2.9079325 0.1963327 
GCA016432855_Lake_Trout        0.1640696 0.1640927 0.3038505 0.1640696 0.1486883 0.1305698 0.1319299 0.1485271 1.0614020 0.1485271 0.2671805 0.1484849 0.1649654 0.0000000 0.2851865 0.1321105 2.8761553 0.0969595 
GCA036784925_Maine_S_alpinus   0.2298448 0.1947568 0.0664367 0.2298448 0.2122734 0.2666116 0.1952445 0.2848228 0.3279974 0.2848228 0.0999513 0.1420720 0.3029478 0.2851865 0.0000000 0.1242786 2.3132406 0.3779842 
GCA045679555_Iceland_A_alpinus 0.0777141 0.0489338 0.1769285 0.0777141 0.0633925 0.1118562 0.0510642 0.1303879 0.8298945 0.1303879 0.2128950 0.0069771 0.1470070 0.1321105 0.1242786 0.0000000 2.9895917 0.2138705 
GCF013265735_Rainbow_Trout     3.1983770 2.9728252 2.2316057 3.1983770 3.0731848 3.0419962 2.9741744 2.8408544 2.8701220 2.8408544 2.1122808 3.0565506 2.9079325 2.8761553 2.3132406 2.9895917 0.0000000 3.0272863 
GCF029448725_Brook_Trout       0.2480883 0.2304865 0.3786577 0.2480883 0.2312041 0.2133185 0.2135721 0.1794320 1.3277058 0.1794320 0.3408713 0.2308791 0.1963327 0.0969595 0.3779842 0.2138705 3.0272863 0.0000000 
