18
251140_Ward_Creek              0.0000000 0.0472377 0.2879352 0.0091833 0.0091833 0.3739405 0.3237538 0.6121181 0.3227446 0.2879352 0.8747004 0.3227446 0.0418225 0.2545485 0.2476189 0.7099817 0.5916452 0.3160540 
260512_Pybus_Point             0.0472377 0.0000000 0.2643350 0.0327038 0.0327038 0.3410579 0.2985823 0.5466688 0.2976968 0.2643350 0.7779306 0.2976968 0.0718513 0.2322792 0.2256560 0.6645382 0.5514870 0.2912569 
261935_Kenai_River             0.2879352 0.2643350 0.0000000 0.2806540 0.2806540 0.0055597 0.0233934 0.0229756 0.0233477 0.0000010 0.1191844 0.0233477 0.3284406 0.0329691 0.0281375 0.3486817 0.1846091 0.0186350 
353213_Cropley_Lake            0.0091833 0.0327038 0.2806540 0.0000000 0.0000010 0.3639490 0.3160540 0.5927865 0.3150817 0.2806540 0.8469464 0.3150817 0.0325757 0.2476189 0.2407726 0.6884997 0.5799635 0.3084556 
353219_Peterson_Creek          0.0091833 0.0327038 0.2806540 0.0000010 0.0000000 0.3639490 0.3160540 0.5927865 0.3150817 0.2806540 0.8469464 0.3150817 0.0325757 0.2476189 0.2407726 0.6884997 0.5799635 0.3084556 
353246_Cottonwood_Creek        0.3739405 0.3410579 0.0055597 0.3639490 0.3639490 0.0000000 0.0283089 0.0307516 0.0282418 0.0055597 0.1743051 0.0282418 0.4192206 0.0457919 0.0398574 0.3936855 0.2299264 0.0225293 
353379_Skagit_River            0.3237538 0.2985823 0.0233934 0.3160540 0.3160540 0.0283089 0.0000000 0.0467913 0.0092568 0.0233934 0.0921272 0.0092568 0.3227446 0.0575432 0.0525139 0.3430808 0.1792972 0.0046178 
353381_Dungeness_River         0.6121181 0.5466688 0.0229756 0.5927865 0.5927865 0.0307516 0.0467913 0.0000000 0.0548042 0.0229756 0.4733768 0.0548042 0.6934015 0.0797737 0.0712627 0.6009419 0.3628257 0.0467913 
353401_Peace_River             0.3227446 0.2976968 0.0233477 0.3150817 0.3150817 0.0282418 0.0092568 0.0548042 0.0000000 0.0233477 0.0744840 0.0000010 0.3217434 0.0574249 0.0524068 0.3420106 0.1788471 0.0046090 
353407_Noatok                  0.2879352 0.2643350 0.0000010 0.2806540 0.2806540 0.0055597 0.0233934 0.0229756 0.0233477 0.0000000 0.1191844 0.0233477 0.3284406 0.0329691 0.0281375 0.3486817 0.1846091 0.0186350 
92319_Little_Lost              0.8747004 0.7779306 0.1191844 0.8469464 0.8469464 0.1743051 0.0921272 0.4733768 0.0744840 0.1191844 0.0000000 0.0744840 0.8647477 0.1872892 0.1768346 0.8267930 0.4688504 0.0831006 
94280_St_Joe                   0.3227446 0.2976968 0.0233477 0.3150817 0.3150817 0.0282418 0.0092568 0.0548042 0.0000010 0.0233477 0.0744840 0.0000000 0.3217434 0.0574249 0.0524068 0.3420106 0.1788471 0.0046090 
GCA016432855_Lake_Trout        0.0418225 0.0718513 0.3284406 0.0325757 0.0325757 0.4192206 0.3227446 0.6934015 0.3217434 0.3284406 0.8647477 0.3217434 0.0000000 0.2935528 0.2862433 0.6878646 0.5888378 0.3150817 
GCA036784925_Maine_S_alpinus   0.2545485 0.2322792 0.0329691 0.2476189 0.2476189 0.0457919 0.0575432 0.0797737 0.0574249 0.0329691 0.1872892 0.0574249 0.2935528 0.0000000 0.0046178 0.3137696 0.2282474 0.0525139 
GCA045679555_Iceland_A_alpinus 0.2476189 0.2256560 0.0281375 0.2407726 0.2407726 0.0398574 0.0525139 0.0712627 0.0524068 0.0281375 0.1768346 0.0524068 0.2862433 0.0046178 0.0000000 0.3064110 0.2215906 0.0475296 
GCF013265735_Rainbow_Trout     0.7099817 0.6645382 0.3486817 0.6884997 0.6884997 0.3936855 0.3430808 0.6009419 0.3420106 0.3486817 0.8267930 0.3420106 0.6878646 0.3137696 0.3064110 0.0000000 0.4172972 0.3353729 
GCF029448725_Brook_Trout       0.5916452 0.5514870 0.1846091 0.5799635 0.5799635 0.2299264 0.1792972 0.3628257 0.1788471 0.1846091 0.4688504 0.1788471 0.5888378 0.2282474 0.2215906 0.4172972 0.0000000 0.1731154 
Methow_River_99895             0.3160540 0.2912569 0.0186350 0.3084556 0.3084556 0.0225293 0.0046178 0.0467913 0.0046090 0.0186350 0.0831006 0.0046090 0.3150817 0.0525139 0.0475296 0.3353729 0.1731154 0.0000000 
