17
251140_Ward_Creek              0.0000000 0.0000010 0.0000010 0.0027662 0.0000010 0.0027691 0.0621614 0.2919624 0.0621614 0.0620917 0.0499067 0.0621614 0.0139516 0.1099600 0.1099600 0.1336674 0.0684434 
260512_Pybus_Point             0.0000010 0.0000000 0.0000010 0.0027892 0.0000010 0.0027922 0.0627181 0.2553612 0.0627181 0.0626471 0.0503502 0.0627181 0.0140702 0.1109785 0.1109785 0.1349907 0.0690605 
261935_Kenai_River             0.0000010 0.0000010 0.0000000 0.0027892 0.0000010 0.0027922 0.0627181 0.2553612 0.0627181 0.0626471 0.0503502 0.0627181 0.0140702 0.1109785 0.1109785 0.1349907 0.0690605 
353213_Cropley_Lake            0.0027662 0.0027892 0.0027892 0.0000000 0.0045343 0.0055459 0.0652205 0.3075525 0.0652205 0.0651472 0.0529218 0.0652205 0.0167664 0.1131955 0.1131955 0.1371645 0.0715286 
353219_Peterson_Creek          0.0000010 0.0000010 0.0000010 0.0045343 0.0000000 0.0045422 0.1067498 0.2553612 0.1067498 0.1065432 0.0851852 0.1067498 0.0230036 0.1934999 0.1934999 0.2481738 0.1180042 
353220_Fish_Creek              0.0027691 0.0027922 0.0027922 0.0055459 0.0045422 0.0000000 0.0652940 0.3091827 0.0652940 0.0652205 0.0529808 0.0652940 0.0167841 0.1133278 0.1133278 0.1373352 0.0716096 
353379_Skagit_River            0.0621614 0.0627181 0.0627181 0.0652205 0.1067498 0.0652940 0.0000000 0.1222056 0.0000010 0.0193301 0.0096097 0.0000010 0.0652940 0.0570421 0.0570421 0.0779122 0.0144757 
353381_Dungeness_River         0.2919624 0.2553612 0.2553612 0.3075525 0.2553612 0.3091827 0.1222056 0.0000000 0.1222056 0.1295295 0.0989778 0.1404113 0.3788013 0.2583391 0.2583391 0.4442766 0.1462468 
353401_Peace_River             0.0621614 0.0627181 0.0627181 0.0652205 0.1067498 0.0652940 0.0000010 0.1222056 0.0000000 0.0193301 0.0096097 0.0000010 0.0652940 0.0570421 0.0570421 0.0779122 0.0144757 
353407_Noatok                  0.0620917 0.0626471 0.0626471 0.0651472 0.1065432 0.0652205 0.0193301 0.1295295 0.0193301 0.0000000 0.0096010 0.0202094 0.0777289 0.0569885 0.0569885 0.0663317 0.0242658 
353410_Horizon_Lake            0.0499067 0.0503502 0.0503502 0.0529218 0.0851852 0.0529808 0.0096097 0.0989778 0.0096097 0.0096010 0.0000000 0.0100441 0.0652940 0.0467967 0.0467967 0.0721401 0.0144757 
92319_Little_Lost              0.0621614 0.0627181 0.0627181 0.0652205 0.1067498 0.0652940 0.0000010 0.1404113 0.0000010 0.0202094 0.0100441 0.0000000 0.0652940 0.0597087 0.0597087 0.0789743 0.0151330 
GCA016432855_Lake_Trout        0.0139516 0.0140702 0.0140702 0.0167664 0.0230036 0.0167841 0.0652940 0.3788013 0.0652940 0.0777289 0.0652940 0.0652940 0.0000000 0.1266925 0.1266925 0.1369932 0.0716096 
GCA036784925_Maine_S_alpinus   0.1099600 0.1109785 0.1109785 0.1131955 0.1934999 0.1133278 0.0570421 0.2583391 0.0570421 0.0569885 0.0467967 0.0597087 0.1266925 0.0000000 0.0000010 0.1296523 0.0622776 
GCA045679555_Iceland_A_alpinus 0.1099600 0.1109785 0.1109785 0.1131955 0.1934999 0.1133278 0.0570421 0.2583391 0.0570421 0.0569885 0.0467967 0.0597087 0.1266925 0.0000010 0.0000000 0.1296523 0.0622776 
GCF013265735_Rainbow_Trout     0.1336674 0.1349907 0.1349907 0.1371645 0.2481738 0.1373352 0.0779122 0.4442766 0.0779122 0.0663317 0.0721401 0.0789743 0.1369932 0.1296523 0.1296523 0.0000000 0.0838960 
GCF029448725_Brook_Trout       0.0684434 0.0690605 0.0690605 0.0715286 0.1180042 0.0716096 0.0144757 0.1462468 0.0144757 0.0242658 0.0144757 0.0151330 0.0716096 0.0622776 0.0622776 0.0838960 0.0000000 
