14
251140_Ward_Creek              0.0000000 0.0121954 0.0344888 0.0000010 0.0468903 0.0000010 0.0468903 0.0125003 0.0081082 0.0294982 0.0121954 0.0121954 0.1772913 0.0513020 
260512_Pybus_Point             0.0121954 0.0000000 0.0000010 0.0121954 0.0513020 0.0135139 0.0513020 0.0167131 0.0121954 0.0338084 0.0163050 0.0163050 0.1856716 0.0557398 
261935_Kenai_River             0.0344888 0.0000010 0.0000000 0.0344888 0.0851114 0.0344888 0.0851114 0.0474465 0.0344888 0.0474465 0.0344888 0.0344888 9.0000000 0.0980986 
353213_Cropley_Lake            0.0000010 0.0121954 0.0344888 0.0000000 0.0468903 0.0000010 0.0468903 0.0125003 0.0081082 0.0294982 0.0121954 0.0121954 0.1772913 0.0513020 
353379_Skagit_River            0.0468903 0.0513020 0.0851114 0.0468903 0.0000000 0.0522358 0.0000010 0.0338084 0.0381429 0.0167131 0.0425043 0.0425043 0.1211156 0.0381429 
353381_Dungeness_River         0.0000010 0.0135139 0.0344888 0.0000010 0.0522358 0.0000000 0.0522358 0.0138893 0.0089821 0.0328170 0.0089821 0.0089821 0.1772913 0.0571705 
353401_Peace_River             0.0468903 0.0513020 0.0851114 0.0468903 0.0000010 0.0522358 0.0000000 0.0338084 0.0381429 0.0167131 0.0425043 0.0425043 0.1211156 0.0381429 
353407_Noatok                  0.0125003 0.0167131 0.0474465 0.0125003 0.0338084 0.0138893 0.0338084 0.0000000 0.0041436 0.0167131 0.0083101 0.0083101 0.1526983 0.0381429 
353410_Horizon_Lake            0.0081082 0.0121954 0.0344888 0.0081082 0.0381429 0.0089821 0.0381429 0.0041436 0.0000000 0.0209511 0.0040429 0.0040429 0.1608074 0.0425043 
GCA016432855_Lake_Trout        0.0294982 0.0338084 0.0474465 0.0294982 0.0167131 0.0328170 0.0167131 0.0167131 0.0209511 0.0000000 0.0252123 0.0252123 0.1367410 0.0209511 
GCA036784925_Maine_S_alpinus   0.0121954 0.0163050 0.0344888 0.0121954 0.0425043 0.0089821 0.0425043 0.0083101 0.0040429 0.0252123 0.0000000 0.0000010 0.1608074 0.0468903 
GCA045679555_Iceland_A_alpinus 0.0121954 0.0163050 0.0344888 0.0121954 0.0425043 0.0089821 0.0425043 0.0083101 0.0040429 0.0252123 0.0000010 0.0000000 0.1608074 0.0468903 
GCF013265735_Rainbow_Trout     0.1772913 0.1856716 9.0000000 0.1772913 0.1211156 0.1772913 0.1211156 0.1526983 0.1608074 0.1367410 0.1608074 0.1608074 0.0000000 0.1608074 
GCF029448725_Brook_Trout       0.0513020 0.0557398 0.0980986 0.0513020 0.0381429 0.0571705 0.0381429 0.0381429 0.0425043 0.0209511 0.0468903 0.0468903 0.1608074 0.0000000 
