16
251140_Ward_Creek              0.0000000 0.0008986 0.0021745 0.0008986 0.0522364 0.5165456 0.0512235 0.0450872 0.0460918 0.0630210 0.0512235 0.0471258 0.0481331 0.0472364 0.0747416 0.0555344 
260512_Pybus_Point             0.0008986 0.0000000 0.0010859 0.0000010 0.0511925 0.5154808 0.0501813 0.0440572 0.0450601 0.0616970 0.0501813 0.0460918 0.0470974 0.0461998 0.0736303 0.0545339 
261935_Kenai_River             0.0021745 0.0010859 0.0000000 0.0010859 0.0568145 0.7733274 0.0556441 0.0485501 0.0497095 0.0711454 0.0556441 0.0509057 0.0520687 0.0510433 0.0805271 0.0638682 
353213_Cropley_Lake            0.0008986 0.0000010 0.0010859 0.0000000 0.0511925 0.5154808 0.0501813 0.0440572 0.0450601 0.0616970 0.0501813 0.0460918 0.0470974 0.0461998 0.0736303 0.0545339 
353379_Skagit_River            0.0522364 0.0511925 0.0568145 0.0511925 0.0000000 0.3616000 0.0009249 0.0083770 0.0093124 0.0011447 0.0009249 0.0083723 0.0111924 0.0102775 0.0440109 0.0187288 
353381_Dungeness_River         0.5165456 0.5154808 0.7733274 0.5154808 0.3616000 0.0000000 0.3616000 0.3676495 0.3676495 0.5629444 0.3616000 0.3670253 0.3706865 0.3698307 0.4223056 0.3730950 
353401_Peace_River             0.0512235 0.0501813 0.0556441 0.0501813 0.0009249 0.3616000 0.0000000 0.0074425 0.0083770 0.0000010 0.0000010 0.0073971 0.0102546 0.0093385 0.0427594 0.0176841 
353407_Noatok                  0.0450872 0.0440572 0.0485501 0.0440572 0.0083770 0.3676495 0.0074425 0.0000000 0.0027793 0.0080548 0.0074425 0.0037097 0.0046394 0.0037179 0.0389941 0.0140035 
353410_Horizon_Lake            0.0460918 0.0450601 0.0497095 0.0450601 0.0093124 0.3676495 0.0083770 0.0027793 0.0000000 0.0092112 0.0083770 0.0046394 0.0018530 0.0009275 0.0399899 0.0149445 
92319_Little_Lost              0.0630210 0.0616970 0.0711454 0.0616970 0.0011447 0.5629444 0.0000010 0.0080548 0.0092112 0.0000000 0.0000010 0.0068478 0.0103690 0.0104049 0.0459460 0.0183728 
94280_St_Joe                   0.0512235 0.0501813 0.0556441 0.0501813 0.0009249 0.3616000 0.0000010 0.0074425 0.0083770 0.0000010 0.0000000 0.0073971 0.0102546 0.0093385 0.0427594 0.0176841 
GCA016432855_Lake_Trout        0.0471258 0.0460918 0.0509057 0.0460918 0.0083723 0.3670253 0.0073971 0.0037097 0.0046394 0.0068478 0.0073971 0.0000000 0.0065053 0.0055856 0.0367687 0.0120500 
GCA036784925_Maine_S_alpinus   0.0481331 0.0470974 0.0520687 0.0470974 0.0111924 0.3706865 0.0102546 0.0046394 0.0018530 0.0103690 0.0102546 0.0065053 0.0000000 0.0027886 0.0420097 0.0149360 
GCA045679555_Iceland_A_alpinus 0.0472364 0.0461998 0.0510433 0.0461998 0.0102775 0.3698307 0.0093385 0.0037179 0.0009275 0.0104049 0.0093385 0.0055856 0.0027886 0.0000000 0.0411069 0.0159312 
GCF013265735_Rainbow_Trout     0.0747416 0.0736303 0.0805271 0.0736303 0.0440109 0.4223056 0.0427594 0.0389941 0.0399899 0.0459460 0.0427594 0.0367687 0.0420097 0.0411069 0.0000000 0.0437541 
GCF029448725_Brook_Trout       0.0555344 0.0545339 0.0638682 0.0545339 0.0187288 0.3730950 0.0176841 0.0140035 0.0149445 0.0183728 0.0176841 0.0120500 0.0149360 0.0159312 0.0437541 0.0000000 
