12
251140_Ward_Creek              0.0000000 0.0000010 0.0231640 0.1309351 0.0184421 0.0183965 0.0184421 0.0137653 0.0137314 0.0137314 0.1128323 0.0184421 
260512_Pybus_Point             0.0000010 0.0000000 0.0231640 0.1309351 0.0184421 0.0183965 0.0184421 0.0137653 0.0137314 0.0137314 0.1128323 0.0184421 
353379_Skagit_River            0.0231640 0.0231640 0.0000000 0.1786781 0.0045671 0.0326669 0.0045671 0.0279335 0.0278637 0.0278637 0.1295937 0.0327492 
353381_Dungeness_River         0.1309351 0.1309351 0.1786781 0.0000000 0.1786781 0.2347952 0.1786781 0.2347952 0.1786781 0.1786781 1.9278916 0.2347952 
353401_Peace_River             0.0184421 0.0184421 0.0045671 0.1786781 0.0000000 0.0278637 0.0000010 0.0231640 0.0231063 0.0231063 0.1239461 0.0279335 
353410_Horizon_Lake            0.0183965 0.0183965 0.0326669 0.2347952 0.0278637 0.0000000 0.0278637 0.0231063 0.0045671 0.0045671 0.1236098 0.0278637 
92319_Little_Lost              0.0184421 0.0184421 0.0045671 0.1786781 0.0000010 0.0278637 0.0000000 0.0231640 0.0231063 0.0231063 0.1239461 0.0279335 
GCA016432855_Lake_Trout        0.0137653 0.0137653 0.0279335 0.2347952 0.0231640 0.0231063 0.0231640 0.0000000 0.0183965 0.0183965 0.1073641 0.0045671 
GCA036784925_Maine_S_alpinus   0.0137314 0.0137314 0.0278637 0.1786781 0.0231063 0.0045671 0.0231063 0.0183965 0.0000000 0.0000010 0.1180404 0.0231063 
GCA045679555_Iceland_A_alpinus 0.0137314 0.0137314 0.0278637 0.1786781 0.0231063 0.0045671 0.0231063 0.0183965 0.0000010 0.0000000 0.1180404 0.0231063 
GCF013265735_Rainbow_Trout     0.1128323 0.1128323 0.1295937 1.9278916 0.1239461 0.1236098 0.1239461 0.1073641 0.1180404 0.1180404 0.0000000 0.1128323 
GCF029448725_Brook_Trout       0.0184421 0.0184421 0.0327492 0.2347952 0.0279335 0.0278637 0.0279335 0.0045671 0.0231063 0.0231063 0.1128323 0.0000000 
