13
251140_Ward_Creek              0.0000000 0.0069766 0.0000010 0.0069766 0.0140191 0.0113854 0.0140191 0.0069766 0.0402781 0.0140191 0.0140191 0.2530256 0.0451944 
260512_Pybus_Point             0.0069766 0.0000000 0.0069766 0.0000010 0.0211279 0.0000010 0.0211279 0.0140191 0.0506949 0.0211279 0.0211279 0.2720737 0.0545695 
261935_Kenai_River             0.0000010 0.0069766 0.0000000 0.0069766 0.0140191 0.0113854 0.0140191 0.0069766 0.0402781 0.0140191 0.0140191 0.2530256 0.0451944 
353213_Cropley_Lake            0.0069766 0.0000010 0.0069766 0.0000000 0.0211279 0.0000010 0.0211279 0.0140191 0.0506949 0.0211279 0.0211279 0.2720737 0.0545695 
353379_Skagit_River            0.0140191 0.0211279 0.0140191 0.0211279 0.0000000 0.0287937 0.0000010 0.0069766 0.0402781 0.0140191 0.0140191 0.2530256 0.0451944 
353381_Dungeness_River         0.0113854 0.0000010 0.0113854 0.0000010 0.0287937 0.0000000 0.0287937 0.0229461 0.1036125 0.0346883 0.0346883 1.7878579 0.0883373 
353401_Peace_River             0.0140191 0.0211279 0.0140191 0.0211279 0.0000010 0.0287937 0.0000000 0.0069766 0.0402781 0.0140191 0.0140191 0.2530256 0.0451944 
353410_Horizon_Lake            0.0069766 0.0140191 0.0069766 0.0140191 0.0069766 0.0229461 0.0069766 0.0000000 0.0300040 0.0069766 0.0069766 0.2344488 0.0359350 
GCA016432855_Lake_Trout        0.0402781 0.0506949 0.0402781 0.0506949 0.0402781 0.1036125 0.0402781 0.0300040 0.0000000 0.0402781 0.0351235 0.1759852 0.0108305 
GCA036784925_Maine_S_alpinus   0.0140191 0.0211279 0.0140191 0.0211279 0.0140191 0.0346883 0.0140191 0.0069766 0.0402781 0.0000000 0.0069766 0.2530256 0.0451944 
GCA045679555_Iceland_A_alpinus 0.0140191 0.0211279 0.0140191 0.0211279 0.0140191 0.0346883 0.0140191 0.0069766 0.0351235 0.0069766 0.0000000 0.2436797 0.0405504 
GCF013265735_Rainbow_Trout     0.2530256 0.2720737 0.2530256 0.2720737 0.2530256 1.7878579 0.2530256 0.2344488 0.1759852 0.2530256 0.2436797 0.0000000 0.2424202 
GCF029448725_Brook_Trout       0.0451944 0.0545695 0.0451944 0.0545695 0.0451944 0.0883373 0.0451944 0.0359350 0.0108305 0.0451944 0.0405504 0.2424202 0.0000000 
