18
251140_Ward_Creek              0.0000000 0.0654434 0.2347049 0.0654434 0.0474628 0.0840651 0.3147846 0.1081456 0.2823345 0.1696874 0.0644747 0.2823345 0.3623183 0.3741104 0.2534958 0.1154537 1.3700766 0.3246644 
260512_Pybus_Point             0.0654434 0.0000000 0.1653863 0.0000010 0.0600652 0.0755262 0.2330643 0.1455381 0.2028809 0.1592779 0.0558331 0.2028809 0.2572940 0.2898904 0.1944625 0.0654434 1.2269220 0.2436676 
261935_Kenai_River             0.2347049 0.1653863 0.0000000 0.1653863 0.3196200 0.1332763 0.3530643 0.4796956 0.3120570 0.2112416 0.1834598 0.3120570 0.4314237 0.4371274 0.3712903 0.1004675 1.8771897 0.3758319 
353213_Cropley_Lake            0.0654434 0.0000010 0.1653863 0.0000000 0.0600652 0.0755262 0.2330643 0.1455381 0.2028809 0.1592779 0.0558331 0.2028809 0.2572940 0.2898904 0.1944625 0.0654434 1.2269220 0.2436676 
353220_Fish_Creek              0.0474628 0.0600652 0.3196200 0.0600652 0.0000000 0.1107699 0.4094921 0.1500681 0.3840468 0.2568096 0.0845561 0.3840468 0.5793437 0.4404055 0.2945055 0.1246977 1.7603203 0.4475460 
353246_Cottonwood_Creek        0.0840651 0.0755262 0.1332763 0.0755262 0.1107699 0.0000000 0.2688461 0.1675230 0.2371676 0.1568405 0.0552865 0.2371676 0.3037301 0.3056479 0.2057228 0.0463109 1.4144463 0.2588978 
353379_Skagit_River            0.3147846 0.2330643 0.3530643 0.2330643 0.4094921 0.2688461 0.0000000 0.5337283 0.0235559 0.3667967 0.2663942 0.0235559 0.0143126 0.3611223 0.3088340 0.2330643 1.3460229 0.3117729 
353381_Dungeness_River         0.1081456 0.1455381 0.4796956 0.1455381 0.1500681 0.1675230 0.5337283 0.0000000 0.4883522 0.2565026 0.1427773 0.4883522 0.6869079 0.6097607 0.3888047 0.2084677 1.8671689 0.5421751 
353401_Peace_River             0.2823345 0.2028809 0.3120570 0.2028809 0.3840468 0.2371676 0.0235559 0.4883522 0.0000000 0.3311710 0.2350940 0.0000010 0.0000010 0.3280534 0.2772076 0.2028809 1.3064528 0.2797415 
353407_Noatok                  0.1696874 0.1592779 0.2112416 0.1592779 0.2568096 0.1568405 0.3667967 0.2565026 0.3311710 0.0000000 0.1280843 0.3311710 0.4351417 0.4981173 0.4354565 0.1883411 1.5074121 0.4406718 
353410_Horizon_Lake            0.0644747 0.0558331 0.1834598 0.0558331 0.0845561 0.0552865 0.2663942 0.1427773 0.2350940 0.1280843 0.0000000 0.2350940 0.3001119 0.3574618 0.2417192 0.0853704 1.3103734 0.3085254 
92319_Little_Lost              0.2823345 0.2028809 0.3120570 0.2028809 0.3840468 0.2371676 0.0235559 0.4883522 0.0000010 0.3311710 0.2350940 0.0000000 0.0000010 0.3280534 0.2772076 0.2028809 1.3064528 0.2797415 
94280_St_Joe                   0.3623183 0.2572940 0.4314237 0.2572940 0.5793437 0.3037301 0.0143126 0.6869079 0.0000010 0.4351417 0.3001119 0.0000010 0.0000000 0.3998495 0.3533077 0.2572940 1.6798050 0.3053282 
GCA016432855_Lake_Trout        0.3741104 0.2898904 0.4371274 0.2898904 0.4404055 0.3056479 0.3611223 0.6097607 0.3280534 0.4981173 0.3574618 0.3280534 0.3998495 0.0000000 0.0840025 0.2695091 1.1815804 0.1380146 
GCA036784925_Maine_S_alpinus   0.2534958 0.1944625 0.3712903 0.1944625 0.2945055 0.2057228 0.3088340 0.3888047 0.2772076 0.4354565 0.2417192 0.2772076 0.3533077 0.0840025 0.0000000 0.1932667 1.0777971 0.0978675 
GCA045679555_Iceland_A_alpinus 0.1154537 0.0654434 0.1004675 0.0654434 0.1246977 0.0463109 0.2330643 0.2084677 0.2028809 0.1883411 0.0853704 0.2028809 0.2572940 0.2695091 0.1932667 0.0000000 1.2911557 0.2248453 
GCF013265735_Rainbow_Trout     1.3700766 1.2269220 1.8771897 1.2269220 1.7603203 1.4144463 1.3460229 1.8671689 1.3064528 1.5074121 1.3103734 1.3064528 1.6798050 1.1815804 1.0777971 1.2911557 0.0000000 1.1808763 
GCF029448725_Brook_Trout       0.3246644 0.2436676 0.3758319 0.2436676 0.4475460 0.2588978 0.3117729 0.5421751 0.2797415 0.4406718 0.3085254 0.2797415 0.3053282 0.1380146 0.0978675 0.2248453 1.1808763 0.0000000 
