16
251140_Ward_Creek              0.0000000 0.0054136 0.0054136 0.0219221 0.0387796 0.0532882 0.0444186 0.0386699 0.0000010 0.0501025 0.0387796 0.0503229 0.0389077 0.0389077 0.0869199 0.0503229 
260512_Pybus_Point             0.0054136 0.0000000 0.0000010 0.0163992 0.0331531 0.0000010 0.0387643 0.0330598 0.0054136 0.0444186 0.0331531 0.0446132 0.0332621 0.0332621 0.0809000 0.0446132 
261935_Kenai_River             0.0054136 0.0000010 0.0000000 0.0163992 0.0331531 0.0000010 0.0387643 0.0330598 0.0054136 0.0444186 0.0331531 0.0446132 0.0332621 0.0332621 0.0809000 0.0446132 
353246_Cottonwood_Creek        0.0219221 0.0163992 0.0163992 0.0000000 0.0389231 0.1773967 0.0445834 0.0388127 0.0219221 0.0502890 0.0389231 0.0505113 0.0164220 0.0164220 0.0872602 0.0505113 
353379_Skagit_River            0.0387796 0.0331531 0.0331531 0.0389231 0.0000000 0.3267636 0.0053931 0.0330286 0.0387796 0.0108154 0.0000010 0.0329782 0.0329878 0.0329878 0.0682969 0.0329782 
353381_Dungeness_River         0.0532882 0.0000010 0.0000010 0.1773967 0.3267636 0.0000000 0.4029429 0.2412014 0.0532882 0.3267636 0.3267636 0.2526811 0.4242628 0.4242628 1.0829538 0.2526811 
353401_Peace_River             0.0444186 0.0387643 0.0387643 0.0445834 0.0053931 0.4029429 0.0000000 0.0386179 0.0444186 0.0162582 0.0053931 0.0385587 0.0385700 0.0385700 0.0741583 0.0385587 
353407_Noatok                  0.0386699 0.0330598 0.0330598 0.0388127 0.0330286 0.2412014 0.0386179 0.0000000 0.0386699 0.0442503 0.0330286 0.0444434 0.0444565 0.0444565 0.0805761 0.0444434 
353410_Horizon_Lake            0.0000010 0.0054136 0.0054136 0.0219221 0.0387796 0.0532882 0.0444186 0.0386699 0.0000000 0.0501025 0.0387796 0.0503229 0.0389077 0.0389077 0.0869199 0.0503229 
92319_Little_Lost              0.0501025 0.0444186 0.0444186 0.0502890 0.0108154 0.3267636 0.0162582 0.0442503 0.0501025 0.0000000 0.0108154 0.0441823 0.0441952 0.0441952 0.0800806 0.0441823 
94280_St_Joe                   0.0387796 0.0331531 0.0331531 0.0389231 0.0000010 0.3267636 0.0053931 0.0330286 0.0387796 0.0108154 0.0000000 0.0329782 0.0329878 0.0329878 0.0682969 0.0329782 
GCA016432855_Lake_Trout        0.0503229 0.0446132 0.0446132 0.0505113 0.0329782 0.2526811 0.0385587 0.0444434 0.0503229 0.0441823 0.0329782 0.0000000 0.0443879 0.0443879 0.0804467 0.0000010 
GCA036784925_Maine_S_alpinus   0.0389077 0.0332621 0.0332621 0.0164220 0.0329878 0.4242628 0.0385700 0.0444565 0.0389077 0.0441952 0.0329878 0.0443879 0.0000000 0.0000010 0.0804709 0.0443879 
GCA045679555_Iceland_A_alpinus 0.0389077 0.0332621 0.0332621 0.0164220 0.0329878 0.4242628 0.0385700 0.0444565 0.0389077 0.0441952 0.0329878 0.0443879 0.0000010 0.0000000 0.0804709 0.0443879 
GCF013265735_Rainbow_Trout     0.0869199 0.0809000 0.0809000 0.0872602 0.0682969 1.0829538 0.0741583 0.0805761 0.0869199 0.0800806 0.0682969 0.0804467 0.0804709 0.0804709 0.0000000 0.0804467 
GCF029448725_Brook_Trout       0.0503229 0.0446132 0.0446132 0.0505113 0.0329782 0.2526811 0.0385587 0.0444434 0.0503229 0.0441823 0.0329782 0.0000010 0.0443879 0.0443879 0.0804467 0.0000000 
