8
251140_Ward_Creek          0.0000000 0.0000010 0.0038869 0.0038869 3.0781583 0.0084853 0.0607438 0.0038857 
260512_Pybus_Point         0.0000010 0.0000000 0.0038869 0.0038869 3.0781583 0.0084853 0.0607438 0.0038857 
353213_Cropley_Lake        0.0038869 0.0038869 0.0000000 0.0000010 3.2341986 0.0127586 0.0649438 0.0077875 
353219_Peterson_Creek      0.0038869 0.0038869 0.0000010 0.0000000 3.2341986 0.0127586 0.0649438 0.0077875 
92319_Little_Lost          3.0781583 3.0781583 3.2341986 3.2341986 0.0000000 3.1632545 4.0003669 3.0031216 
GCA016432855_Lake_Trout    0.0084853 0.0084853 0.0127586 0.0127586 3.1632545 0.0000000 0.0664238 0.0042327 
GCF013265735_Rainbow_Trout 0.0607438 0.0607438 0.0649438 0.0649438 4.0003669 0.0664238 0.0000000 0.0565631 
GCF029448725_Brook_Trout   0.0038857 0.0038857 0.0077875 0.0077875 3.0031216 0.0042327 0.0565631 0.0000000 
