16
251140_Ward_Creek              0.0000000 0.0000010 0.0200629 0.1297582 0.0770397 1.8707915 0.0697976 0.1079278 0.1458032 0.3919699 0.0697976 0.4743785 0.1451916 0.1286275 2.1588755 0.8096235 
260512_Pybus_Point             0.0000010 0.0000000 0.0200629 0.1297582 0.0770397 1.8707915 0.0697976 0.1079278 0.1458032 0.3919699 0.0697976 0.4743785 0.1451916 0.1286275 2.1588755 0.8096235 
261935_Kenai_River             0.0200629 0.0200629 0.0000000 0.1069707 0.0990578 1.8707741 0.0916703 0.0838267 0.1225903 0.4277217 0.0916703 0.5088554 0.1220937 0.1060679 2.1483754 0.8208677 
353246_Cottonwood_Creek        0.1297582 0.1297582 0.1069707 0.0000000 0.1872027 2.4023324 0.1790891 0.0369644 0.0133795 0.5676214 0.1790891 0.6205892 0.0408381 0.0408255 2.2317378 0.9638446 
353379_Skagit_River            0.0770397 0.0770397 0.0990578 0.1872027 0.0000000 2.3918539 0.0066438 0.1879783 0.2045804 0.2793004 0.0066438 0.5465278 0.2036315 0.1854134 2.1709734 0.8960406 
353381_Dungeness_River         1.8707915 1.8707915 1.8707741 2.4023324 2.3918539 0.0000000 2.4296626 2.7196534 2.5063915 4.9173803 2.4296626 4.2363183 2.3573635 2.1824196 3.1373176 2.1808311 
353401_Peace_River             0.0697976 0.0697976 0.0916703 0.1790891 0.0066438 2.4296626 0.0000000 0.1791176 0.1963127 0.2688202 0.0000010 0.5343980 0.1954128 0.1773958 2.2367394 0.8845526 
353407_Noatok                  0.1079278 0.1079278 0.0838267 0.0369644 0.1879783 2.7196534 0.1791176 0.0000000 0.0523409 0.6461676 0.1791176 0.6878974 0.0521370 0.0521194 2.3317920 1.0605975 
353410_Horizon_Lake            0.1458032 0.1458032 0.1225903 0.0133795 0.2045804 2.5063915 0.1963127 0.0523409 0.0000000 0.5999910 0.1963127 0.6519031 0.0550209 0.0550038 2.2527886 0.9978552 
92319_Little_Lost              0.3919699 0.3919699 0.4277217 0.5676214 0.2793004 4.9173803 0.2688202 0.6461676 0.5999910 0.0000000 0.2688202 0.2597948 0.6135927 0.5749193 2.4325746 1.6690878 
94280_St_Joe                   0.0697976 0.0697976 0.0916703 0.1790891 0.0066438 2.4296626 0.0000010 0.1791176 0.1963127 0.2688202 0.0000000 0.5343980 0.1954128 0.1773958 2.2367394 0.8845526 
GCA016432855_Lake_Trout        0.4743785 0.4743785 0.5088554 0.6205892 0.5465278 4.2363183 0.5343980 0.6878974 0.6519031 0.2597948 0.5343980 0.0000000 0.6647238 0.6022447 2.3081522 1.6160668 
GCA036784925_Maine_S_alpinus   0.1451916 0.1451916 0.1220937 0.0408381 0.2036315 2.3573635 0.1954128 0.0521370 0.0550209 0.6135927 0.1954128 0.6647238 0.0000000 0.0270325 2.2232633 0.9638471 
GCA045679555_Iceland_A_alpinus 0.1286275 0.1286275 0.1060679 0.0408255 0.1854134 2.1824196 0.1773958 0.0521194 0.0550038 0.5749193 0.1773958 0.6022447 0.0270325 0.0000000 2.1742046 0.8967992 
GCF013265735_Rainbow_Trout     2.1588755 2.1588755 2.1483754 2.2317378 2.1709734 3.1373176 2.2367394 2.3317920 2.2527886 2.4325746 2.2367394 2.3081522 2.2232633 2.1742046 0.0000000 1.8203763 
GCF029448725_Brook_Trout       0.8096235 0.8096235 0.8208677 0.9638446 0.8960406 2.1808311 0.8845526 1.0605975 0.9978552 1.6690878 0.8845526 1.6160668 0.9638471 0.8967992 1.8203763 0.0000000 
