14
251140_Ward_Creek              0.0000000 0.0000010 0.0022650 0.0162277 0.0184682 0.0162277 0.0090987 0.0113863 0.1621884 0.0256433 0.0113863 0.0068163 0.1531710 0.0351339 
260512_Pybus_Point             0.0000010 0.0000000 0.0022650 0.0162277 0.0184682 0.0162277 0.0090987 0.0113863 0.1621884 0.0256433 0.0113863 0.0068163 0.1531710 0.0351339 
261935_Kenai_River             0.0022650 0.0022650 0.0000000 0.0185674 0.0222025 0.0185674 0.0068163 0.0090987 0.1677145 0.0232847 0.0090987 0.0045390 0.1559368 0.0327528 
353379_Skagit_River            0.0162277 0.0162277 0.0185674 0.0000000 0.0071782 0.0000010 0.0209310 0.0232847 0.1200814 0.0137028 0.0232847 0.0185838 0.1382708 0.0229439 
353381_Dungeness_River         0.0184682 0.0184682 0.0222025 0.0071782 0.0000000 0.0071782 0.0335399 0.0335399 0.6276343 0.0144083 0.0373371 0.0297571 0.2236009 0.0290273 
353401_Peace_River             0.0162277 0.0162277 0.0185674 0.0000010 0.0071782 0.0000000 0.0209310 0.0232847 0.1200814 0.0137028 0.0232847 0.0185838 0.1382708 0.0229439 
353407_Noatok                  0.0090987 0.0090987 0.0068163 0.0209310 0.0335399 0.0209310 0.0000000 0.0068104 0.1680439 0.0256660 0.0068104 0.0022650 0.1588665 0.0351651 
353410_Horizon_Lake            0.0113863 0.0113863 0.0090987 0.0232847 0.0335399 0.0232847 0.0068104 0.0000000 0.1792130 0.0280323 0.0090909 0.0045351 0.1616505 0.0375541 
92319_Little_Lost              0.1621884 0.1621884 0.1677145 0.1200814 0.6276343 0.1200814 0.1680439 0.1792130 0.0000000 0.1412525 0.1792130 0.1680439 0.1026327 0.1681122 
GCA016432855_Lake_Trout        0.0256433 0.0256433 0.0232847 0.0137028 0.0144083 0.0137028 0.0256660 0.0280323 0.1412525 0.0000000 0.0280323 0.0233053 0.1408368 0.0229240 
GCA036784925_Maine_S_alpinus   0.0113863 0.0113863 0.0090987 0.0232847 0.0373371 0.0232847 0.0068104 0.0090909 0.1792130 0.0280323 0.0000000 0.0045351 0.1616505 0.0375541 
GCA045679555_Iceland_A_alpinus 0.0068163 0.0068163 0.0045390 0.0185838 0.0297571 0.0185838 0.0022650 0.0045351 0.1680439 0.0233053 0.0045351 0.0000000 0.1560904 0.0327819 
GCF013265735_Rainbow_Trout     0.1531710 0.1531710 0.1559368 0.1382708 0.2236009 0.1382708 0.1588665 0.1616505 0.1026327 0.1408368 0.1616505 0.1560904 0.0000000 0.1544451 
GCF029448725_Brook_Trout       0.0351339 0.0351339 0.0327528 0.0229439 0.0290273 0.0229439 0.0351651 0.0375541 0.1681122 0.0229240 0.0375541 0.0327819 0.1544451 0.0000000 
