19
251140_Ward_Creek              0.0000000 0.0024642 0.0174417 0.0219634 0.0360480 0.0024642 0.0354768 0.0055341 0.0820611 0.0077913 0.0448188 0.0235251 0.0357086 0.0077913 0.0953354 0.0368755 0.0368755 0.1069144 0.0953354 
260512_Pybus_Point             0.0024642 0.0000000 0.0158683 0.0184412 0.0326365 0.0000010 0.0323179 0.0027337 0.0820611 0.0057894 0.0408434 0.0202308 0.0320446 0.0057894 0.0907955 0.0332125 0.0332125 0.1026015 0.0907955 
261935_Kenai_River             0.0174417 0.0158683 0.0000000 0.0227155 0.0420942 0.0158683 0.0521378 0.0247574 0.1304973 0.0228021 0.0551157 0.0220822 0.0065444 0.0228021 0.1410510 0.0526455 0.0526455 0.1390195 0.1410510 
353213_Cropley_Lake            0.0219634 0.0184412 0.0227155 0.0000000 0.0245463 0.0184412 0.0307178 0.0220175 0.1695133 0.0268928 0.0257657 0.0132383 0.0428953 0.0268928 0.0819265 0.0475072 0.0475072 0.0969625 0.0819265 
353219_Peterson_Creek          0.0360480 0.0326365 0.0420942 0.0245463 0.0000000 0.0326365 0.0276363 0.0382127 0.1972914 0.0442886 0.0094274 0.0281699 0.0620496 0.0442886 0.0642937 0.0625328 0.0625328 0.0810184 0.0642937 
353220_Fish_Creek              0.0024642 0.0000010 0.0158683 0.0184412 0.0326365 0.0000000 0.0323179 0.0027337 0.0820611 0.0057894 0.0408434 0.0202308 0.0320446 0.0057894 0.0907955 0.0332125 0.0332125 0.1026015 0.0907955 
353246_Cottonwood_Creek        0.0354768 0.0323179 0.0521378 0.0307178 0.0276363 0.0323179 0.0000000 0.0371157 0.3496770 0.0365401 0.0202011 0.0242699 0.0459408 0.0365401 0.1093837 0.0508901 0.0508901 0.0939055 0.1113157 
353379_Skagit_River            0.0055341 0.0027337 0.0247574 0.0220175 0.0382127 0.0027337 0.0371157 0.0000000 0.0981084 0.0048094 0.0422738 0.0216989 0.0308573 0.0048094 0.0893041 0.0350156 0.0350156 0.1011801 0.0893041 
353381_Dungeness_River         0.0820611 0.0820611 0.1304973 0.1695133 0.1972914 0.0820611 0.3496770 0.0981084 0.0000000 0.0981084 0.2601566 0.1429361 0.2029648 0.0981084 0.4368145 0.2495690 0.2495690 0.2996539 0.4368145 
353401_Peace_River             0.0077913 0.0057894 0.0228021 0.0268928 0.0442886 0.0057894 0.0365401 0.0048094 0.0981084 0.0000000 0.0486636 0.0209309 0.0243665 0.0000010 0.0987985 0.0344705 0.0344705 0.0955165 0.0987985 
353407_Noatok                  0.0448188 0.0408434 0.0551157 0.0257657 0.0094274 0.0408434 0.0202011 0.0422738 0.2601566 0.0486636 0.0000000 0.0292876 0.0653634 0.0486636 0.0687864 0.0687874 0.0687874 0.0798445 0.0687864 
353410_Horizon_Lake            0.0235251 0.0202308 0.0220822 0.0132383 0.0281699 0.0202308 0.0242699 0.0216989 0.1429361 0.0209309 0.0292876 0.0000000 0.0278885 0.0209309 0.0957235 0.0374045 0.0374045 0.0906522 0.0957235 
92319_Little_Lost              0.0357086 0.0320446 0.0065444 0.0428953 0.0620496 0.0320446 0.0459408 0.0308573 0.2029648 0.0243665 0.0653634 0.0278885 0.0000000 0.0243665 0.1264042 0.0424943 0.0424943 0.1023985 0.1264042 
94280_St_Joe                   0.0077913 0.0057894 0.0228021 0.0268928 0.0442886 0.0057894 0.0365401 0.0048094 0.0981084 0.0000010 0.0486636 0.0209309 0.0243665 0.0000000 0.0987985 0.0344705 0.0344705 0.0955165 0.0987985 
GCA016432855_Lake_Trout        0.0953354 0.0907955 0.1410510 0.0819265 0.0642937 0.0907955 0.1093837 0.0893041 0.4368145 0.0987985 0.0687864 0.0957235 0.1264042 0.0987985 0.0000000 0.1337636 0.1337636 0.0957824 0.0058573 
GCA036784925_Maine_S_alpinus   0.0368755 0.0332125 0.0526455 0.0475072 0.0625328 0.0332125 0.0508901 0.0350156 0.2495690 0.0344705 0.0687874 0.0374045 0.0424943 0.0344705 0.1337636 0.0000000 0.0000010 0.1232404 0.1337636 
GCA045679555_Iceland_A_alpinus 0.0368755 0.0332125 0.0526455 0.0475072 0.0625328 0.0332125 0.0508901 0.0350156 0.2495690 0.0344705 0.0687874 0.0374045 0.0424943 0.0344705 0.1337636 0.0000010 0.0000000 0.1232404 0.1337636 
GCF013265735_Rainbow_Trout     0.1069144 0.1026015 0.1390195 0.0969625 0.0810184 0.1026015 0.0939055 0.1011801 0.2996539 0.0955165 0.0798445 0.0906522 0.1023985 0.0955165 0.0957824 0.1232404 0.1232404 0.0000000 0.0957824 
GCF029448725_Brook_Trout       0.0953354 0.0907955 0.1410510 0.0819265 0.0642937 0.0907955 0.1113157 0.0893041 0.4368145 0.0987985 0.0687864 0.0957235 0.1264042 0.0987985 0.0058573 0.1337636 0.1337636 0.0957824 0.0000000 
