19
251140_Ward_Creek              0.0000000 0.0033752 0.0703210 0.0061440 0.0016832 0.0097287 0.0070418 0.0239856 1.1728432 0.0178760 0.0159885 0.0115231 0.0535789 0.0178760 0.0137961 0.2455008 0.0115509 0.1125725 0.0219842 
260512_Pybus_Point             0.0033752 0.0000000 0.0614649 0.0092276 0.0016806 0.0058327 0.0083695 0.0201738 0.7859874 0.0149365 0.0131204 0.0109419 0.0481238 0.0149365 0.0111000 0.2284727 0.0109480 0.1030033 0.0187436 
261935_Kenai_River             0.0703210 0.0614649 0.0000000 0.0602853 0.0674295 0.0794928 0.0589827 0.0786110 0.7645155 0.0776169 0.0823765 0.0795788 0.1206838 0.0776169 0.0728946 0.2221507 0.0806598 0.0565927 0.0806109 
353213_Cropley_Lake            0.0061440 0.0092276 0.0602853 0.0000000 0.0079371 0.0030823 0.0007667 0.0292353 0.8431763 0.0225782 0.0077071 0.0046398 0.0580278 0.0225782 0.0165228 0.2472405 0.0046422 0.0932841 0.0225757 
353219_Peterson_Creek          0.0016832 0.0016806 0.0674295 0.0079371 0.0000000 0.0079245 0.0070382 0.0215800 1.1089124 0.0158447 0.0139214 0.0115382 0.0512748 0.0158447 0.0117685 0.2399665 0.0115450 0.1097983 0.0198882 
353220_Fish_Creek              0.0097287 0.0058327 0.0794928 0.0030823 0.0079245 0.0000000 0.0023069 0.0496654 0.9764774 0.0205158 0.0056970 0.0044451 0.0556253 0.0205158 0.0145098 0.2790650 0.0044473 0.1102923 0.0205137 
353246_Cottonwood_Creek        0.0070418 0.0083695 0.0589827 0.0007667 0.0070382 0.0023069 0.0000000 0.0280243 0.8228200 0.0215386 0.0068348 0.0038584 0.0568061 0.0215386 0.0155097 0.2443780 0.0038603 0.0921180 0.0215363 
353379_Skagit_River            0.0239856 0.0201738 0.0786110 0.0292353 0.0215800 0.0496654 0.0280243 0.0000000 0.5958999 0.0046548 0.0491260 0.0461100 0.0295483 0.0046548 0.0115536 0.2358808 0.0496363 0.1110263 0.0174215 
353381_Dungeness_River         1.1728432 0.7859874 0.7645155 0.8431763 1.1089124 0.9764774 0.8228200 0.5958999 0.0000000 0.4836133 1.2227433 0.9623858 0.4836133 0.4836133 0.7471115 0.0067247 0.9908779 0.6354511 0.4894913 
353401_Peace_River             0.0178760 0.0149365 0.0776169 0.0225782 0.0158447 0.0205158 0.0215386 0.0046548 0.4836133 0.0000000 0.0164627 0.0174938 0.0251909 0.0000010 0.0073972 0.2177370 0.0205062 0.1038984 0.0136542 
353407_Noatok                  0.0159885 0.0131204 0.0823765 0.0077071 0.0139214 0.0056970 0.0068348 0.0491260 1.2227433 0.0164627 0.0000000 0.0024176 0.0164120 0.0164627 0.0097687 0.3399041 0.0056640 0.1131176 0.0164611 
353410_Horizon_Lake            0.0115231 0.0109419 0.0795788 0.0046398 0.0115382 0.0044451 0.0038584 0.0461100 0.9623858 0.0174938 0.0024176 0.0000000 0.0521887 0.0174938 0.0115710 0.2770400 0.0029384 0.1059884 0.0175270 
92319_Little_Lost              0.0535789 0.0481238 0.1206838 0.0580278 0.0512748 0.0556253 0.0568061 0.0295483 0.4836133 0.0251909 0.0164120 0.0521887 0.0000000 0.0251909 0.0396999 0.2848531 0.0555946 0.1429835 0.0386717 
94280_St_Joe                   0.0178760 0.0149365 0.0776169 0.0225782 0.0158447 0.0205158 0.0215386 0.0046548 0.4836133 0.0000010 0.0164627 0.0174938 0.0251909 0.0000000 0.0073972 0.2177370 0.0205062 0.1038984 0.0136542 
GCA016432855_Lake_Trout        0.0137961 0.0111000 0.0728946 0.0165228 0.0117685 0.0145098 0.0155097 0.0115536 0.7471115 0.0073972 0.0097687 0.0115710 0.0396999 0.0073972 0.0000000 0.2224560 0.0145032 0.0957296 0.0092645 
GCA036784925_Maine_S_alpinus   0.2455008 0.2284727 0.2221507 0.2472405 0.2399665 0.2790650 0.2443780 0.2358808 0.0067247 0.2177370 0.3399041 0.2770400 0.2848531 0.2177370 0.2224560 0.0000000 0.2810945 0.2476964 0.2222733 
GCA045679555_Iceland_A_alpinus 0.0115509 0.0109480 0.0806598 0.0046422 0.0115450 0.0044473 0.0038603 0.0496363 0.9908779 0.0205062 0.0056640 0.0029384 0.0555946 0.0205062 0.0145032 0.2810945 0.0000000 0.1078660 0.0205041 
GCF013265735_Rainbow_Trout     0.1125725 0.1030033 0.0565927 0.0932841 0.1097983 0.1102923 0.0921180 0.1110263 0.6354511 0.1038984 0.1131176 0.1059884 0.1429835 0.1038984 0.0957296 0.2476964 0.1078660 0.0000000 0.1010846 
GCF029448725_Brook_Trout       0.0219842 0.0187436 0.0806109 0.0225757 0.0198882 0.0205137 0.0215363 0.0174215 0.4894913 0.0136542 0.0164611 0.0175270 0.0386717 0.0136542 0.0092645 0.2222733 0.0205041 0.1010846 0.0000000 
