13
251140_Ward_Creek              0.0000000 0.0000010 0.0643229 0.6840668 0.0421979 0.0421979 0.0208250 0.0421979 0.0869954 0.0423100 0.0422196 0.9473339 0.0423303 
260512_Pybus_Point             0.0000010 0.0000000 0.0643229 0.6840668 0.0421979 0.0421979 0.0208250 0.0421979 0.0869954 0.0423100 0.0422196 0.9473339 0.0423303 
353379_Skagit_River            0.0643229 0.0643229 0.0000000 0.8838191 0.0207718 0.0641464 0.0421979 0.0207718 0.1102790 0.0643229 0.1102790 1.0283146 0.0643550 
353381_Dungeness_River         0.6840668 0.6840668 0.8838191 0.0000000 0.8058002 0.8058002 0.7427164 0.8058002 0.9620939 0.8140218 0.8072388 0.4898951 0.8157591 
353401_Peace_River             0.0421979 0.0421979 0.0207718 0.8058002 0.0000000 0.0420865 0.0207718 0.0000010 0.0867478 0.0421979 0.0867478 0.9360787 0.0422181 
353407_Noatok                  0.0421979 0.0421979 0.0641464 0.8058002 0.0420865 0.0000000 0.0207718 0.0420865 0.0867478 0.0421979 0.0867478 0.9360787 0.0422181 
353410_Horizon_Lake            0.0208250 0.0208250 0.0421979 0.7427164 0.0207718 0.0207718 0.0000000 0.0207718 0.0641806 0.0208250 0.0641806 0.8639446 0.0208346 
92319_Little_Lost              0.0421979 0.0421979 0.0207718 0.8058002 0.0000010 0.0420865 0.0207718 0.0000000 0.0867478 0.0421979 0.0867478 0.9360787 0.0422181 
GCA016432855_Lake_Trout        0.0869954 0.0869954 0.1102790 0.9620939 0.0867478 0.0867478 0.0641806 0.0867478 0.0000000 0.0869954 0.1343227 1.1206100 0.0870406 
GCA036784925_Maine_S_alpinus   0.0423100 0.0423100 0.0643229 0.8140218 0.0421979 0.0421979 0.0208250 0.0421979 0.0869954 0.0000000 0.0869954 0.9473339 0.0423303 
GCA045679555_Iceland_A_alpinus 0.0422196 0.0422196 0.1102790 0.8072388 0.0867478 0.0867478 0.0641806 0.0867478 0.1343227 0.0869954 0.0000000 1.1206100 0.0870406 
GCF013265735_Rainbow_Trout     0.9473339 0.9473339 1.0283146 0.4898951 0.9360787 0.9360787 0.8639446 0.9360787 1.1206100 0.9473339 1.1206100 0.0000000 0.9497841 
GCF029448725_Brook_Trout       0.0423303 0.0423303 0.0643550 0.8157591 0.0422181 0.0422181 0.0208346 0.0422181 0.0870406 0.0423303 0.0870406 0.9497841 0.0000000 
