15
251140_Ward_Creek              0.0000000 0.0000010 0.0341429 0.0819976 0.3719107 0.0819976 0.0623734 0.0761651 0.0775783 0.0542395 0.0711150 0.0711150 0.6364755 0.2456481 0.0871108 
260512_Pybus_Point             0.0000010 0.0000000 0.0341429 0.0819976 0.3719107 0.0819976 0.0623734 0.0761651 0.0775783 0.0542395 0.0711150 0.0711150 0.6364755 0.2456481 0.0871108 
353219_Peterson_Creek          0.0341429 0.0341429 0.0000000 0.1362118 3.1159097 0.1362118 0.1089874 0.1314804 0.1293978 0.1035301 0.1227160 0.1227160 3.2854385 0.3462351 0.1488260 
353379_Skagit_River            0.0819976 0.0819976 0.1362118 0.0000000 0.6361558 0.0000010 0.0717938 0.0676361 0.0032442 0.0583194 0.0624447 0.0624447 0.4322209 0.2744606 0.0068608 
353381_Dungeness_River         0.3719107 0.3719107 3.1159097 0.6361558 0.0000000 0.6361558 0.5559716 0.6657289 0.6047770 0.5165162 0.6027348 0.6027348 7.0579238 4.0966038 1.1065604 
353401_Peace_River             0.0819976 0.0819976 0.1362118 0.0000010 0.6361558 0.0000000 0.0717938 0.0676361 0.0032442 0.0583194 0.0624447 0.0624447 0.4322209 0.2744606 0.0068608 
353407_Noatok                  0.0623734 0.0623734 0.1089874 0.0717938 0.5559716 0.0717938 0.0000000 0.0102015 0.0670878 0.0436431 0.0067231 0.0067231 0.2937133 0.2066429 0.0766563 
353410_Horizon_Lake            0.0761651 0.0761651 0.1314804 0.0676361 0.6657289 0.0676361 0.0102015 0.0000000 0.0629454 0.0439330 0.0033601 0.0033601 0.2989313 0.2095428 0.0722313 
94280_St_Joe                   0.0775783 0.0775783 0.1293978 0.0032442 0.6047770 0.0032442 0.0670878 0.0629454 0.0000000 0.0537576 0.0578641 0.0578641 0.4206869 0.2657078 0.0034098 
GCA016432855_Lake_Trout        0.0542395 0.0542395 0.1035301 0.0583194 0.5165162 0.0583194 0.0436431 0.0439330 0.0537576 0.0000000 0.0397579 0.0397579 0.3185989 0.1717352 0.0622219 
GCA036784925_Maine_S_alpinus   0.0711150 0.0711150 0.1227160 0.0624447 0.6027348 0.0624447 0.0067231 0.0033601 0.0578641 0.0397579 0.0000000 0.0000010 0.2860199 0.1999504 0.0666136 
GCA045679555_Iceland_A_alpinus 0.0711150 0.0711150 0.1227160 0.0624447 0.6027348 0.0624447 0.0067231 0.0033601 0.0578641 0.0397579 0.0000010 0.0000000 0.2860199 0.1999504 0.0666136 
GCF013265735_Rainbow_Trout     0.6364755 0.6364755 3.2854385 0.4322209 7.0579238 0.4322209 0.2937133 0.2989313 0.4206869 0.3185989 0.2860199 0.2860199 0.0000000 0.6670422 0.4501726 
GCF029448725_Brook_Trout       0.2456481 0.2456481 0.3462351 0.2744606 4.0966038 0.2744606 0.2066429 0.2095428 0.2657078 0.1717352 0.1999504 0.1999504 0.6670422 0.0000000 0.3041650 
Methow_River_99895             0.0871108 0.0871108 0.1488260 0.0068608 1.1065604 0.0068608 0.0766563 0.0722313 0.0034098 0.0622219 0.0666136 0.0666136 0.4501726 0.3041650 0.0000000 
