14
251140_Ward_Creek              0.0000000 0.0000010 0.0047960 0.0023978 0.0361499 0.0092552 0.0361499 0.0047960 0.0047960 0.0550521 0.0047960 0.0023952 0.2421667 0.0442255 
260512_Pybus_Point             0.0000010 0.0000000 0.0047960 0.0023978 0.0361499 0.0092552 0.0361499 0.0047960 0.0047960 0.0550521 0.0047960 0.0023952 0.2421667 0.0442255 
261935_Kenai_River             0.0047960 0.0047960 0.0000000 0.0072106 0.0414211 0.0280244 0.0414211 0.0000010 0.0096151 0.0604555 0.0096151 0.0072027 0.2495924 0.0495586 
353220_Fish_Creek              0.0023978 0.0023978 0.0072106 0.0000000 0.0388284 0.0092552 0.0388284 0.0072106 0.0072106 0.0578199 0.0072106 0.0048013 0.2462568 0.0469440 
353379_Skagit_River            0.0361499 0.0361499 0.0414211 0.0388284 0.0000000 0.1304545 0.0000010 0.0414211 0.0414211 0.0550521 0.0414211 0.0387824 0.2730686 0.0495586 
353381_Dungeness_River         0.0092552 0.0092552 0.0280244 0.0092552 0.1304545 0.0000000 0.1304545 0.0280244 0.0280244 0.2007866 0.0280244 0.0185961 1.3278746 0.1543040 
353401_Peace_River             0.0361499 0.0361499 0.0414211 0.0388284 0.0000010 0.1304545 0.0000000 0.0414211 0.0414211 0.0550521 0.0414211 0.0387824 0.2730686 0.0495586 
353407_Noatok                  0.0047960 0.0047960 0.0000010 0.0072106 0.0414211 0.0280244 0.0414211 0.0000000 0.0096151 0.0604555 0.0096151 0.0072027 0.2495924 0.0495586 
353410_Horizon_Lake            0.0047960 0.0047960 0.0096151 0.0072106 0.0414211 0.0280244 0.0414211 0.0096151 0.0000000 0.0604555 0.0047960 0.0023952 0.2495924 0.0495586 
GCA016432855_Lake_Trout        0.0550521 0.0550521 0.0604555 0.0578199 0.0550521 0.2007866 0.0550521 0.0604555 0.0604555 0.0000000 0.0604555 0.0577502 0.2743804 0.0256282 
GCA036784925_Maine_S_alpinus   0.0047960 0.0047960 0.0096151 0.0072106 0.0414211 0.0280244 0.0414211 0.0096151 0.0047960 0.0604555 0.0000000 0.0023952 0.2495924 0.0495586 
GCA045679555_Iceland_A_alpinus 0.0023952 0.0023952 0.0072027 0.0048013 0.0387824 0.0185961 0.0387824 0.0072027 0.0023952 0.0577502 0.0023952 0.0000000 0.2458729 0.0468886 
GCF013265735_Rainbow_Trout     0.2421667 0.2421667 0.2495924 0.2462568 0.2730686 1.3278746 0.2730686 0.2495924 0.2495924 0.2743804 0.2495924 0.2458729 0.0000000 0.2620734 
GCF029448725_Brook_Trout       0.0442255 0.0442255 0.0495586 0.0469440 0.0495586 0.1543040 0.0495586 0.0495586 0.0495586 0.0256282 0.0495586 0.0468886 0.2620734 0.0000000 
