15
251140_Ward_Creek            0.0000000 0.0000010 0.0058808 0.0031581 0.0063299 0.0737262 0.0063299 0.0057786 0.0031581 0.0619032 0.0095206 0.0047410 0.0539389 0.0127213 0.0402297 
260512_Pybus_Point           0.0000010 0.0000000 0.0058808 0.0031581 0.0063299 0.0737262 0.0063299 0.0057786 0.0031581 0.0619032 0.0095206 0.0047410 0.0539389 0.0127213 0.0402297 
261935_Kenai_River           0.0058808 0.0058808 0.0000000 0.0058808 0.0098276 0.1293625 0.0098276 0.0000010 0.0058808 0.0812084 0.0118128 0.0078488 0.0589565 0.0177978 0.0491739 
353246_Cottonwood_Creek      0.0031581 0.0031581 0.0058808 0.0000000 0.0063299 0.0803019 0.0063299 0.0057786 0.0000010 0.0595773 0.0095206 0.0015761 0.0539389 0.0127213 0.0402297 
353379_Skagit_River          0.0063299 0.0063299 0.0098276 0.0063299 0.0000000 0.0835260 0.0000010 0.0096568 0.0063299 0.0572605 0.0031581 0.0079186 0.0471600 0.0063299 0.0345793 
353381_Dungeness_River       0.0737262 0.0737262 0.1293625 0.0803019 0.0835260 0.0000000 0.0835260 0.1238084 0.0803019 0.3592261 0.0902041 0.0835260 0.1522444 0.0935702 0.1894281 
353401_Peace_River           0.0063299 0.0063299 0.0098276 0.0063299 0.0000010 0.0835260 0.0000000 0.0096568 0.0063299 0.0572605 0.0031581 0.0079186 0.0471600 0.0063299 0.0345793 
353407_Noatok                0.0057786 0.0057786 0.0000010 0.0057786 0.0096568 0.1238084 0.0096568 0.0000000 0.0057786 0.0857779 0.0116075 0.0077119 0.0662504 0.0174865 0.0531581 
353410_Horizon_Lake          0.0031581 0.0031581 0.0058808 0.0000010 0.0063299 0.0803019 0.0063299 0.0057786 0.0000000 0.0595773 0.0095206 0.0015761 0.0539389 0.0127213 0.0402297 
92319_Little_Lost            0.0619032 0.0619032 0.0812084 0.0595773 0.0572605 0.3592261 0.0572605 0.0857779 0.0595773 0.0000000 0.0619032 0.0618545 0.0829199 0.0618059 0.0149671 
GCA016432855_Lake_Trout      0.0095206 0.0095206 0.0118128 0.0095206 0.0031581 0.0902041 0.0031581 0.0116075 0.0095206 0.0619032 0.0000000 0.0111161 0.0454220 0.0078073 0.0383402 
GCA036784925_Maine_S_alpinus 0.0047410 0.0047410 0.0078488 0.0015761 0.0079186 0.0835260 0.0079186 0.0077119 0.0015761 0.0618545 0.0111161 0.0000000 0.0556200 0.0143237 0.0420977 
GCF013265735_Rainbow_Trout   0.0539389 0.0539389 0.0589565 0.0539389 0.0471600 0.1522444 0.0471600 0.0662504 0.0539389 0.0829199 0.0454220 0.0556200 0.0000000 0.0502802 0.0553834 
GCF029448725_Brook_Trout     0.0127213 0.0127213 0.0177978 0.0127213 0.0063299 0.0935702 0.0063299 0.0174865 0.0127213 0.0618059 0.0078073 0.0143237 0.0502802 0.0000000 0.0420977 
Methow_River_99895           0.0402297 0.0402297 0.0491739 0.0402297 0.0345793 0.1894281 0.0345793 0.0531581 0.0402297 0.0149671 0.0383402 0.0420977 0.0553834 0.0420977 0.0000000 
