19
251140_Ward_Creek              0.0000000 0.2025419 0.0823862 0.0000010 0.0007392 0.0640419 0.0337809 0.1095755 0.0418194 0.0872402 0.0576459 0.0668268 0.0407013 0.0616742 0.0576459 0.0629454 0.1716279 0.0429367 0.0407013 
260512_Pybus_Point             0.2025419 0.0000000 0.2733045 0.2025419 0.2025419 0.2151427 0.2507527 0.5276675 0.2677424 0.2815197 0.2075345 0.3815622 0.2654638 0.2071679 0.2099811 0.2187465 0.5034038 0.2679733 0.2654638 
261935_Kenai_River             0.0823862 0.2733045 0.0000000 0.0823862 0.0839992 0.1188354 0.0651958 0.0207672 0.0556983 0.0042034 0.0250212 0.0395650 0.0544231 0.0267201 0.0252398 0.0297151 0.3135171 0.0582378 0.0544231 
353213_Cropley_Lake            0.0000010 0.2025419 0.0823862 0.0000000 0.0007392 0.0640419 0.0337809 0.1095755 0.0418194 0.0872402 0.0576459 0.0668268 0.0407013 0.0616742 0.0576459 0.0629454 0.1716279 0.0429367 0.0407013 
353220_Fish_Creek              0.0007392 0.2025419 0.0839992 0.0007392 0.0000000 0.0652674 0.0348454 0.1121279 0.0429454 0.0888864 0.0589190 0.0683414 0.0418194 0.0629731 0.0589190 0.0642516 0.1733006 0.0440715 0.0418194 
353246_Cottonwood_Creek        0.0640419 0.2151427 0.1188354 0.0640419 0.0652674 0.0000000 0.1382672 0.2005903 0.1278932 0.1188194 0.0837255 0.1745537 0.1264336 0.0910095 0.0844474 0.0897767 0.2985141 0.1294257 0.1264336 
353379_Skagit_River            0.0337809 0.2507527 0.0651958 0.0337809 0.0348454 0.1382672 0.0000000 0.0851105 0.0067391 0.0679010 0.0477744 0.0192960 0.0059709 0.0416448 0.0470278 0.0516336 0.1837085 0.0269972 0.0059709 
353381_Dungeness_River         0.1095755 0.5276675 0.0207672 0.1095755 0.1121279 0.2005903 0.0851105 0.0000000 0.1033651 0.0222534 0.0452747 0.0800168 0.1011233 0.0527254 0.0452747 0.0472054 0.3435667 0.1079216 0.1011233 
353401_Peace_River             0.0418194 0.2677424 0.0556983 0.0418194 0.0429454 0.1278932 0.0067391 0.1033651 0.0000000 0.0582781 0.0399947 0.0124088 0.0007230 0.0342440 0.0392318 0.0436200 0.1958994 0.0206109 0.0007230 
353407_Noatok                  0.0872402 0.2815197 0.0042034 0.0872402 0.0888864 0.1188194 0.0679010 0.0222534 0.0582781 0.0000000 0.0250207 0.0419739 0.0569844 0.0288459 0.0252393 0.0297141 0.3177338 0.0608583 0.0569844 
353410_Horizon_Lake            0.0576459 0.2075345 0.0250212 0.0576459 0.0589190 0.0837255 0.0477744 0.0452747 0.0399947 0.0250207 0.0000000 0.0641648 0.0389529 0.0137253 0.0015082 0.0046077 0.2347459 0.0420529 0.0389529 
92319_Little_Lost              0.0668268 0.3815622 0.0395650 0.0668268 0.0683414 0.1745537 0.0192960 0.0800168 0.0124088 0.0419739 0.0641648 0.0000000 0.0114791 0.0562232 0.0633567 0.0677547 0.2590033 0.0373302 0.0114791 
94280_St_Joe                   0.0407013 0.2654638 0.0544231 0.0407013 0.0418194 0.1264336 0.0059709 0.1011233 0.0007230 0.0569844 0.0389529 0.0114791 0.0000000 0.0332530 0.0381882 0.0425464 0.1942316 0.0197515 0.0000010 
GCA016432855_Lake_Trout        0.0616742 0.2071679 0.0267201 0.0616742 0.0629731 0.0910095 0.0416448 0.0527254 0.0342440 0.0288459 0.0137253 0.0562232 0.0332530 0.0000000 0.0138267 0.0173951 0.2354924 0.0301992 0.0332530 
GCA036784925_Maine_S_alpinus   0.0576459 0.2099811 0.0252398 0.0576459 0.0589190 0.0844474 0.0470278 0.0452747 0.0392318 0.0252393 0.0015082 0.0633567 0.0381882 0.0138267 0.0000000 0.0030515 0.2352050 0.0423968 0.0381882 
GCA045679555_Iceland_A_alpinus 0.0629454 0.2187465 0.0297151 0.0629454 0.0642516 0.0897767 0.0516336 0.0472054 0.0436200 0.0297141 0.0046077 0.0677547 0.0425464 0.0173951 0.0030515 0.0000000 0.2424619 0.0446905 0.0425464 
GCF013265735_Rainbow_Trout     0.1716279 0.5034038 0.3135171 0.1716279 0.1733006 0.2985141 0.1837085 0.3435667 0.1958994 0.3177338 0.2347459 0.2590033 0.1942316 0.2354924 0.2352050 0.2424619 0.0000000 0.1959782 0.1942316 
GCF029448725_Brook_Trout       0.0429367 0.2679733 0.0582378 0.0429367 0.0440715 0.1294257 0.0269972 0.1079216 0.0206109 0.0608583 0.0420529 0.0373302 0.0197515 0.0301992 0.0423968 0.0446905 0.1959782 0.0000000 0.0197515 
Methow_River_99895             0.0407013 0.2654638 0.0544231 0.0407013 0.0418194 0.1264336 0.0059709 0.1011233 0.0007230 0.0569844 0.0389529 0.0114791 0.0000010 0.0332530 0.0381882 0.0425464 0.1942316 0.0197515 0.0000000 
