14
251140_Ward_Creek          0.0000000 0.2274812 0.4999089 0.4999089 0.4999089 0.2274812 1.0435214 0.0000010 1.0435214 0.2274812 0.0000010 0.2274812 2.3315103 0.8333771 
260512_Pybus_Point         0.2274812 0.0000000 0.2274812 0.2274812 0.2274812 0.4999089 0.8743058 0.8428800 0.8743058 0.4999089 0.2274812 0.0000010 2.9101241 0.3028387 
261935_Kenai_River         0.4999089 0.2274812 0.0000000 0.4999089 0.4999089 0.7547239 1.0435214 1.2066928 1.0435214 0.2274812 0.4999089 0.2274812 2.3315103 0.8333771 
353213_Cropley_Lake        0.4999089 0.2274812 0.4999089 0.0000000 0.0000010 0.2274812 1.0435214 1.2066928 1.0435214 0.7547239 0.4999089 0.2274812 2.3315103 0.8333771 
353219_Peterson_Creek      0.4999089 0.2274812 0.4999089 0.0000010 0.0000000 0.2274812 1.0435214 1.2066928 1.0435214 0.7547239 0.4999089 0.2274812 2.3315103 0.8333771 
353246_Cottonwood_Creek    0.2274812 0.4999089 0.7547239 0.2274812 0.2274812 0.0000000 1.1516367 0.8428800 1.1516367 0.4999089 0.2274812 0.4999089 2.0997011 1.2405115 
353379_Skagit_River        1.0435214 0.8743058 1.0435214 1.0435214 1.0435214 1.1516367 0.0000000 1.5133272 0.0000010 1.1516367 1.0435214 0.8743058 2.0891053 0.8743058 
353381_Dungeness_River     0.0000010 0.8428800 1.2066928 1.2066928 1.2066928 0.8428800 1.5133272 0.0000000 1.5133272 0.8428800 0.0000010 0.8428800 2.1280518 4.1272983 
353401_Peace_River         1.0435214 0.8743058 1.0435214 1.0435214 1.0435214 1.1516367 0.0000010 1.5133272 0.0000000 1.1516367 1.0435214 0.8743058 2.0891053 0.8743058 
353407_Noatok              0.2274812 0.4999089 0.2274812 0.7547239 0.7547239 0.4999089 1.1516367 0.8428800 1.1516367 0.0000000 0.2274812 0.4999089 2.0997011 1.2405115 
353410_Horizon_Lake        0.0000010 0.2274812 0.4999089 0.4999089 0.4999089 0.2274812 1.0435214 0.0000010 1.0435214 0.2274812 0.0000000 0.2274812 2.3315103 0.8333771 
GCA016432855_Lake_Trout    0.2274812 0.0000010 0.2274812 0.2274812 0.2274812 0.4999089 0.8743058 0.8428800 0.8743058 0.4999089 0.2274812 0.0000000 2.9101241 0.3028387 
GCF013265735_Rainbow_Trout 2.3315103 2.9101241 2.3315103 2.3315103 2.3315103 2.0997011 2.0891053 2.1280518 2.0891053 2.0997011 2.3315103 2.9101241 0.0000000 7.0364284 
GCF029448725_Brook_Trout   0.8333771 0.3028387 0.8333771 0.8333771 0.8333771 1.2405115 0.8743058 4.1272983 0.8743058 1.2405115 0.8333771 0.3028387 7.0364284 0.0000000 
