14
251140_Ward_Creek            0.0000000 0.0031906 0.0031906 0.0000010 0.0096074 0.0047980 0.0063931 0.0064071 0.0070215 0.0096074 0.0128621 0.0064071 0.0741302 0.0292788 
260512_Pybus_Point           0.0031906 0.0000000 0.0000010 0.0031906 0.0063931 0.0000010 0.0031906 0.0031976 0.0070215 0.0063931 0.0096286 0.0031976 0.0704545 0.0259764 
261935_Kenai_River           0.0031906 0.0000010 0.0000000 0.0031906 0.0063931 0.0000010 0.0031906 0.0031976 0.0070215 0.0063931 0.0096286 0.0031976 0.0704545 0.0259764 
353219_Peterson_Creek        0.0000010 0.0031906 0.0031906 0.0000000 0.0096074 0.0047980 0.0063931 0.0064071 0.0070215 0.0096074 0.0128621 0.0064071 0.0741302 0.0292788 
353379_Skagit_River          0.0096074 0.0063931 0.0063931 0.0096074 0.0000000 0.0096228 0.0031906 0.0096286 0.0070215 0.0000010 0.0161077 0.0096286 0.0778210 0.0325938 
353381_Dungeness_River       0.0047980 0.0000010 0.0000010 0.0047980 0.0096228 0.0000000 0.0047980 0.0048139 0.0267241 0.0096228 0.0145229 0.0048139 0.1059033 0.0342723 
353401_Peace_River           0.0063931 0.0031906 0.0031906 0.0063931 0.0031906 0.0047980 0.0000000 0.0064071 0.0000010 0.0031906 0.0128621 0.0064071 0.0741302 0.0292788 
353407_Noatok                0.0064071 0.0031976 0.0031976 0.0064071 0.0096286 0.0048139 0.0064071 0.0000000 0.0141693 0.0096286 0.0128907 0.0064213 0.0743144 0.0293449 
92319_Little_Lost            0.0070215 0.0070215 0.0070215 0.0070215 0.0070215 0.0267241 0.0000010 0.0141693 0.0000000 0.0070215 0.0212375 0.0141693 0.1381313 0.0506377 
94280_St_Joe                 0.0096074 0.0063931 0.0063931 0.0096074 0.0000010 0.0096228 0.0031906 0.0096286 0.0070215 0.0000000 0.0161077 0.0096286 0.0778210 0.0325938 
GCA016432855_Lake_Trout      0.0128621 0.0096286 0.0096286 0.0128621 0.0161077 0.0145229 0.0128621 0.0128907 0.0212375 0.0161077 0.0000000 0.0128907 0.0780149 0.0293449 
GCA036784925_Maine_S_alpinus 0.0064071 0.0031976 0.0031976 0.0064071 0.0096286 0.0048139 0.0064071 0.0064213 0.0141693 0.0096286 0.0128907 0.0000000 0.0743144 0.0293449 
GCF013265735_Rainbow_Trout   0.0741302 0.0704545 0.0704545 0.0741302 0.0778210 0.1059033 0.0741302 0.0743144 0.1381313 0.0778210 0.0780149 0.0743144 0.0000000 0.1008039 
GCF029448725_Brook_Trout     0.0292788 0.0259764 0.0259764 0.0292788 0.0325938 0.0342723 0.0292788 0.0293449 0.0506377 0.0325938 0.0293449 0.0293449 0.1008039 0.0000000 
