16
251140_Ward_Creek            0.0000000 0.6526119 0.6900959 0.0000010 0.0245371 0.6900959 0.0499830 0.0244451 0.0080729 0.0499830 0.0328566 0.0162177 0.0080729 0.1779413 0.0500171 0.0245371 
260512_Pybus_Point           0.6526119 0.0000000 0.0189806 0.6526119 0.7874288 0.0189806 0.9414204 0.7735827 0.6900959 0.9414204 0.8284366 0.7289850 0.6900959 1.9456696 0.9505410 0.7874288 
261935_Kenai_River           0.6900959 0.0189806 0.0000000 0.6900959 0.7462633 0.0000010 0.8964286 0.7334728 0.6519716 0.8964286 0.7866033 0.6900959 0.6519716 1.8946585 0.9047537 0.7462633 
353213_Cropley_Lake          0.0000010 0.6526119 0.6900959 0.0000000 0.0245371 0.6900959 0.0499830 0.0244451 0.0080729 0.0499830 0.0328566 0.0162177 0.0080729 0.1779413 0.0500171 0.0245371 
353379_Skagit_River          0.0245371 0.7874288 0.7462633 0.0245371 0.0000000 0.7462633 0.0245283 0.0162946 0.0162847 0.0245283 0.0080643 0.0245371 0.0162847 0.1892872 0.0588792 0.0000010 
353381_Dungeness_River       0.6900959 0.0189806 0.0000010 0.6900959 0.7462633 0.0000000 0.8964286 0.7334728 0.6519716 0.8964286 0.7866033 0.6900959 0.6519716 1.8946585 0.9047537 0.7462633 
353401_Peace_River           0.0499830 0.9414204 0.8964286 0.0499830 0.0245283 0.8964286 0.0000000 0.0414896 0.0414620 0.0000010 0.0162787 0.0499830 0.0414620 0.2225148 0.0857328 0.0245283 
353407_Noatok                0.0244451 0.7735827 0.7334728 0.0244451 0.0162946 0.7334728 0.0414896 0.0000000 0.0162240 0.0414896 0.0245469 0.0244451 0.0162240 0.1884317 0.0586503 0.0162946 
353410_Horizon_Lake          0.0080729 0.6900959 0.6519716 0.0080729 0.0162847 0.6519716 0.0414620 0.0162240 0.0000000 0.0414620 0.0245315 0.0080729 0.0000010 0.1676991 0.0414896 0.0162847 
92319_Little_Lost            0.0499830 0.9414204 0.8964286 0.0499830 0.0245283 0.8964286 0.0000010 0.0414896 0.0414620 0.0000000 0.0162787 0.0499830 0.0414620 0.2225148 0.0857328 0.0245283 
94280_St_Joe                 0.0328566 0.8284366 0.7866033 0.0328566 0.0080643 0.7866033 0.0162787 0.0245469 0.0245315 0.0162787 0.0000000 0.0328566 0.0245315 0.1997517 0.0675905 0.0080643 
GCA016432855_Lake_Trout      0.0162177 0.7289850 0.6900959 0.0162177 0.0245371 0.6900959 0.0499830 0.0244451 0.0080729 0.0499830 0.0328566 0.0000000 0.0080729 0.1779413 0.0330475 0.0245371 
GCA036784925_Maine_S_alpinus 0.0080729 0.6900959 0.6519716 0.0080729 0.0162847 0.6519716 0.0414620 0.0162240 0.0000010 0.0414620 0.0245315 0.0080729 0.0000000 0.1676991 0.0414896 0.0162847 
GCF013265735_Rainbow_Trout   0.1779413 1.9456696 1.8946585 0.1779413 0.1892872 1.8946585 0.2225148 0.1884317 0.1676991 0.2225148 0.1997517 0.1779413 0.1676991 0.0000000 0.2227708 0.1892872 
GCF029448725_Brook_Trout     0.0500171 0.9505410 0.9047537 0.0500171 0.0588792 0.9047537 0.0857328 0.0586503 0.0414896 0.0857328 0.0675905 0.0330475 0.0414896 0.2227708 0.0000000 0.0588792 
Methow_River_99895           0.0245371 0.7874288 0.7462633 0.0245371 0.0000010 0.7462633 0.0245283 0.0162946 0.0162847 0.0245283 0.0080643 0.0245371 0.0162847 0.1892872 0.0588792 0.0000000 
