11
251140_Ward_Creek          0.0000000 0.0339927 0.0339927 0.0710919 0.0000010 0.1484268 0.1061870 0.1061870 0.1896942 1.5544726 0.2779667 
260512_Pybus_Point         0.0339927 0.0000000 0.0000010 0.0348152 0.0339927 0.1896942 0.1445645 0.1445645 0.2328386 1.4520968 0.3251797 
261935_Kenai_River         0.0339927 0.0000010 0.0000000 0.0348152 0.0339927 0.1896942 0.1445645 0.1445645 0.2328386 1.4520968 0.3251797 
353213_Cropley_Lake        0.0710919 0.0348152 0.0348152 0.0000000 0.0710919 0.2397577 0.1896942 0.1896942 0.2865673 1.6987141 0.3871750 
353220_Fish_Creek          0.0000010 0.0339927 0.0339927 0.0710919 0.0000000 0.1484268 0.1061870 0.1061870 0.1896942 1.5544726 0.2779667 
353379_Skagit_River        0.1484268 0.1896942 0.1896942 0.2397577 0.1484268 0.0000000 0.0348152 0.0348152 0.2865673 1.8960309 0.3871750 
353401_Peace_River         0.1061870 0.1445645 0.1445645 0.1896942 0.1061870 0.0348152 0.0000000 0.0000010 0.2328386 1.6511109 0.3251797 
92319_Little_Lost          0.1061870 0.1445645 0.1445645 0.1896942 0.1061870 0.0348152 0.0000010 0.0000000 0.2328386 1.6511109 0.3251797 
GCA016432855_Lake_Trout    0.1896942 0.2328386 0.2328386 0.2865673 0.1896942 0.2865673 0.2328386 0.2328386 0.0000000 1.3425075 0.0693596 
GCF013265735_Rainbow_Trout 1.5544726 1.4520968 1.4520968 1.6987141 1.5544726 1.8960309 1.6511109 1.6511109 1.3425075 0.0000000 1.5285639 
GCF029448725_Brook_Trout   0.2779667 0.3251797 0.3251797 0.3871750 0.2779667 0.3871750 0.3251797 0.3251797 0.0693596 1.5285639 0.0000000 
