12
251140_Ward_Creek          0.0000000 0.0018570 0.0018587 0.0018570 0.0000010 3.2043110 0.0055916 0.0018587 0.0055916 0.0074556 0.0341863 0.0131081 
260512_Pybus_Point         0.0018570 0.0000000 0.0037209 0.0000010 0.0018570 3.2461147 0.0074625 0.0037209 0.0074625 0.0093282 0.0361210 0.0149947 
261935_Kenai_River         0.0018587 0.0037209 0.0000000 0.0037209 0.0018587 3.1040199 0.0074693 0.0000010 0.0074693 0.0093368 0.0361551 0.0150086 
353213_Cropley_Lake        0.0018570 0.0000010 0.0037209 0.0000000 0.0018570 3.2461147 0.0074625 0.0037209 0.0074625 0.0093282 0.0361210 0.0149947 
353219_Peterson_Creek      0.0000010 0.0018570 0.0018587 0.0018570 0.0000000 3.2043110 0.0055916 0.0018587 0.0055916 0.0074556 0.0341863 0.0131081 
353379_Skagit_River        3.2043110 3.2461147 3.1040199 3.2461147 3.2043110 0.0000000 3.3152678 3.1040199 3.3152678 3.3579281 3.0726644 3.3579281 
353401_Peace_River         0.0055916 0.0074625 0.0074693 0.0074625 0.0055916 3.3152678 0.0000000 0.0074693 0.0000010 0.0093454 0.0361882 0.0150225 
353407_Noatok              0.0018587 0.0037209 0.0000010 0.0037209 0.0018587 3.1040199 0.0074693 0.0000000 0.0074693 0.0093368 0.0361551 0.0150086 
92319_Little_Lost          0.0055916 0.0074625 0.0074693 0.0074625 0.0055916 3.3152678 0.0000010 0.0074693 0.0000000 0.0093454 0.0361882 0.0150225 
GCA016432855_Lake_Trout    0.0074556 0.0093282 0.0093368 0.0093282 0.0074556 3.3579281 0.0093454 0.0093368 0.0093454 0.0000000 0.0380945 0.0169006 
GCF013265735_Rainbow_Trout 0.0341863 0.0361210 0.0361551 0.0361210 0.0341863 3.0726644 0.0361882 0.0361551 0.0361882 0.0380945 0.0000000 0.0440190 
GCF029448725_Brook_Trout   0.0131081 0.0149947 0.0150086 0.0149947 0.0131081 3.3579281 0.0150225 0.0150086 0.0150225 0.0169006 0.0440190 0.0000000 
