14
251140_Ward_Creek              0.0000000 0.0078904 0.0000010 0.0078904 0.0039520 0.0425636 0.0039288 0.0039288 0.0039288 0.0118837 0.0119082 0.0079066 0.1867605 0.0322128 
260512_Pybus_Point             0.0078904 0.0000000 0.0078904 0.0000010 0.0119309 0.0652822 0.0118592 0.0118592 0.0118592 0.0199271 0.0199686 0.0159096 0.1970550 0.0405173 
261935_Kenai_River             0.0000010 0.0078904 0.0000000 0.0078904 0.0039520 0.0425636 0.0039288 0.0039288 0.0039288 0.0118837 0.0119082 0.0079066 0.1867605 0.0322128 
353213_Cropley_Lake            0.0078904 0.0000010 0.0078904 0.0000000 0.0119309 0.0652822 0.0118592 0.0118592 0.0118592 0.0199271 0.0199686 0.0159096 0.1970550 0.0405173 
353379_Skagit_River            0.0039520 0.0119309 0.0039520 0.0119309 0.0000000 0.0652822 0.0079217 0.0079217 0.0079217 0.0119309 0.0160064 0.0119557 0.1875973 0.0323430 
353381_Dungeness_River         0.0425636 0.0652822 0.0425636 0.0652822 0.0652822 0.0000000 0.0645446 0.0210544 0.0645446 0.0880265 0.1139864 0.0890604 1.7253137 0.1891783 
353401_Peace_River             0.0039288 0.0118592 0.0039288 0.0118592 0.0079217 0.0645446 0.0000000 0.0078743 0.0000010 0.0158767 0.0159096 0.0118837 0.1916584 0.0363137 
353407_Noatok                  0.0039288 0.0118592 0.0039288 0.0118592 0.0079217 0.0210544 0.0078743 0.0000000 0.0078743 0.0158767 0.0159096 0.0118837 0.1916584 0.0363137 
94280_St_Joe                   0.0039288 0.0118592 0.0039288 0.0118592 0.0079217 0.0645446 0.0000010 0.0078743 0.0000000 0.0158767 0.0159096 0.0118837 0.1916584 0.0363137 
GCA016432855_Lake_Trout        0.0118837 0.0199271 0.0118837 0.0199271 0.0119309 0.0880265 0.0158767 0.0158767 0.0158767 0.0000000 0.0240611 0.0199686 0.1810223 0.0280111 
GCA036784925_Maine_S_alpinus   0.0119082 0.0199686 0.0119082 0.0199686 0.0160064 0.1139864 0.0159096 0.0159096 0.0159096 0.0240611 0.0000000 0.0039368 0.2029987 0.0448518 
GCA045679555_Iceland_A_alpinus 0.0079066 0.0159096 0.0079066 0.0159096 0.0119557 0.0890604 0.0118837 0.0118837 0.0118837 0.0199686 0.0039368 0.0000000 0.1975327 0.0406033 
GCF013265735_Rainbow_Trout     0.1867605 0.1970550 0.1867605 0.1970550 0.1875973 1.7253137 0.1916584 0.1916584 0.1916584 0.1810223 0.2029987 0.1975327 0.0000000 0.2069960 
GCF029448725_Brook_Trout       0.0322128 0.0405173 0.0322128 0.0405173 0.0323430 0.1891783 0.0363137 0.0363137 0.0363137 0.0280111 0.0448518 0.0406033 0.2069960 0.0000000 
