15
251140_Ward_Creek            0.0000000 0.0000010 0.1082738 0.1691672 2.8885575 0.1714443 0.0791697 0.1096544 0.1096235 0.1096235 0.1670381 0.1096544 4.5319219 0.2648014 0.1714443 
260512_Pybus_Point           0.0000010 0.0000000 0.1082738 0.1691672 2.8885575 0.1714443 0.0791697 0.1096544 0.1096235 0.1096235 0.1670381 0.1096544 4.5319219 0.2648014 0.1714443 
353246_Cottonwood_Creek      0.1082738 0.1082738 0.0000000 0.1691672 4.1591384 0.1714443 0.0257157 0.1096544 0.1096235 0.1096235 0.1670381 0.1096544 4.5319219 0.2648014 0.1714443 
353379_Skagit_River          0.1691672 0.1691672 0.1691672 0.0000000 6.2461730 0.1069620 0.1371944 0.1372765 0.0515322 0.0515322 0.1648731 0.1372765 3.9745697 0.2608514 0.1069620 
353381_Dungeness_River       2.8885575 2.8885575 4.1591384 6.2461730 0.0000000 8.9999987 3.2602967 8.9999988 8.9999988 8.9999988 3.3682490 8.9999988 7.0377110 3.7546538 8.9999987 
353401_Peace_River           0.1714443 0.1714443 0.1714443 0.1069620 8.9999987 0.0000000 0.1389326 0.1390170 0.0520949 0.0520949 0.1670173 0.1390170 4.5375313 0.2647782 0.0000010 
353407_Noatok                0.0791697 0.0791697 0.0257157 0.1371944 3.2602967 0.1389326 0.0000000 0.0801260 0.0801030 0.0801030 0.1355657 0.0801260 4.1615177 0.2286963 0.1389326 
353410_Horizon_Lake          0.1096544 0.1096544 0.1096544 0.1372765 8.9999988 0.1390170 0.0801260 0.0000000 0.0801490 0.0801490 0.1693536 0.0000010 5.4110023 0.2690599 0.1390170 
92319_Little_Lost            0.1096235 0.1096235 0.1096235 0.0515322 8.9999988 0.0520949 0.0801030 0.0801490 0.0000000 0.0000010 0.1070566 0.0801490 4.3512595 0.1974583 0.0520949 
94280_St_Joe                 0.1096235 0.1096235 0.1096235 0.0515322 8.9999988 0.0520949 0.0801030 0.0801490 0.0000010 0.0000000 0.1070566 0.0801490 4.3512595 0.1974583 0.0520949 
GCA016432855_Lake_Trout      0.1670381 0.1670381 0.1670381 0.1648731 3.3682490 0.1670173 0.1355657 0.1693536 0.1070566 0.1070566 0.0000000 0.1693536 3.7968807 0.1949836 0.1670173 
GCA036784925_Maine_S_alpinus 0.1096544 0.1096544 0.1096544 0.1372765 8.9999988 0.1390170 0.0801260 0.0000010 0.0801490 0.0801490 0.1693536 0.0000000 5.4110023 0.2690599 0.1390170 
GCF013265735_Rainbow_Trout   4.5319219 4.5319219 4.5319219 3.9745697 7.0377110 4.5375313 4.1615177 5.4110023 4.3512595 4.3512595 3.7968807 5.4110023 0.0000000 3.8272486 4.5375313 
GCF029448725_Brook_Trout     0.2648014 0.2648014 0.2648014 0.2608514 3.7546538 0.2647782 0.2286963 0.2690599 0.1974583 0.1974583 0.1949836 0.2690599 3.8272486 0.0000000 0.2647782 
Methow_River_99895           0.1714443 0.1714443 0.1714443 0.1069620 8.9999987 0.0000010 0.1389326 0.1390170 0.0520949 0.0520949 0.1670173 0.1390170 4.5375313 0.2647782 0.0000000 
