19
251140_Ward_Creek              0.0000000 0.0025806 0.0012890 0.0025806 0.0000010 0.0000010 0.0025831 0.0078830 9.0000000 0.0078830 0.0012890 0.0038938 0.0078830 0.0090990 0.0090990 0.0038783 0.0038939 0.0479229 0.0364355 
260512_Pybus_Point             0.0025806 0.0000000 0.0031519 0.0000010 0.0021195 0.0020991 0.0042091 0.0273201 6.0569212 0.0273201 0.0193108 0.0010524 0.0289867 0.0281610 0.0281655 0.0010490 0.0010524 0.0610888 0.0525849 
261935_Kenai_River             0.0012890 0.0031519 0.0000000 0.0031519 0.0000010 0.0010488 0.0010494 0.0250872 6.0569212 0.0250872 0.0160478 0.0042228 0.0262918 0.0246789 0.0246044 0.0042091 0.0042229 0.0575244 0.0487521 
353213_Cropley_Lake            0.0025806 0.0000010 0.0031519 0.0000000 0.0021195 0.0020991 0.0042091 0.0273201 6.0569212 0.0273201 0.0193108 0.0010524 0.0289867 0.0281610 0.0281655 0.0010490 0.0010524 0.0610888 0.0525849 
353219_Peterson_Creek          0.0000010 0.0021195 0.0000010 0.0021195 0.0000000 0.0000010 0.0010595 0.0242158 6.6175706 0.0242158 0.0162047 0.0031947 0.0251984 0.0250872 0.0250913 0.0031843 0.0030765 0.0569396 0.0478072 
353220_Fish_Creek              0.0000010 0.0020991 0.0010488 0.0020991 0.0000010 0.0000000 0.0021008 0.0250872 6.0569212 0.0250872 0.0171336 0.0031639 0.0262918 0.0259463 0.0259505 0.0031537 0.0031639 0.0587104 0.0502494 
353246_Cottonwood_Creek        0.0025831 0.0042091 0.0010494 0.0042091 0.0010595 0.0021008 0.0000000 0.0239605 6.0794989 0.0239605 0.0171452 0.0042205 0.0249321 0.0237266 0.0237304 0.0042069 0.0042205 0.0563082 0.0478950 
353379_Skagit_River            0.0078830 0.0273201 0.0250872 0.0273201 0.0242158 0.0250872 0.0239605 0.0000000 5.2929036 0.0000010 0.0085400 0.0273964 0.0000010 0.0000010 0.0063890 0.0273045 0.0263549 0.0347749 0.0308143 
353381_Dungeness_River         9.0000000 6.0569212 6.0569212 6.0569212 6.6175706 6.0569212 6.0794989 5.2929036 0.0000000 5.2929036 5.2717351 6.0788603 9.0000000 4.9103713 4.9436286 6.0794989 6.0794989 4.2541061 4.9451040 
353401_Peace_River             0.0078830 0.0273201 0.0250872 0.0273201 0.0242158 0.0250872 0.0239605 0.0000010 5.2929036 0.0000000 0.0085400 0.0273964 0.0000010 0.0000010 0.0063890 0.0273045 0.0263549 0.0347749 0.0308143 
353407_Noatok                  0.0012890 0.0193108 0.0160478 0.0193108 0.0162047 0.0171336 0.0171452 0.0085400 5.2717351 0.0085400 0.0000000 0.0204840 0.0076943 0.0084583 0.0084596 0.0204165 0.0204844 0.0397027 0.0316403 
353410_Horizon_Lake            0.0038938 0.0010524 0.0042228 0.0010524 0.0031947 0.0031639 0.0042205 0.0273964 6.0788603 0.0273964 0.0204840 0.0000000 0.0290844 0.0282389 0.0282434 0.0000010 0.0000010 0.0588011 0.0527352 
92319_Little_Lost              0.0078830 0.0289867 0.0262918 0.0289867 0.0251984 0.0262918 0.0249321 0.0000010 9.0000000 0.0000010 0.0076943 0.0290844 0.0000000 0.0000010 0.0051165 0.0289668 0.0277603 0.0393249 0.0331349 
94280_St_Joe                   0.0090990 0.0281610 0.0246789 0.0281610 0.0250872 0.0259463 0.0237266 0.0000010 4.9103713 0.0000010 0.0084583 0.0282389 0.0000010 0.0000000 0.0062875 0.0281451 0.0282395 0.0351217 0.0314089 
GCA016432855_Lake_Trout        0.0090990 0.0281655 0.0246044 0.0281655 0.0250913 0.0259505 0.0237304 0.0063890 4.9436286 0.0063890 0.0084596 0.0282434 0.0051165 0.0062875 0.0000000 0.0281496 0.0282440 0.0328643 0.0269406 
GCA036784925_Maine_S_alpinus   0.0038783 0.0010490 0.0042091 0.0010490 0.0031843 0.0031537 0.0042069 0.0273045 6.0794989 0.0273045 0.0204165 0.0000010 0.0289668 0.0281451 0.0281496 0.0000000 0.0000010 0.0610526 0.0525541 
GCA045679555_Iceland_A_alpinus 0.0038939 0.0010524 0.0042229 0.0010524 0.0030765 0.0031639 0.0042205 0.0263549 6.0794989 0.0263549 0.0204844 0.0000010 0.0277603 0.0282395 0.0282440 0.0000010 0.0000000 0.0600295 0.0508527 
GCF013265735_Rainbow_Trout     0.0479229 0.0610888 0.0575244 0.0610888 0.0569396 0.0587104 0.0563082 0.0347749 4.2541061 0.0347749 0.0397027 0.0588011 0.0393249 0.0351217 0.0328643 0.0610526 0.0600295 0.0000000 0.0614657 
GCF029448725_Brook_Trout       0.0364355 0.0525849 0.0487521 0.0525849 0.0478072 0.0502494 0.0478950 0.0308143 4.9451040 0.0308143 0.0316403 0.0527352 0.0331349 0.0314089 0.0269406 0.0525541 0.0508527 0.0614657 0.0000000 
