17
251140_Ward_Creek              0.0000000 0.0066244 0.0032941 0.0000010 0.0066244 0.0200080 0.0117707 0.0200080 0.0066127 0.0233825 0.0298691 0.0268166 0.0200080 0.0200080 0.1439100 0.0407237 0.0234245 
260512_Pybus_Point             0.0066244 0.0000000 0.0099533 0.0066244 0.0000010 0.0200080 0.0000010 0.0200080 0.0066127 0.0233825 0.0298691 0.0268166 0.0200080 0.0200080 0.1360567 0.0407237 0.0234245 
261935_Kenai_River             0.0032941 0.0099533 0.0000000 0.0032941 0.0099533 0.0166441 0.0177091 0.0166441 0.0033001 0.0200080 0.0248280 0.0234245 0.0166441 0.0166441 0.1365669 0.0372658 0.0200439 
353213_Cropley_Lake            0.0000010 0.0066244 0.0032941 0.0000000 0.0066244 0.0200080 0.0117707 0.0200080 0.0066127 0.0233825 0.0298691 0.0268166 0.0200080 0.0200080 0.1439100 0.0407237 0.0234245 
353220_Fish_Creek              0.0066244 0.0000010 0.0099533 0.0066244 0.0000000 0.0200080 0.0000010 0.0200080 0.0066127 0.0233825 0.0298691 0.0268166 0.0200080 0.0200080 0.1360567 0.0407237 0.0234245 
353379_Skagit_River            0.0200080 0.0200080 0.0166441 0.0200080 0.0200080 0.0000000 0.0296939 0.0000010 0.0132696 0.0301660 0.0000010 0.0200439 0.0267684 0.0267684 0.1439100 0.0338194 0.0033001 
353381_Dungeness_River         0.0117707 0.0000010 0.0177091 0.0117707 0.0000010 0.0296939 0.0000000 0.0296939 0.0117337 0.0418260 0.0296939 0.0419611 0.0357416 0.0357416 0.7187904 0.0674261 0.0358556 
353401_Peace_River             0.0200080 0.0200080 0.0166441 0.0200080 0.0200080 0.0000010 0.0296939 0.0000000 0.0132696 0.0301660 0.0000010 0.0200439 0.0267684 0.0267684 0.1439100 0.0338194 0.0033001 
353407_Noatok                  0.0066127 0.0066127 0.0033001 0.0066127 0.0066127 0.0132696 0.0117337 0.0132696 0.0000000 0.0166154 0.0197597 0.0200080 0.0132696 0.0132696 0.1287962 0.0337580 0.0166441 
353410_Horizon_Lake            0.0233825 0.0233825 0.0200080 0.0233825 0.0233825 0.0301660 0.0418260 0.0301660 0.0166154 0.0000000 0.0451484 0.0370630 0.0032941 0.0032941 0.1587573 0.0511733 0.0336359 
92319_Little_Lost              0.0298691 0.0298691 0.0248280 0.0298691 0.0298691 0.0000010 0.0296939 0.0000010 0.0197597 0.0451484 0.0000000 0.0299492 0.0400296 0.0400296 0.3408024 0.0508468 0.0049028 
GCA016432855_Lake_Trout        0.0268166 0.0268166 0.0234245 0.0268166 0.0268166 0.0200439 0.0419611 0.0200439 0.0200080 0.0370630 0.0299492 0.0000000 0.0336359 0.0336359 0.1513066 0.0133170 0.0234666 
GCA036784925_Maine_S_alpinus   0.0200080 0.0200080 0.0166441 0.0200080 0.0200080 0.0267684 0.0357416 0.0267684 0.0132696 0.0032941 0.0400296 0.0336359 0.0000000 0.0000010 0.1587573 0.0476782 0.0302204 
GCA045679555_Iceland_A_alpinus 0.0200080 0.0200080 0.0166441 0.0200080 0.0200080 0.0267684 0.0357416 0.0267684 0.0132696 0.0032941 0.0400296 0.0336359 0.0000010 0.0000000 0.1587573 0.0476782 0.0302204 
GCF013265735_Rainbow_Trout     0.1439100 0.1360567 0.1365669 0.1439100 0.1360567 0.1439100 0.7187904 0.1439100 0.1287962 0.1587573 0.3408024 0.1513066 0.1587573 0.1587573 0.0000000 0.1669017 0.1439100 
GCF029448725_Brook_Trout       0.0407237 0.0407237 0.0372658 0.0407237 0.0407237 0.0338194 0.0674261 0.0338194 0.0337580 0.0511733 0.0508468 0.0133170 0.0476782 0.0476782 0.1669017 0.0000000 0.0373338 
Methow_River_99895             0.0234245 0.0234245 0.0200439 0.0234245 0.0234245 0.0033001 0.0358556 0.0033001 0.0166441 0.0336359 0.0049028 0.0234666 0.0302204 0.0302204 0.1439100 0.0373338 0.0000000 
