9
251140_Ward_Creek          0.0000000 0.0000010 0.0176597 0.0176597 0.0176976 0.0176976 0.4458048 0.1766793 0.0543729 
260512_Pybus_Point         0.0000010 0.0000000 0.0176597 0.0176597 0.0176976 0.0176976 0.4458048 0.1766793 0.0543729 
261935_Kenai_River         0.0176597 0.0176597 0.0000000 0.0000010 0.0357607 0.0357607 0.5485266 0.1986961 0.0732737 
353213_Cropley_Lake        0.0176597 0.0176597 0.0000010 0.0000000 0.0357607 0.0357607 0.5485266 0.1986961 0.0732737 
353379_Skagit_River        0.0176976 0.0176976 0.0357607 0.0357607 0.0000000 0.0000010 0.4458048 0.1992633 0.0734457 
353401_Peace_River         0.0176976 0.0176976 0.0357607 0.0357607 0.0000010 0.0000000 0.4458048 0.1992633 0.0734457 
GCA016432855_Lake_Trout    0.4458048 0.4458048 0.5485266 0.5485266 0.4458048 0.4458048 0.0000000 9.0000000 0.8395615 
GCF013265735_Rainbow_Trout 0.1766793 0.1766793 0.1986961 0.1986961 0.1992633 0.1992633 9.0000000 0.0000000 0.1988141 
GCF029448725_Brook_Trout   0.0543729 0.0543729 0.0732737 0.0732737 0.0734457 0.0734457 0.8395615 0.1988141 0.0000000 
