18
251140_Ward_Creek              0.0000000 1.2027443 1.2399904 0.1341676 0.1341676 0.1834185 2.2880996 0.4001909 0.1350222 0.4574143 0.2454239 1.2330582 0.4001909 0.5875005 1.3561886 1.3324666 2.7975871 0.9175003 
260512_Pybus_Point             1.2027443 0.0000000 0.1751191 1.3561886 1.3561886 1.3762378 0.7576408 0.7881357 2.1038688 0.8559809 1.0784119 0.0412332 0.7881357 0.9175003 0.2348849 0.1834185 2.1912346 1.2593710 
261935_Kenai_River             1.2399904 0.1751191 0.0000000 1.4252173 1.4252173 1.4423434 0.4525141 0.8176340 1.9540322 0.8959502 1.2011614 0.2410408 0.8176340 1.3439017 0.4107235 0.3309906 2.7633519 1.6258675 
353213_Cropley_Lake            0.1341676 1.3561886 1.4252173 0.0000000 0.1765598 0.0412332 2.8399555 0.6088800 0.0000010 0.6683443 0.3185901 1.3762378 0.6088800 0.8559809 1.5373097 1.5314411 2.9901997 1.1675780 
353219_Peterson_Creek          0.1341676 1.3561886 1.4252173 0.1765598 0.0000000 0.2254224 2.5923619 0.4851734 0.1218062 0.5474854 0.4499507 1.3762378 0.4851734 0.7149560 1.5244947 1.5161462 2.9901997 1.0784119 
353220_Fish_Creek              0.1834185 1.3762378 1.4423434 0.0412332 0.2254224 0.0000000 2.5923619 0.6683443 0.1218062 0.7250182 0.3829988 1.3933809 0.6683443 0.9175003 1.5423325 1.5373097 2.8899087 1.2027443 
353246_Cottonwood_Creek        2.2880996 0.7576408 0.4525141 2.8399555 2.5923619 2.5923619 0.0000000 2.2045559 2.9498424 2.0024950 2.4819474 0.9289491 2.2045559 2.8399555 1.3840748 1.2957961 3.6978260 2.5126141 
353379_Skagit_River            0.4001909 0.7881357 0.8176340 0.6088800 0.4851734 0.6683443 2.2045559 0.0000000 1.3302996 0.0412332 0.4574143 0.8559809 0.0000010 0.3024821 0.9561843 0.8807176 2.6992820 0.7207590 
353381_Dungeness_River         0.1350222 2.1038688 1.9540322 0.0000010 0.1218062 0.1218062 2.9498424 1.3302996 0.0000000 1.3804181 2.3246021 2.0547508 1.3302996 2.1828956 2.2726466 2.3499704 5.1594830 2.3485333 
353401_Peace_River             0.4574143 0.8559809 0.8959502 0.6683443 0.5474854 0.7250182 2.0024950 0.0412332 1.3804181 0.0000000 0.5146002 0.9175003 0.0412332 0.3618379 1.0219755 0.9561843 2.6214746 0.7824159 
353407_Noatok                  0.2454239 1.0784119 1.2011614 0.3185901 0.4499507 0.3829988 2.4819474 0.4574143 2.3246021 0.5146002 0.0000000 1.1265304 0.4574143 0.7824159 1.3324666 1.3040357 2.7152428 1.0639492 
353410_Horizon_Lake            1.2330582 0.0412332 0.2410408 1.3762378 1.3762378 1.3933809 0.9289491 0.8559809 2.0547508 0.9175003 1.1265304 0.0000000 0.8559809 0.9724387 0.2883969 0.2348849 2.1607051 1.2823726 
92319_Little_Lost              0.4001909 0.7881357 0.8176340 0.6088800 0.4851734 0.6683443 2.2045559 0.0000010 1.3302996 0.0412332 0.4574143 0.8559809 0.0000000 0.3024821 0.9561843 0.8807176 2.6992820 0.7207590 
GCA016432855_Lake_Trout        0.5875005 0.9175003 1.3439017 0.8559809 0.7149560 0.9175003 2.8399555 0.3024821 2.1828956 0.3618379 0.7824159 0.9724387 0.3024821 0.0000000 1.0784119 1.0219755 2.6992820 0.4001909 
GCA036784925_Maine_S_alpinus   1.3561886 0.2348849 0.4107235 1.5373097 1.5244947 1.5423325 1.3840748 0.9561843 2.2726466 1.0219755 1.3324666 0.2883969 0.9561843 1.0784119 0.0000000 0.0412332 2.3137566 1.3933809 
GCA045679555_Iceland_A_alpinus 1.3324666 0.1834185 0.3309906 1.5314411 1.5161462 1.5373097 1.2957961 0.8807176 2.3499704 0.9561843 1.3040357 0.2348849 0.8807176 1.0219755 0.0412332 0.0000000 2.3562426 1.3762378 
GCF013265735_Rainbow_Trout     2.7975871 2.1912346 2.7633519 2.9901997 2.9901997 2.8899087 3.6978260 2.6992820 5.1594830 2.6214746 2.7152428 2.1607051 2.6992820 2.6992820 2.3137566 2.3562426 0.0000000 2.6437236 
GCF029448725_Brook_Trout       0.9175003 1.2593710 1.6258675 1.1675780 1.0784119 1.2027443 2.5126141 0.7207590 2.3485333 0.7824159 1.0639492 1.2823726 0.7207590 0.4001909 1.3933809 1.3762378 2.6437236 0.0000000 
