13
251140_Ward_Creek              0.0000000 0.0000010 0.0317439 0.2808089 0.0570554 0.2808089 0.0317439 0.0402739 0.0481725 0.0402739 0.0402739 0.1343236 0.0409653 
260512_Pybus_Point             0.0000010 0.0000000 0.0317439 0.2808089 0.0570554 0.2808089 0.0317439 0.0402739 0.0481725 0.0402739 0.0402739 0.1343236 0.0409653 
353246_Cottonwood_Creek        0.0317439 0.0317439 0.0000000 0.2808089 0.0911705 0.2808089 0.0000010 0.0402739 0.0481725 0.0402739 0.0402739 0.1343236 0.0409653 
353379_Skagit_River            0.2808089 0.2808089 0.2808089 0.0000000 0.6652059 0.0000010 0.2808089 0.3485659 0.1958665 0.3485659 0.3485659 0.4908123 0.1535258 
353381_Dungeness_River         0.0570554 0.0570554 0.0911705 0.6652059 0.0000000 0.6652059 0.0911705 0.1010346 0.1002635 0.1010346 0.1010346 0.1968627 0.0938611 
353401_Peace_River             0.2808089 0.2808089 0.2808089 0.0000010 0.6652059 0.0000000 0.2808089 0.3485659 0.1958665 0.3485659 0.3485659 0.4908123 0.1535258 
353407_Noatok                  0.0317439 0.0317439 0.0000010 0.2808089 0.0911705 0.2808089 0.0000000 0.0402739 0.0481725 0.0402739 0.0402739 0.1343236 0.0409653 
353410_Horizon_Lake            0.0402739 0.0402739 0.0402739 0.3485659 0.1010346 0.3485659 0.0402739 0.0000000 0.0570554 0.0000010 0.0000010 0.1547542 0.0499200 
GCA016432855_Lake_Trout        0.0481725 0.0481725 0.0481725 0.1958665 0.1002635 0.1958665 0.0481725 0.0570554 0.0000000 0.0570554 0.0570554 0.1158150 0.0080319 
GCA036784925_Maine_S_alpinus   0.0402739 0.0402739 0.0402739 0.3485659 0.1010346 0.3485659 0.0402739 0.0000010 0.0570554 0.0000000 0.0000010 0.1457587 0.0499200 
GCA045679555_Iceland_A_alpinus 0.0402739 0.0402739 0.0402739 0.3485659 0.1010346 0.3485659 0.0402739 0.0000010 0.0570554 0.0000010 0.0000000 0.1457587 0.0499200 
GCF013265735_Rainbow_Trout     0.1343236 0.1343236 0.1343236 0.4908123 0.1968627 0.4908123 0.1343236 0.1547542 0.1158150 0.1457587 0.1457587 0.0000000 0.1064168 
GCF029448725_Brook_Trout       0.0409653 0.0409653 0.0409653 0.1535258 0.0938611 0.1535258 0.0409653 0.0499200 0.0080319 0.0499200 0.0499200 0.1064168 0.0000000 
