8
251140_Ward_Creek          0.0000000 0.0000010 0.3433983 0.3433983 0.3433983 0.3433983 1.3900290 1.3900290 
260512_Pybus_Point         0.0000010 0.0000000 0.3433983 0.3433983 0.3433983 0.3433983 1.3900290 1.3900290 
261935_Kenai_River         0.3433983 0.3433983 0.0000000 0.0000010 1.3900290 1.3900290 2.4408839 2.4408839 
353246_Cottonwood_Creek    0.3433983 0.3433983 0.0000010 0.0000000 1.3900290 1.3900290 2.4408839 2.4408839 
353379_Skagit_River        0.3433983 0.3433983 1.3900290 1.3900290 0.0000000 0.0000010 0.3433983 0.3433983 
353401_Peace_River         0.3433983 0.3433983 1.3900290 1.3900290 0.0000010 0.0000000 0.3433983 0.3433983 
GCF013265735_Rainbow_Trout 1.3900290 1.3900290 2.4408839 2.4408839 0.3433983 0.3433983 0.0000000 1.3900290 
GCF029448725_Brook_Trout   1.3900290 1.3900290 2.4408839 2.4408839 0.3433983 0.3433983 1.3900290 0.0000000 
