14
251140_Ward_Creek              0.0000000 0.0000010 0.0242579 0.0521617 0.0523645 8.9999989 0.0523645 0.0631738 0.0418298 0.0521617 0.0205389 0.0205389 0.4994719 0.1316447 
260512_Pybus_Point             0.0000010 0.0000000 0.0242579 0.0521617 0.0523645 8.9999989 0.0523645 0.0631738 0.0418298 0.0521617 0.0205389 0.0205389 0.4994719 0.1316447 
261935_Kenai_River             0.0242579 0.0242579 0.0000000 0.0362879 0.0491209 8.9999984 0.0491209 0.0362879 0.0242579 0.0488985 0.0367771 0.0367771 0.6045749 0.1426460 
353246_Cottonwood_Creek        0.0521617 0.0521617 0.0362879 0.0000000 0.0416694 8.9999989 0.0416694 0.0101783 0.0743967 0.0629256 0.0743967 0.0743967 0.4821554 0.1434139 
353379_Skagit_River            0.0523645 0.0523645 0.0491209 0.0416694 0.0000000 5.5871487 0.0000010 0.0309698 0.0523645 0.0413523 0.0523645 0.0523645 0.4449877 0.1194916 
353381_Dungeness_River         8.9999989 8.9999989 8.9999984 8.9999989 5.5871487 0.0000000 5.5871487 6.4844104 8.9999989 6.1595790 8.0921619 8.0921619 4.6862209 4.8709209 
353401_Peace_River             0.0523645 0.0523645 0.0491209 0.0416694 0.0000010 5.5871487 0.0000000 0.0309698 0.0523645 0.0413523 0.0523645 0.0523645 0.4449877 0.1194916 
353407_Noatok                  0.0631738 0.0631738 0.0362879 0.0101783 0.0309698 6.4844104 0.0309698 0.0000000 0.0631738 0.0519604 0.0631738 0.0631738 0.4616888 0.1310739 
353410_Horizon_Lake            0.0418298 0.0418298 0.0242579 0.0743967 0.0523645 8.9999989 0.0523645 0.0631738 0.0000000 0.0521617 0.0418298 0.0418298 0.4994719 0.1316447 
GCA016432855_Lake_Trout        0.0521617 0.0521617 0.0488985 0.0629256 0.0413523 6.1595790 0.0413523 0.0519604 0.0521617 0.0000000 0.0521617 0.0521617 0.4094356 0.0963014 
GCA036784925_Maine_S_alpinus   0.0205389 0.0205389 0.0367771 0.0743967 0.0523645 8.0921619 0.0523645 0.0631738 0.0418298 0.0521617 0.0000000 0.0000010 0.4994719 0.1316447 
GCA045679555_Iceland_A_alpinus 0.0205389 0.0205389 0.0367771 0.0743967 0.0523645 8.0921619 0.0523645 0.0631738 0.0418298 0.0521617 0.0000010 0.0000000 0.4994719 0.1316447 
GCF013265735_Rainbow_Trout     0.4994719 0.4994719 0.6045749 0.4821554 0.4449877 4.6862209 0.4449877 0.4616888 0.4994719 0.4094356 0.4994719 0.4994719 0.0000000 0.5756163 
GCF029448725_Brook_Trout       0.1316447 0.1316447 0.1426460 0.1434139 0.1194916 4.8709209 0.1194916 0.1310739 0.1316447 0.0963014 0.1316447 0.1316447 0.5756163 0.0000000 
