14
251140_Ward_Creek              0.0000000 0.0117106 0.0000010 0.0023046 0.0186443 0.0490683 0.0186443 0.0046243 0.0023056 0.0209177 0.0046243 0.0069338 0.0820070 0.0261667 
260512_Pybus_Point             0.0117106 0.0000000 0.0117106 0.0140732 0.0255797 0.0000010 0.0255797 0.0164740 0.0140796 0.0281645 0.0164740 0.0188196 0.0810707 0.0325177 
261935_Kenai_River             0.0000010 0.0117106 0.0000000 0.0023046 0.0186443 0.0490683 0.0186443 0.0046243 0.0023056 0.0209177 0.0046243 0.0069338 0.0820070 0.0261667 
353220_Fish_Creek              0.0023046 0.0140732 0.0023046 0.0000000 0.0210054 0.0592665 0.0210054 0.0069459 0.0046178 0.0235713 0.0069459 0.0092585 0.0848846 0.0288302 
353379_Skagit_River            0.0186443 0.0255797 0.0186443 0.0210054 0.0000000 0.0710718 0.0000010 0.0234169 0.0210149 0.0084478 0.0234169 0.0257490 0.0874295 0.0388456 
353381_Dungeness_River         0.0490683 0.0000010 0.0490683 0.0592665 0.0710718 0.0000000 0.0710718 0.0701705 0.0593909 0.0955011 0.0701705 0.0800727 0.2735809 0.1104131 
353401_Peace_River             0.0186443 0.0255797 0.0186443 0.0210054 0.0000010 0.0710718 0.0000000 0.0234169 0.0210149 0.0084478 0.0234169 0.0257490 0.0874295 0.0388456 
353407_Noatok                  0.0046243 0.0164740 0.0046243 0.0069459 0.0234169 0.0701705 0.0234169 0.0000000 0.0069490 0.0262888 0.0092928 0.0116112 0.0879712 0.0315699 
353410_Horizon_Lake            0.0023056 0.0140796 0.0023056 0.0046178 0.0210149 0.0593909 0.0210149 0.0069490 0.0000000 0.0235835 0.0023056 0.0046092 0.0849362 0.0288453 
GCA016432855_Lake_Trout        0.0209177 0.0281645 0.0209177 0.0235713 0.0084478 0.0955011 0.0084478 0.0262888 0.0235835 0.0000000 0.0262888 0.0289039 0.0874772 0.0343921 
GCA036784925_Maine_S_alpinus   0.0046243 0.0164740 0.0046243 0.0069459 0.0234169 0.0701705 0.0234169 0.0092928 0.0023056 0.0262888 0.0000000 0.0069338 0.0879712 0.0315699 
GCA045679555_Iceland_A_alpinus 0.0069338 0.0188196 0.0069338 0.0092585 0.0257490 0.0800727 0.0257490 0.0116112 0.0046092 0.0289039 0.0069338 0.0000000 0.0906719 0.0341844 
GCF013265735_Rainbow_Trout     0.0820070 0.0810707 0.0820070 0.0848846 0.0874295 0.2735809 0.0874295 0.0879712 0.0849362 0.0874772 0.0879712 0.0906719 0.0000000 0.0873139 
GCF029448725_Brook_Trout       0.0261667 0.0325177 0.0261667 0.0288302 0.0388456 0.1104131 0.0388456 0.0315699 0.0288453 0.0343921 0.0315699 0.0341844 0.0873139 0.0000000 
