16
251140_Ward_Creek              0.0000000 0.0000010 0.0040457 0.0082169 0.0020203 0.0318577 0.1289600 0.0318472 0.0020203 0.0104678 0.0318472 0.0341341 0.0123778 0.0061593 0.3985201 0.0654248 
260512_Pybus_Point             0.0000010 0.0000000 0.0040457 0.0082169 0.0020203 0.0318577 0.1289600 0.0318472 0.0020203 0.0104678 0.0318472 0.0341341 0.0123778 0.0061593 0.3985201 0.0654248 
261935_Kenai_River             0.0040457 0.0040457 0.0000000 0.0082144 0.0016980 0.0318475 0.1076831 0.0318371 0.0016980 0.0104646 0.0318371 0.0384709 0.0123740 0.0061574 0.4025708 0.0699176 
353213_Cropley_Lake            0.0082169 0.0082169 0.0082144 0.0000000 0.0061555 0.0318787 0.1495732 0.0318683 0.0061555 0.0062715 0.0318683 0.0385088 0.0123858 0.0061632 0.4073237 0.0699884 
353246_Cottonwood_Creek        0.0020203 0.0020203 0.0016980 0.0061555 0.0000000 0.0296975 0.1025638 0.0296878 0.0000010 0.0083643 0.0296878 0.0363005 0.0103027 0.0041014 0.4025708 0.0676691 
353379_Skagit_River            0.0318577 0.0318577 0.0318475 0.0318787 0.0296975 0.0000000 0.1761036 0.0041703 0.0296975 0.0296978 0.0041703 0.0275324 0.0362892 0.0297363 0.3911462 0.0584418 
353381_Dungeness_River         0.1289600 0.1289600 0.1076831 0.1495732 0.1025638 0.1761036 0.0000000 0.1759863 0.1025638 0.1537169 0.1759863 0.1773433 0.1590395 0.1453650 2.9317525 0.2460239 
353401_Peace_River             0.0318472 0.0318472 0.0318371 0.0318683 0.0296878 0.0041703 0.1759863 0.0000000 0.0296878 0.0296881 0.0000010 0.0275234 0.0362772 0.0297266 0.3909102 0.0584220 
353407_Noatok                  0.0020203 0.0020203 0.0016980 0.0061555 0.0000010 0.0296975 0.1025638 0.0296878 0.0000000 0.0083643 0.0296878 0.0363005 0.0103027 0.0041014 0.4025708 0.0676691 
353410_Horizon_Lake            0.0104678 0.0104678 0.0104646 0.0062715 0.0083643 0.0296978 0.1537169 0.0296881 0.0083643 0.0000000 0.0296881 0.0363009 0.0147282 0.0083750 0.4110210 0.0676696 
92319_Little_Lost              0.0318472 0.0318472 0.0318371 0.0318683 0.0296878 0.0041703 0.1759863 0.0000010 0.0296878 0.0296881 0.0000000 0.0275234 0.0362772 0.0297266 0.3909102 0.0584220 
GCA016432855_Lake_Trout        0.0341341 0.0341341 0.0384709 0.0385088 0.0363005 0.0275324 0.1773433 0.0275234 0.0363005 0.0363009 0.0275234 0.0000000 0.0429787 0.0363483 0.3977036 0.0564094 
GCA036784925_Maine_S_alpinus   0.0123778 0.0123778 0.0123740 0.0123858 0.0103027 0.0362892 0.1590395 0.0362772 0.0103027 0.0147282 0.0362772 0.0429787 0.0000000 0.0103157 0.4174624 0.0747049 
GCA045679555_Iceland_A_alpinus 0.0061593 0.0061593 0.0061574 0.0061632 0.0041014 0.0297363 0.1453650 0.0297266 0.0041014 0.0083750 0.0297266 0.0363483 0.0103157 0.0000000 0.4034929 0.0677607 
GCF013265735_Rainbow_Trout     0.3985201 0.3985201 0.4025708 0.4073237 0.4025708 0.3911462 2.9317525 0.3909102 0.4025708 0.4110210 0.3909102 0.3977036 0.4174624 0.4034929 0.0000000 0.3612901 
GCF029448725_Brook_Trout       0.0654248 0.0654248 0.0699176 0.0699884 0.0676691 0.0584418 0.2460239 0.0584220 0.0676691 0.0676696 0.0584220 0.0564094 0.0747049 0.0677607 0.3612901 0.0000000 
