10
251140_Ward_Creek          0.0000000 0.0090636 0.0090636 0.0000010 0.4408400 0.0779922 0.0779922 0.0577208 0.0858077 0.0779922 
260512_Pybus_Point         0.0090636 0.0000000 0.0000010 0.0090636 0.3040988 0.0577208 0.0577208 0.0379823 0.0757742 0.0577208 
261935_Kenai_River         0.0090636 0.0000010 0.0000000 0.0090636 0.3040988 0.0577208 0.0577208 0.0379823 0.0757742 0.0577208 
353219_Peterson_Creek      0.0000010 0.0090636 0.0090636 0.0000000 0.4408400 0.0779922 0.0779922 0.0577208 0.0858077 0.0779922 
353379_Skagit_River        0.4408400 0.3040988 0.3040988 0.4408400 0.0000000 0.0000010 0.0000010 0.3040988 1.6479184 0.4408400 
353401_Peace_River         0.0779922 0.0577208 0.0577208 0.0779922 0.0000010 0.0000000 0.0000010 0.0577208 0.1650464 0.0779922 
92319_Little_Lost          0.0779922 0.0577208 0.0577208 0.0779922 0.0000010 0.0000010 0.0000000 0.0577208 0.1650464 0.0779922 
GCA016432855_Lake_Trout    0.0577208 0.0379823 0.0379823 0.0577208 0.3040988 0.0577208 0.0577208 0.0000000 0.1423174 0.0187510 
GCF013265735_Rainbow_Trout 0.0858077 0.0757742 0.0757742 0.0858077 1.6479184 0.1650464 0.1650464 0.1423174 0.0000000 0.1650464 
GCF029448725_Brook_Trout   0.0779922 0.0577208 0.0577208 0.0779922 0.4408400 0.0779922 0.0779922 0.0187510 0.1650464 0.0000000 
