20
251140_Ward_Creek              0.0000000 0.0000010 0.0000010 0.0049738 0.0049738 0.0049738 0.0186086 0.1430856 0.0077558 0.1378802 0.0399116 0.0150110 0.1419013 0.1430856 0.0843321 0.0225075 0.0225075 0.3468044 0.1118531 0.1630896 
260512_Pybus_Point             0.0000010 0.0000000 0.0000010 0.0049738 0.0049738 0.0049738 0.0186086 0.1430856 0.0077558 0.1378802 0.0399116 0.0150110 0.1419013 0.1430856 0.0843321 0.0225075 0.0225075 0.3468044 0.1118531 0.1630896 
261935_Kenai_River             0.0000010 0.0000010 0.0000000 0.0025156 0.0025156 0.0025156 0.0189312 0.1418441 0.0079248 0.1365378 0.0375505 0.0126544 0.1406195 0.1418441 0.0826902 0.0199513 0.0199513 0.3488079 0.1103478 0.1620364 
353213_Cropley_Lake            0.0049738 0.0049738 0.0025156 0.0000000 0.0000010 0.0000010 0.0249205 0.1354074 0.0155967 0.1301305 0.0340722 0.0099723 0.1341026 0.1354074 0.0787614 0.0168141 0.0168141 0.3379620 0.1053414 0.1542201 
353219_Peterson_Creek          0.0049738 0.0049738 0.0025156 0.0000010 0.0000000 0.0000010 0.0249205 0.1354074 0.0155967 0.1301305 0.0340722 0.0099723 0.1341026 0.1354074 0.0787614 0.0168141 0.0168141 0.3379620 0.1053414 0.1542201 
353220_Fish_Creek              0.0049738 0.0049738 0.0025156 0.0000010 0.0000010 0.0000000 0.0218368 0.1354074 0.0155967 0.1301305 0.0340722 0.0099723 0.1341026 0.1354074 0.0787614 0.0168141 0.0199408 0.3098472 0.1053414 0.1542201 
353246_Cottonwood_Creek        0.0186086 0.0186086 0.0189312 0.0249205 0.0249205 0.0218368 0.0000000 0.2064553 0.0452543 0.2003843 0.0348544 0.0312473 0.2003843 0.2064553 0.1201542 0.0380322 0.0389034 0.3664846 0.1634590 0.2485371 
353379_Skagit_River            0.1430856 0.1430856 0.1418441 0.1354074 0.1354074 0.1354074 0.2064553 0.0000000 0.2192797 0.0091499 0.1870332 0.1351936 0.0114612 0.0000010 0.1912541 0.1457060 0.1457060 0.5407196 0.2445365 0.0073569 
353381_Dungeness_River         0.0077558 0.0077558 0.0079248 0.0155967 0.0155967 0.0155967 0.0452543 0.2192797 0.0000000 0.2124082 0.0780190 0.0314895 0.2194188 0.2192797 0.1271143 0.0379541 0.0379541 0.6596591 0.1993517 0.2736820 
353401_Peace_River             0.1378802 0.1378802 0.1365378 0.1301305 0.1301305 0.1301305 0.2003843 0.0091499 0.2124082 0.0000000 0.1814931 0.1299232 0.0022532 0.0090433 0.1865084 0.1396960 0.1396960 0.5405683 0.2446323 0.0048376 
353407_Noatok                  0.0399116 0.0399116 0.0375505 0.0340722 0.0340722 0.0340722 0.0348544 0.1870332 0.0780190 0.1814931 0.0000000 0.0369638 0.1814931 0.1870332 0.1177335 0.0457431 0.0457431 0.3832042 0.1476666 0.2191034 
353410_Horizon_Lake            0.0150110 0.0150110 0.0126544 0.0099723 0.0099723 0.0099723 0.0312473 0.1351936 0.0314895 0.1299232 0.0369638 0.0000000 0.1338876 0.1351936 0.0786715 0.0196437 0.0196437 0.3420485 0.1052006 0.1539391 
92319_Little_Lost              0.1419013 0.1419013 0.1406195 0.1341026 0.1341026 0.1341026 0.2003843 0.0114612 0.2194188 0.0022532 0.1814931 0.1338876 0.0000000 0.0113274 0.1908569 0.1396960 0.1396960 0.5405683 0.2502186 0.0072723 
94280_St_Joe                   0.1430856 0.1430856 0.1418441 0.1354074 0.1354074 0.1354074 0.2064553 0.0000010 0.2192797 0.0090433 0.1870332 0.1351936 0.0113274 0.0000000 0.1912541 0.1457060 0.1457060 0.5407196 0.2445365 0.0072651 
GCA016432855_Lake_Trout        0.0843321 0.0843321 0.0826902 0.0787614 0.0787614 0.0787614 0.1201542 0.1912541 0.1271143 0.1865084 0.1177335 0.0786715 0.1908569 0.1912541 0.0000000 0.0794178 0.0794178 0.2388320 0.0420085 0.2191141 
GCA036784925_Maine_S_alpinus   0.0225075 0.0225075 0.0199513 0.0168141 0.0168141 0.0168141 0.0380322 0.1457060 0.0379541 0.1396960 0.0457431 0.0196437 0.1396960 0.1457060 0.0794178 0.0000000 0.0000010 0.3292185 0.1098438 0.1698765 
GCA045679555_Iceland_A_alpinus 0.0225075 0.0225075 0.0199513 0.0168141 0.0168141 0.0199408 0.0389034 0.1457060 0.0379541 0.1396960 0.0457431 0.0196437 0.1396960 0.1457060 0.0794178 0.0000010 0.0000000 0.3023675 0.1098438 0.1698765 
GCF013265735_Rainbow_Trout     0.3468044 0.3468044 0.3488079 0.3379620 0.3379620 0.3098472 0.3664846 0.5407196 0.6596591 0.5405683 0.3832042 0.3420485 0.5405683 0.5407196 0.2388320 0.3292185 0.3023675 0.0000000 0.2888083 0.6501061 
GCF029448725_Brook_Trout       0.1118531 0.1118531 0.1103478 0.1053414 0.1053414 0.1053414 0.1634590 0.2445365 0.1993517 0.2446323 0.1476666 0.1052006 0.2502186 0.2445365 0.0420085 0.1098438 0.1098438 0.2888083 0.0000000 0.2952359 
Methow_River_99895             0.1630896 0.1630896 0.1620364 0.1542201 0.1542201 0.1542201 0.2485371 0.0073569 0.2736820 0.0048376 0.2191034 0.1539391 0.0072723 0.0072651 0.2191141 0.1698765 0.1698765 0.6501061 0.2952359 0.0000000 
