18
251140_Ward_Creek              0.0000000 0.0019855 0.0000010 0.0039818 0.0022810 0.0719604 0.0000010 0.0776340 0.1836000 0.0624486 0.1484023 0.0742392 0.0799539 0.0998492 0.0975994 0.1710968 0.0841600 0.0754022 
260512_Pybus_Point             0.0019855 0.0000000 0.0019855 0.0059781 0.0045662 0.0741494 0.0020140 0.0798701 0.1905056 0.0645922 0.1532216 0.0764351 0.0821379 0.1021229 0.0998690 0.1735303 0.0863478 0.0776340 
261935_Kenai_River             0.0000010 0.0019855 0.0000000 0.0039818 0.0022810 0.0719604 0.0000010 0.0776340 0.1836000 0.0624486 0.1484023 0.0742392 0.0799539 0.0998492 0.0975994 0.1710968 0.0841600 0.0754022 
353219_Peterson_Creek          0.0039818 0.0059781 0.0039818 0.0000000 0.0068246 0.0671013 0.0040391 0.0726299 0.1768440 0.0577553 0.1436641 0.0693483 0.0755223 0.0946006 0.0923763 0.1660620 0.0792170 0.0704234 
353246_Cottonwood_Creek        0.0022810 0.0045662 0.0022810 0.0068246 0.0000000 0.0776471 0.0023180 0.0842931 0.2858225 0.0642119 0.1949637 0.0802745 0.0873975 0.1126340 0.1100287 0.1945962 0.0915804 0.0817205 
353379_Skagit_River            0.0719604 0.0741494 0.0719604 0.0671013 0.0776471 0.0000000 0.0730640 0.0079422 0.0440191 0.0157560 0.0000010 0.0019514 0.0279546 0.0555868 0.0534873 0.1152749 0.0317573 0.0059513 
353381_Dungeness_River         0.0000010 0.0020140 0.0000010 0.0040391 0.0023180 0.0730640 0.0000000 0.0788476 0.1923319 0.0633902 0.1533346 0.0753802 0.0789588 0.1014215 0.0991350 0.1714268 0.0832249 0.0765788 
353401_Peace_River             0.0776340 0.0798701 0.0776340 0.0726299 0.0842931 0.0079422 0.0788476 0.0000000 0.0578070 0.0200393 0.0160161 0.0099478 0.0325149 0.0607999 0.0586577 0.1264968 0.0363569 0.0019741 
353407_Noatok                  0.1836000 0.1905056 0.1836000 0.1768440 0.2858225 0.0440191 0.1923319 0.0578070 0.0000000 0.0210926 0.0440191 0.0498031 0.0591874 0.1135198 0.1076141 0.3057394 0.0702962 0.0518878 
353410_Horizon_Lake            0.0624486 0.0645922 0.0624486 0.0577553 0.0642119 0.0157560 0.0633902 0.0200393 0.0210926 0.0000000 0.0315134 0.0177613 0.0236414 0.0487276 0.0466621 0.1162846 0.0274191 0.0180189 
92319_Little_Lost              0.1484023 0.1532216 0.1484023 0.1436641 0.1949637 0.0000010 0.1533346 0.0160161 0.0440191 0.0315134 0.0000000 0.0038676 0.0517488 0.0952074 0.0909284 0.2143519 0.0640179 0.0119902 
94280_St_Joe                   0.0742392 0.0764351 0.0742392 0.0693483 0.0802745 0.0019514 0.0753802 0.0099478 0.0498031 0.0177613 0.0038676 0.0000000 0.0300127 0.0577679 0.0556622 0.1176704 0.0338107 0.0079511 
GCA016432855_Lake_Trout        0.0799539 0.0821379 0.0799539 0.0755223 0.0873975 0.0279546 0.0789588 0.0325149 0.0591874 0.0236414 0.0517488 0.0300127 0.0000000 0.0531698 0.0510860 0.1116456 0.0275598 0.0304545 
GCA036784925_Maine_S_alpinus   0.0998492 0.1021229 0.0998492 0.0946006 0.1126340 0.0555868 0.1014215 0.0607999 0.1135198 0.0487276 0.0952074 0.0577679 0.0531698 0.0000000 0.0019315 0.1329981 0.0654975 0.0586468 
GCA045679555_Iceland_A_alpinus 0.0975994 0.0998690 0.0975994 0.0923763 0.1100287 0.0534873 0.0991350 0.0586577 0.1076141 0.0466621 0.0909284 0.0556622 0.0510860 0.0019315 0.0000000 0.1307488 0.0634019 0.0565084 
GCF013265735_Rainbow_Trout     0.1710968 0.1735303 0.1710968 0.1660620 0.1945962 0.1152749 0.1714268 0.1264968 0.3057394 0.1162846 0.2143519 0.1176704 0.1116456 0.1329981 0.1307488 0.0000000 0.1251978 0.1241902 
GCF029448725_Brook_Trout       0.0841600 0.0863478 0.0841600 0.0792170 0.0915804 0.0317573 0.0832249 0.0363569 0.0702962 0.0274191 0.0640179 0.0338107 0.0275598 0.0654975 0.0634019 0.1251978 0.0000000 0.0343055 
Methow_River_99895             0.0754022 0.0776340 0.0754022 0.0704234 0.0817205 0.0059513 0.0765788 0.0019741 0.0518878 0.0180189 0.0119902 0.0079511 0.0304545 0.0586468 0.0565084 0.1241902 0.0343055 0.0000000 
