19
251140_Ward_Creek              0.0000000 0.0000010 0.0127967 0.2511730 0.0031778 0.2570894 0.0164670 0.1436378 0.0000010 0.1396581 0.0143900 0.2577400 0.4161352 0.1396581 0.3917165 0.2690845 0.2618045 0.2524222 0.1512939 
260512_Pybus_Point             0.0000010 0.0000000 0.0127967 0.2511730 0.0031778 0.2570894 0.0164670 0.1436378 0.0000010 0.1396581 0.0143900 0.2577400 0.4161352 0.1396581 0.3917165 0.2690845 0.2618045 0.2524222 0.1512939 
261935_Kenai_River             0.0127967 0.0127967 0.0000000 0.0095878 0.0095878 0.0095878 0.0160560 0.1439822 0.0164923 0.1399918 0.0128183 0.0160497 0.0509489 0.1399918 0.1472991 0.0193012 0.0160497 0.2530813 0.1516585 
353213_Cropley_Lake            0.2511730 0.2511730 0.0095878 0.0000000 0.0000010 0.0094358 0.2542945 0.1399581 0.0764717 0.1359961 0.2513308 0.0115511 0.0315488 0.1359961 0.0978702 0.0133351 0.0114829 0.2482947 0.1475875 
353219_Peterson_Creek          0.0031778 0.0031778 0.0095878 0.0000010 0.0000000 0.0000010 0.0128023 0.1399581 0.0054697 0.1359961 0.0095830 0.0127972 0.0392860 0.1359961 0.1432668 0.0160321 0.0127972 0.2482947 0.1475875 
353220_Fish_Creek              0.2570894 0.2570894 0.0095878 0.0094358 0.0000010 0.0000000 0.2602395 0.1399581 0.0764717 0.1359961 0.2572530 0.0212937 0.0288812 0.1359961 0.0957284 0.0229850 0.0211673 0.2482947 0.1475875 
353246_Cottonwood_Creek        0.0164670 0.0164670 0.0160560 0.2542945 0.0128023 0.2602395 0.0000000 0.1322105 0.0194469 0.1282970 0.0020389 0.2427304 0.3952756 0.1282970 0.3738521 0.2540424 0.2468128 0.2392706 0.1397612 
353379_Skagit_River            0.1436378 0.1436378 0.1439822 0.1399581 0.1399581 0.1399581 0.1322105 0.0000000 0.2376898 0.0026348 0.1284334 0.1321499 0.0805486 0.0026348 0.0322459 0.1359554 0.1321499 0.1020266 0.0350843 
353381_Dungeness_River         0.0000010 0.0000010 0.0164923 0.0764717 0.0054697 0.0764717 0.0194469 0.2376898 0.0000000 0.2298132 0.0145414 0.0872809 0.2931449 0.2298132 0.3298594 0.0927363 0.0872809 0.4394095 0.2518869 
353401_Peace_River             0.1396581 0.1396581 0.1399918 0.1359961 0.1359961 0.1359961 0.1282970 0.0026348 0.2298132 0.0000000 0.1245414 0.1282386 0.0743818 0.0000010 0.0294821 0.1320217 0.1282386 0.0989190 0.0323012 
353407_Noatok                  0.0143900 0.0143900 0.0128183 0.2513308 0.0095830 0.2572530 0.0020389 0.1284334 0.0145414 0.1245414 0.0000000 0.2397768 0.3902054 0.1245414 0.3703307 0.2510819 0.2438618 0.2349110 0.1359488 
353410_Horizon_Lake            0.2577400 0.2577400 0.0160497 0.0115511 0.0127972 0.0212937 0.2427304 0.1321499 0.0872809 0.1282386 0.2397768 0.0000000 0.0234965 0.1282386 0.0896833 0.0019119 0.0000010 0.2391444 0.1396966 
92319_Little_Lost              0.4161352 0.4161352 0.0509489 0.0315488 0.0392860 0.0288812 0.3952756 0.0805486 0.2931449 0.0743818 0.3902054 0.0234965 0.0000000 0.0743818 0.0647998 0.0261531 0.0234965 0.3005175 0.1373315 
94280_St_Joe                   0.1396581 0.1396581 0.1399918 0.1359961 0.1359961 0.1359961 0.1282970 0.0026348 0.2298132 0.0000010 0.1245414 0.1282386 0.0743818 0.0000000 0.0294821 0.1320217 0.1282386 0.0989190 0.0323012 
GCA016432855_Lake_Trout        0.3917165 0.3917165 0.1472991 0.0978702 0.1432668 0.0957284 0.3738521 0.0322459 0.3298594 0.0294821 0.3703307 0.0896833 0.0647998 0.0294821 0.0000000 0.0912751 0.0891227 0.1015921 0.0240491 
GCA036784925_Maine_S_alpinus   0.2690845 0.2690845 0.0193012 0.0133351 0.0160321 0.0229850 0.2540424 0.1359554 0.0927363 0.1320217 0.2510819 0.0019119 0.0261531 0.1320217 0.0912751 0.0000000 0.0019007 0.2435316 0.1435377 
GCA045679555_Iceland_A_alpinus 0.2618045 0.2618045 0.0160497 0.0114829 0.0127972 0.0211673 0.2468128 0.1321499 0.0872809 0.1282386 0.2438618 0.0000010 0.0234965 0.1282386 0.0891227 0.0019007 0.0000000 0.2391444 0.1396966 
GCF013265735_Rainbow_Trout     0.2524222 0.2524222 0.2530813 0.2482947 0.2482947 0.2482947 0.2392706 0.1020266 0.4394095 0.0989190 0.2349110 0.2391444 0.3005175 0.0989190 0.1015921 0.2435316 0.2391444 0.0000000 0.1048896 
GCF029448725_Brook_Trout       0.1512939 0.1512939 0.1516585 0.1475875 0.1475875 0.1475875 0.1397612 0.0350843 0.2518869 0.0323012 0.1359488 0.1396966 0.1373315 0.0323012 0.0240491 0.1435377 0.1396966 0.1048896 0.0000000 
