19
251140_Ward_Creek              0.0000000 0.0022188 0.0044451 0.0403260 0.0000010 0.0059318 0.0051849 0.0016434 0.0029594 0.0403260 0.0202509 0.0068652 0.0029594 0.0314957 0.0217749 0.0210155 0.0944141 0.0387471 0.0029994 
260512_Pybus_Point             0.0022188 0.0000000 0.0051893 0.0395638 0.0022188 0.0051893 0.0044436 0.0065946 0.0022195 0.0395638 0.0195002 0.0068683 0.0022195 0.0307073 0.0210228 0.0202649 0.0953354 0.0379553 0.0022495 
261935_Kenai_River             0.0044451 0.0051893 0.0000000 0.0372126 0.0044451 0.0029604 0.0066735 0.0082562 0.0044436 0.0372126 0.0187426 0.0098259 0.0044436 0.0299081 0.0202649 0.0195069 0.0944509 0.0371500 0.0045039 
353213_Cropley_Lake            0.0403260 0.0395638 0.0372126 0.0000000 0.0403260 0.0372385 0.0410883 0.0912328 0.0387611 0.0000010 0.0240545 0.0279106 0.0387611 0.0355154 0.0255859 0.0248241 0.1025196 0.0428025 0.0392988 
353219_Peterson_Creek          0.0000010 0.0022188 0.0044451 0.0403260 0.0000000 0.0059318 0.0051849 0.0016434 0.0029594 0.0403260 0.0202509 0.0068652 0.0029594 0.0314957 0.0217749 0.0210155 0.0944141 0.0387471 0.0029994 
353246_Cottonwood_Creek        0.0059318 0.0051893 0.0029604 0.0372385 0.0059318 0.0000000 0.0066735 0.0115773 0.0044436 0.0372385 0.0172310 0.0098259 0.0044436 0.0275042 0.0187489 0.0179930 0.0926841 0.0347250 0.0045039 
353379_Skagit_River            0.0051849 0.0044436 0.0066735 0.0410883 0.0051849 0.0066735 0.0000000 0.0099005 0.0036992 0.0410883 0.0210009 0.0048968 0.0036992 0.0322842 0.0225265 0.0217674 0.0970311 0.0395402 0.0037494 
353381_Dungeness_River         0.0016434 0.0065946 0.0082562 0.0912328 0.0016434 0.0115773 0.0099005 0.0000000 0.0049381 0.0912328 0.0406345 0.0181121 0.0049381 0.0721382 0.0406029 0.0388783 0.2071039 0.0780601 0.0050890 
353401_Peace_River             0.0029594 0.0022195 0.0044436 0.0387611 0.0029594 0.0044436 0.0036992 0.0049381 0.0000000 0.0387611 0.0187299 0.0039156 0.0000010 0.0298866 0.0202509 0.0194936 0.0943774 0.0371231 0.0000010 
353407_Noatok                  0.0403260 0.0395638 0.0372126 0.0000010 0.0403260 0.0372385 0.0410883 0.0912328 0.0387611 0.0000000 0.0240545 0.0279106 0.0387611 0.0355154 0.0255859 0.0248241 0.1025196 0.0428025 0.0392988 
353410_Horizon_Lake            0.0202509 0.0195002 0.0187426 0.0240545 0.0202509 0.0172310 0.0210009 0.0406345 0.0187299 0.0240545 0.0000000 0.0289350 0.0187299 0.0147745 0.0029614 0.0022203 0.0783285 0.0218649 0.0189863 
92319_Little_Lost              0.0068652 0.0068683 0.0098259 0.0279106 0.0068652 0.0098259 0.0048968 0.0181121 0.0039156 0.0279106 0.0289350 0.0000000 0.0039156 0.0447303 0.0309754 0.0299614 0.1333622 0.0524338 0.0039858 
94280_St_Joe                   0.0029594 0.0022195 0.0044436 0.0387611 0.0029594 0.0044436 0.0036992 0.0049381 0.0000010 0.0387611 0.0187299 0.0039156 0.0000000 0.0298866 0.0202509 0.0194936 0.0943774 0.0371231 0.0000010 
GCA016432855_Lake_Trout        0.0314957 0.0307073 0.0299081 0.0355154 0.0314957 0.0275042 0.0322842 0.0721382 0.0298866 0.0355154 0.0147745 0.0447303 0.0298866 0.0000000 0.0163480 0.0155636 0.0893924 0.0113752 0.0303158 
GCA036784925_Maine_S_alpinus   0.0217749 0.0210228 0.0202649 0.0255859 0.0217749 0.0187489 0.0225265 0.0406029 0.0202509 0.0255859 0.0029614 0.0309754 0.0202509 0.0163480 0.0000000 0.0007388 0.0800938 0.0234533 0.0205275 
GCA045679555_Iceland_A_alpinus 0.0210155 0.0202649 0.0195069 0.0248241 0.0210155 0.0179930 0.0217674 0.0388783 0.0194936 0.0248241 0.0022203 0.0299614 0.0194936 0.0155636 0.0007388 0.0000000 0.0792259 0.0226627 0.0197603 
GCF013265735_Rainbow_Trout     0.0944141 0.0953354 0.0944509 0.1025196 0.0944141 0.0926841 0.0970311 0.2071039 0.0943774 0.1025196 0.0783285 0.1333622 0.0943774 0.0893924 0.0800938 0.0792259 0.0000000 0.0977543 0.0949346 
GCF029448725_Brook_Trout       0.0387471 0.0379553 0.0371500 0.0428025 0.0387471 0.0347250 0.0395402 0.0780601 0.0371231 0.0428025 0.0218649 0.0524338 0.0371231 0.0113752 0.0234533 0.0226627 0.0977543 0.0000000 0.0376588 
Methow_River_99895             0.0029994 0.0022495 0.0045039 0.0392988 0.0029994 0.0045039 0.0037494 0.0050890 0.0000010 0.0392988 0.0189863 0.0039858 0.0000010 0.0303158 0.0205275 0.0197603 0.0949346 0.0376588 0.0000000 
