20
251140_Ward_Creek              0.0000000 0.0052542 0.0091179 0.0006820 0.0007079 0.0067656 0.0052542 0.0212753 0.2888333 0.0220091 0.0126290 0.0069657 0.0212860 0.0212860 0.3289061 0.0069614 0.0069614 0.3737639 0.0316217 0.0221131 
260512_Pybus_Point             0.0052542 0.0000000 0.0037746 0.0045006 0.0054738 0.0014939 0.0000010 0.0176605 0.2793391 0.0184507 0.0083491 0.0022594 0.0176701 0.0176701 0.3800901 0.0015043 0.0015043 0.4331629 0.0280257 0.0181286 
261935_Kenai_River             0.0091179 0.0037746 0.0000000 0.0083524 0.0087056 0.0037749 0.0037746 0.0184484 0.2815965 0.0192404 0.0075793 0.0045353 0.0184585 0.0184585 0.3775569 0.0037745 0.0037745 0.4377686 0.0272074 0.0190152 
353213_Cropley_Lake            0.0006820 0.0045006 0.0083524 0.0000000 0.0007079 0.0060099 0.0044909 0.0205530 0.2868614 0.0212856 0.0118960 0.0062528 0.0205633 0.0205633 0.3260120 0.0062489 0.0062489 0.3722103 0.0308830 0.0213082 
353219_Peterson_Creek          0.0007079 0.0054738 0.0087056 0.0007079 0.0000000 0.0070488 0.0054738 0.0221128 0.3067352 0.0228766 0.0131207 0.0072339 0.0221244 0.0221244 0.3504237 0.0072293 0.0072293 0.3966380 0.0328840 0.0230874 
353220_Fish_Creek              0.0067656 0.0014939 0.0037749 0.0060099 0.0070488 0.0000000 0.0014939 0.0176621 0.2773936 0.0184524 0.0083498 0.0022596 0.0176718 0.0176718 0.3801599 0.0015044 0.0015044 0.4332342 0.0280284 0.0181305 
353246_Cottonwood_Creek        0.0052542 0.0000010 0.0037746 0.0044909 0.0054738 0.0014939 0.0000000 0.0176605 0.2793391 0.0184507 0.0083310 0.0022545 0.0176701 0.0176701 0.3784404 0.0015010 0.0015010 0.4331629 0.0280257 0.0181286 
353379_Skagit_River            0.0212753 0.0176605 0.0184484 0.0205530 0.0221128 0.0176621 0.0176605 0.0000000 0.3175745 0.0020788 0.0154865 0.0169374 0.0013850 0.0013850 0.3064252 0.0169269 0.0169269 0.3560288 0.0183767 0.0007695 
353381_Dungeness_River         0.2888333 0.2793391 0.2815965 0.2868614 0.3067352 0.2773936 0.2793391 0.3175745 0.0000000 0.3200108 0.2974960 0.2845645 0.3179511 0.3179511 0.3830628 0.2822266 0.2822266 0.4539283 0.3387124 0.4088761 
353401_Peace_River             0.0220091 0.0184507 0.0192404 0.0212856 0.0228766 0.0184524 0.0184507 0.0020788 0.3200108 0.0000000 0.0162084 0.0176628 0.0020798 0.0020798 0.3075622 0.0176518 0.0176518 0.3578373 0.0191049 0.0000010 
353407_Noatok                  0.0126290 0.0083491 0.0075793 0.0118960 0.0131207 0.0083498 0.0083310 0.0154865 0.2974960 0.0162084 0.0000000 0.0083622 0.0154942 0.0154942 0.3196286 0.0083571 0.0083571 0.3759561 0.0256519 0.0156651 
353410_Horizon_Lake            0.0069657 0.0022594 0.0045353 0.0062528 0.0072339 0.0022596 0.0022545 0.0169374 0.2845645 0.0176628 0.0083622 0.0000000 0.0169459 0.0169459 0.3240319 0.0013807 0.0013807 0.3764282 0.0271747 0.0172805 
92319_Little_Lost              0.0212860 0.0176701 0.0184585 0.0205633 0.0221244 0.0176718 0.0176701 0.0013850 0.3179511 0.0020798 0.0154942 0.0169459 0.0000000 0.0000010 0.3059539 0.0169353 0.0169353 0.3563289 0.0183859 0.0007699 
94280_St_Joe                   0.0212860 0.0176701 0.0184585 0.0205633 0.0221244 0.0176718 0.0176701 0.0013850 0.3179511 0.0020798 0.0154942 0.0169459 0.0000010 0.0000000 0.3059539 0.0169353 0.0169353 0.3563289 0.0183859 0.0007699 
GCA016432855_Lake_Trout        0.3289061 0.3800901 0.3775569 0.3260120 0.3504237 0.3801599 0.3784404 0.3064252 0.3830628 0.3075622 0.3196286 0.3240319 0.3059539 0.3059539 0.0000000 0.3236520 0.3236520 0.6613817 0.3233974 0.3516994 
GCA036784925_Maine_S_alpinus   0.0069614 0.0015043 0.0037745 0.0062489 0.0072293 0.0015044 0.0015010 0.0169269 0.2822266 0.0176518 0.0083571 0.0013807 0.0169353 0.0169353 0.3236520 0.0000000 0.0000010 0.3760278 0.0271575 0.0172686 
GCA045679555_Iceland_A_alpinus 0.0069614 0.0015043 0.0037745 0.0062489 0.0072293 0.0015044 0.0015010 0.0169269 0.2822266 0.0176518 0.0083571 0.0013807 0.0169353 0.0169353 0.3236520 0.0000010 0.0000000 0.3760278 0.0271575 0.0172686 
GCF013265735_Rainbow_Trout     0.3737639 0.4331629 0.4377686 0.3722103 0.3966380 0.4332342 0.4331629 0.3560288 0.4539283 0.3578373 0.3759561 0.3764282 0.3563289 0.3563289 0.6613817 0.3760278 0.3760278 0.0000000 0.3781234 0.4235238 
GCF029448725_Brook_Trout       0.0316217 0.0280257 0.0272074 0.0308830 0.0328840 0.0280284 0.0280257 0.0183767 0.3387124 0.0191049 0.0256519 0.0271747 0.0183859 0.0183859 0.3233974 0.0271575 0.0271575 0.3781234 0.0000000 0.0188810 
Methow_River_99895             0.0221131 0.0181286 0.0190152 0.0213082 0.0230874 0.0181305 0.0181286 0.0007695 0.4088761 0.0000010 0.0156651 0.0172805 0.0007699 0.0007699 0.3516994 0.0172686 0.0172686 0.4235238 0.0188810 0.0000000 
