14
251140_Ward_Creek              0.0000000 0.0000010 0.0064294 0.0465389 0.0529501 0.0000010 0.0529501 0.0465389 0.0129337 0.0529966 0.0129150 0.0129150 0.5632197 0.0740189 
260512_Pybus_Point             0.0000010 0.0000000 0.0064294 0.0465389 0.0529501 0.0000010 0.0529501 0.0465389 0.0129337 0.0529966 0.0129150 0.0129150 0.5632197 0.0740189 
261935_Kenai_River             0.0064294 0.0064294 0.0000000 0.0535377 0.0599596 0.0157858 0.0599596 0.0535377 0.0195243 0.0600134 0.0194953 0.0194953 0.5780495 0.0812896 
353246_Cottonwood_Creek        0.0465389 0.0465389 0.0535377 0.0000000 0.0462168 0.1203028 0.0462168 0.0000010 0.0464448 0.0742881 0.0463751 0.0463751 0.5759591 0.0960762 
353379_Skagit_River            0.0529501 0.0529501 0.0599596 0.0462168 0.0000000 0.1358927 0.0000010 0.0462168 0.0528438 0.0667491 0.0527648 0.0527648 0.5331822 0.0881532 
353381_Dungeness_River         0.0000010 0.0000010 0.0157858 0.1203028 0.1358927 0.0000000 0.1358927 0.1203028 0.0320210 0.1362481 0.0319071 0.0319071 1.7423650 0.1739725 
353401_Peace_River             0.0529501 0.0529501 0.0599596 0.0462168 0.0000010 0.1358927 0.0000000 0.0462168 0.0528438 0.0667491 0.0527648 0.0527648 0.5331822 0.0881532 
353407_Noatok                  0.0465389 0.0465389 0.0535377 0.0000010 0.0462168 0.1203028 0.0462168 0.0000000 0.0464448 0.0742881 0.0463751 0.0463751 0.5759591 0.0960762 
353410_Horizon_Lake            0.0129337 0.0129337 0.0195243 0.0464448 0.0528438 0.0320210 0.0528438 0.0464448 0.0000000 0.0528901 0.0128899 0.0128899 0.5617382 0.0738685 
GCA016432855_Lake_Trout        0.0529966 0.0529966 0.0600134 0.0742881 0.0667491 0.1362481 0.0667491 0.0742881 0.0528901 0.0000000 0.0528111 0.0528111 0.5645614 0.0602175 
GCA036784925_Maine_S_alpinus   0.0129150 0.0129150 0.0194953 0.0463751 0.0527648 0.0319071 0.0527648 0.0463751 0.0128899 0.0528111 0.0000000 0.0000010 0.5601389 0.0737545 
GCA045679555_Iceland_A_alpinus 0.0129150 0.0129150 0.0194953 0.0463751 0.0527648 0.0319071 0.0527648 0.0463751 0.0128899 0.0528111 0.0000010 0.0000000 0.5601389 0.0737545 
GCF013265735_Rainbow_Trout     0.5632197 0.5632197 0.5780495 0.5759591 0.5331822 1.7423650 0.5331822 0.5759591 0.5617382 0.5645614 0.5601389 0.5601389 0.0000000 0.5754023 
GCF029448725_Brook_Trout       0.0740189 0.0740189 0.0812896 0.0960762 0.0881532 0.1739725 0.0881532 0.0960762 0.0738685 0.0602175 0.0737545 0.0737545 0.5754023 0.0000000 
