19
251140_Ward_Creek              0.0000000 0.0000010 0.0101406 0.0012542 0.0012542 0.0341799 0.0078130 0.0033767 0.0267462 0.0057637 0.0088955 0.0295289 0.0267462 0.0257122 0.0075891 0.0075891 0.1455922 0.0148977 0.0508006 
260512_Pybus_Point             0.0000010 0.0000000 0.0101406 0.0012542 0.0012542 0.0341799 0.0078130 0.0033767 0.0267462 0.0057637 0.0088955 0.0295289 0.0267462 0.0257122 0.0075891 0.0075891 0.1455922 0.0148977 0.0508006 
261935_Kenai_River             0.0101406 0.0101406 0.0000000 0.0083940 0.0083940 0.0212363 0.0129928 0.0151284 0.0211728 0.0041569 0.0135597 0.0249192 0.0211728 0.0189146 0.0117893 0.0117893 0.0977153 0.0202338 0.0518450 
353213_Cropley_Lake            0.0012542 0.0012542 0.0083940 0.0000000 0.0000010 0.0317648 0.0062117 0.0016773 0.0251936 0.0042978 0.0075871 0.0277058 0.0251936 0.0242268 0.0062932 0.0062932 0.1418204 0.0133287 0.0487747 
353219_Peterson_Creek          0.0012542 0.0012542 0.0083940 0.0000010 0.0000000 0.0317648 0.0062117 0.0016773 0.0251936 0.0042978 0.0075871 0.0277058 0.0251936 0.0242268 0.0062932 0.0062932 0.1418204 0.0133287 0.0487747 
353220_Fish_Creek              0.0341799 0.0341799 0.0212363 0.0317648 0.0317648 0.0000000 0.0233835 0.0536422 0.0155064 0.0153032 0.0341429 0.0120308 0.0155064 0.0218889 0.0317406 0.0317406 0.1890097 0.0298219 0.0509567 
353379_Skagit_River            0.0078130 0.0078130 0.0129928 0.0062117 0.0062117 0.0233835 0.0000000 0.0109525 0.0080727 0.0078738 0.0141621 0.0109337 0.0080727 0.0149261 0.0125139 0.0125139 0.0858358 0.0119692 0.0339839 
353381_Dungeness_River         0.0033767 0.0033767 0.0151284 0.0016773 0.0016773 0.0536422 0.0109525 0.0000000 0.0354556 0.0080157 0.0102110 0.0413427 0.0354556 0.0332006 0.0084559 0.0084559 0.0729222 0.0187421 0.0718916 
353401_Peace_River             0.0267462 0.0267462 0.0211728 0.0251936 0.0251936 0.0155064 0.0080727 0.0354556 0.0000000 0.0143731 0.0310989 0.0038667 0.0000010 0.0152849 0.0295231 0.0295231 0.0941559 0.0200314 0.0200072 
353407_Noatok                  0.0057637 0.0057637 0.0041569 0.0042978 0.0042978 0.0153032 0.0078738 0.0080157 0.0143731 0.0000000 0.0086668 0.0165934 0.0143731 0.0126382 0.0071830 0.0071830 0.0998723 0.0138655 0.0388280 
353410_Horizon_Lake            0.0088955 0.0088955 0.0135597 0.0075871 0.0075871 0.0341429 0.0141621 0.0102110 0.0310989 0.0086668 0.0000000 0.0346064 0.0310989 0.0298905 0.0012530 0.0012530 0.1524956 0.0209872 0.0560827 
92319_Little_Lost              0.0295289 0.0295289 0.0249192 0.0277058 0.0277058 0.0120308 0.0109337 0.0413427 0.0038667 0.0165934 0.0346064 0.0000000 0.0038667 0.0173955 0.0327509 0.0327509 0.1018879 0.0231755 0.0265918 
94280_St_Joe                   0.0267462 0.0267462 0.0211728 0.0251936 0.0251936 0.0155064 0.0080727 0.0354556 0.0000010 0.0143731 0.0310989 0.0038667 0.0000000 0.0152849 0.0295231 0.0295231 0.0941559 0.0200314 0.0200072 
GCA016432855_Lake_Trout        0.0257122 0.0257122 0.0189146 0.0242268 0.0242268 0.0218889 0.0149261 0.0332006 0.0152849 0.0126382 0.0298905 0.0173955 0.0152849 0.0000000 0.0283831 0.0283831 0.1252439 0.0154024 0.0377659 
GCA036784925_Maine_S_alpinus   0.0075891 0.0075891 0.0117893 0.0062932 0.0062932 0.0317406 0.0125139 0.0084559 0.0295231 0.0071830 0.0012530 0.0327509 0.0295231 0.0283831 0.0000000 0.0000010 0.1486501 0.0193778 0.0540264 
GCA045679555_Iceland_A_alpinus 0.0075891 0.0075891 0.0117893 0.0062932 0.0062932 0.0317406 0.0125139 0.0084559 0.0295231 0.0071830 0.0012530 0.0327509 0.0295231 0.0283831 0.0000010 0.0000000 0.1486501 0.0193778 0.0540264 
GCF013265735_Rainbow_Trout     0.1455922 0.1455922 0.0977153 0.1418204 0.1418204 0.1890097 0.0858358 0.0729222 0.0941559 0.0998723 0.1524956 0.1018879 0.0941559 0.1252439 0.1486501 0.1486501 0.0000000 0.1054447 0.1392578 
GCF029448725_Brook_Trout       0.0148977 0.0148977 0.0202338 0.0133287 0.0133287 0.0298219 0.0119692 0.0187421 0.0200314 0.0138655 0.0209872 0.0231755 0.0200314 0.0154024 0.0193778 0.0193778 0.1054447 0.0000000 0.0462126 
Methow_River_99895             0.0508006 0.0508006 0.0518450 0.0487747 0.0487747 0.0509567 0.0339839 0.0718916 0.0200072 0.0388280 0.0560827 0.0265918 0.0200072 0.0377659 0.0540264 0.0540264 0.1392578 0.0462126 0.0000000 
