15
251140_Ward_Creek              0.0000000 0.0000010 1.3833813 0.6278029 0.6278029 1.2785319 1.8686104 1.8686104 2.4585171 1.2785319 1.8686104 1.3833813 1.3833813 2.5955322 2.0975929 
260512_Pybus_Point             0.0000010 0.0000000 1.3833813 0.6278029 0.6278029 1.2785319 1.8686104 1.8686104 2.4585171 1.2785319 1.8686104 1.3833813 1.3833813 2.5955322 2.0975929 
261935_Kenai_River             1.3833813 1.3833813 0.0000000 1.2785319 1.2785319 0.6278029 2.0629933 2.0629933 8.9999990 0.6278029 2.0629933 1.0777031 1.0777031 2.8610993 2.2807798 
353219_Peterson_Creek          0.6278029 0.6278029 1.2785319 0.0000000 0.0000010 1.0777031 1.9294832 1.9294832 2.8050939 1.0777031 1.9294832 1.2785319 1.2785319 2.7101706 2.1716625 
353220_Fish_Creek              0.6278029 0.6278029 1.2785319 0.0000010 0.0000000 1.0777031 1.9294832 1.9294832 2.8050939 1.0777031 1.9294832 1.2785319 1.2785319 2.7101706 2.1716625 
353246_Cottonwood_Creek        1.2785319 1.2785319 0.6278029 1.0777031 1.0777031 0.0000000 1.9294832 1.9294832 8.9999986 1.0777031 1.9294832 1.2785319 1.2785319 2.7101706 2.1716625 
353379_Skagit_River            1.8686104 1.8686104 2.0629933 1.9294832 1.9294832 1.9294832 0.0000000 0.0000010 8.9999982 2.6098570 8.9999990 2.0629933 2.0629933 4.2026897 4.6009930 
353401_Peace_River             1.8686104 1.8686104 2.0629933 1.9294832 1.9294832 1.9294832 0.0000010 0.0000000 8.9999982 2.6098570 8.9999990 2.0629933 2.0629933 4.2026897 4.6009930 
353407_Noatok                  2.4585171 2.4585171 8.9999990 2.8050939 2.8050939 8.9999986 8.9999982 8.9999982 0.0000000 8.9999986 8.9999982 3.8902609 3.8902609 3.7901166 3.6517466 
353410_Horizon_Lake            1.2785319 1.2785319 0.6278029 1.0777031 1.0777031 1.0777031 2.6098570 2.6098570 8.9999986 0.0000000 2.6098570 0.6278029 0.6278029 3.0706956 2.4585171 
GCA016432855_Lake_Trout        1.8686104 1.8686104 2.0629933 1.9294832 1.9294832 1.9294832 8.9999990 8.9999990 8.9999982 2.6098570 0.0000000 2.0629933 2.0629933 4.2026897 1.9294832 
GCA036784925_Maine_S_alpinus   1.3833813 1.3833813 1.0777031 1.2785319 1.2785319 1.2785319 2.0629933 2.0629933 3.8902609 0.6278029 2.0629933 0.0000000 0.0000010 3.0706956 2.2807798 
GCA045679555_Iceland_A_alpinus 1.3833813 1.3833813 1.0777031 1.2785319 1.2785319 1.2785319 2.0629933 2.0629933 3.8902609 0.6278029 2.0629933 0.0000010 0.0000000 3.0706956 2.2807798 
GCF013265735_Rainbow_Trout     2.5955322 2.5955322 2.8610993 2.7101706 2.7101706 2.7101706 4.2026897 4.2026897 3.7901166 3.0706956 4.2026897 3.0706956 3.0706956 0.0000000 3.7901166 
GCF029448725_Brook_Trout       2.0975929 2.0975929 2.2807798 2.1716625 2.1716625 2.1716625 4.6009930 4.6009930 3.6517466 2.4585171 1.9294832 2.2807798 2.2807798 3.7901166 0.0000000 
