12
251140_Ward_Creek          0.0000000 0.0034462 0.0034462 0.0069047 0.0384703 1.1903890 0.0384703 0.0306165 0.0306165 0.0174114 0.0802841 0.0569042 
260512_Pybus_Point         0.0034462 0.0000000 0.0000010 0.0034425 0.0345122 1.1693779 0.0345122 0.0267041 0.0267041 0.0138889 0.0762142 0.0519549 
261935_Kenai_River         0.0034462 0.0000010 0.0000000 0.0034425 0.0345122 1.1693779 0.0345122 0.0267041 0.0267041 0.0138889 0.0762142 0.0519549 
353246_Cottonwood_Creek    0.0069047 0.0034425 0.0034425 0.0000000 0.0384236 1.1530367 0.0384236 0.0305795 0.0305795 0.0173923 0.0801868 0.0568190 
353379_Skagit_River        0.0384703 0.0345122 0.0345122 0.0384236 0.0000000 1.2862718 0.0000010 0.0069047 0.0069047 0.0868168 0.1262889 0.0768741 
353381_Dungeness_River     1.1903890 1.1693779 1.1693779 1.1530367 1.2862718 0.0000000 1.2862718 1.2810987 1.2810987 1.2032156 1.2683921 2.0800048 
353401_Peace_River         0.0384703 0.0345122 0.0345122 0.0384236 0.0000010 1.2862718 0.0000000 0.0069047 0.0069047 0.0868168 0.1262889 0.0768741 
353407_Noatok              0.0306165 0.0267041 0.0267041 0.0305795 0.0069047 1.2810987 0.0069047 0.0000000 0.0000010 0.0788562 0.1177443 0.0668231 
353410_Horizon_Lake        0.0306165 0.0267041 0.0267041 0.0305795 0.0069047 1.2810987 0.0069047 0.0000010 0.0000000 0.0788562 0.1177443 0.0668231 
GCA016432855_Lake_Trout    0.0174114 0.0138889 0.0138889 0.0173923 0.0868168 1.2032156 0.0868168 0.0788562 0.0788562 0.0000000 0.1002133 0.0862531 
GCF013265735_Rainbow_Trout 0.0802841 0.0762142 0.0762142 0.0801868 0.1262889 1.2683921 0.1262889 0.1177443 0.1177443 0.1002133 0.0000000 0.1332860 
GCF029448725_Brook_Trout   0.0569042 0.0519549 0.0519549 0.0568190 0.0768741 2.0800048 0.0768741 0.0668231 0.0668231 0.0862531 0.1332860 0.0000000 
