15
251140_Ward_Creek            0.0000000 0.0017982 0.0017982 0.0000010 0.0307514 0.1055442 0.0262580 0.0200225 0.0637100 0.0301131 0.0263255 0.0200225 0.1961025 0.1324728 0.0281794 
260512_Pybus_Point           0.0017982 0.0000000 0.0000010 0.0017982 0.0307514 0.1022385 0.0262580 0.0218606 0.0637100 0.0301131 0.0263255 0.0218606 0.1961025 0.1324728 0.0281794 
261935_Kenai_River           0.0017982 0.0000010 0.0000000 0.0017982 0.0307514 0.1022385 0.0262580 0.0218606 0.0637100 0.0301131 0.0263255 0.0218606 0.1961025 0.1324728 0.0281794 
353213_Cropley_Lake          0.0000010 0.0017982 0.0017982 0.0000000 0.0307514 0.1055442 0.0262580 0.0200225 0.0637100 0.0301131 0.0263255 0.0200225 0.1961025 0.1324728 0.0281794 
353379_Skagit_River          0.0307514 0.0307514 0.0307514 0.0307514 0.0000000 0.0450749 0.0000010 0.0056779 0.0245418 0.0037863 0.0114166 0.0056779 0.1687485 0.1171616 0.0018897 
353381_Dungeness_River       0.1055442 0.1022385 0.1022385 0.1055442 0.0450749 0.0000000 0.0360344 0.0607655 0.0846804 0.0413801 0.0308391 0.0607655 0.2817343 0.1769921 0.0386951 
353401_Peace_River           0.0262580 0.0262580 0.0262580 0.0262580 0.0000010 0.0360344 0.0000000 0.0049481 0.0198074 0.0033000 0.0099423 0.0049481 0.1521297 0.1004789 0.0016474 
353410_Horizon_Lake          0.0200225 0.0218606 0.0218606 0.0200225 0.0056779 0.0607655 0.0049481 0.0000000 0.0248267 0.0082719 0.0049593 0.0000010 0.1501172 0.0947389 0.0066069 
92319_Little_Lost            0.0637100 0.0637100 0.0637100 0.0637100 0.0245418 0.0846804 0.0198074 0.0248267 0.0000000 0.0223312 0.0325035 0.0248267 0.2228251 0.1477887 0.0223312 
94280_St_Joe                 0.0301131 0.0301131 0.0301131 0.0301131 0.0037863 0.0413801 0.0033000 0.0082719 0.0223312 0.0000000 0.0132968 0.0082719 0.1544330 0.1025582 0.0016474 
GCA016432855_Lake_Trout      0.0263255 0.0263255 0.0263255 0.0263255 0.0114166 0.0308391 0.0099423 0.0049593 0.0325035 0.0132968 0.0000000 0.0049593 0.1566935 0.0927566 0.0116160 
GCA036784925_Maine_S_alpinus 0.0200225 0.0218606 0.0218606 0.0200225 0.0056779 0.0607655 0.0049481 0.0000010 0.0248267 0.0082719 0.0049593 0.0000000 0.1501172 0.0947389 0.0066069 
GCF013265735_Rainbow_Trout   0.1961025 0.1961025 0.1961025 0.1961025 0.1687485 0.2817343 0.1521297 0.1501172 0.2228251 0.1544330 0.1566935 0.1501172 0.0000000 0.0834125 0.1542972 
GCF029448725_Brook_Trout     0.1324728 0.1324728 0.1324728 0.1324728 0.1171616 0.1769921 0.1004789 0.0947389 0.1477887 0.1025582 0.0927566 0.0947389 0.0834125 0.0000000 0.1024722 
Methow_River_99895           0.0281794 0.0281794 0.0281794 0.0281794 0.0018897 0.0386951 0.0016474 0.0066069 0.0223312 0.0016474 0.0116160 0.0066069 0.1542972 0.1024722 0.0000000 
