16
251140_Ward_Creek              0.0000000 0.0000010 0.0118279 0.0117817 0.3049350 0.0000010 0.0679077 0.0362929 0.0617387 0.0679077 0.0742810 0.0877693 0.0680958 0.0683597 0.5639029 0.1019152 
260512_Pybus_Point             0.0000010 0.0000000 0.0118279 0.0117817 0.3049350 0.0000010 0.0679077 0.0362929 0.0617387 0.0679077 0.0742810 0.0877693 0.0680958 0.0683597 0.5639029 0.1019152 
261935_Kenai_River             0.0118279 0.0118279 0.0000000 0.0118281 0.3074506 0.0118926 0.0681895 0.0364398 0.0619946 0.0681895 0.0745903 0.0881401 0.0683791 0.0686452 0.5799310 0.1023536 
353213_Cropley_Lake            0.0117817 0.0117817 0.0118281 0.0000000 0.3048597 0.0118469 0.0679076 0.0362934 0.0617387 0.0679076 0.0742806 0.0877682 0.0680956 0.0683595 0.5864702 0.1019131 
353379_Skagit_River            0.3049350 0.3049350 0.3074506 0.3048597 0.0000000 0.2948187 0.1596981 0.2912730 0.2637388 0.1596981 0.1711596 0.2773788 0.2766403 0.2787888 1.6407550 0.3099361 
353381_Dungeness_River         0.0000010 0.0000010 0.0118926 0.0118469 0.2948187 0.0000000 0.0619184 0.0364960 0.0620904 0.0619184 0.0682945 0.0882758 0.0684846 0.0687515 0.5680880 0.1025120 
353401_Peace_River             0.0679077 0.0679077 0.0681895 0.0679076 0.1596981 0.0619184 0.0000000 0.0678622 0.0550847 0.0000010 0.0058877 0.0551518 0.0613684 0.0616037 0.5587551 0.0684564 
353407_Noatok                  0.0362929 0.0362929 0.0364398 0.0362934 0.2912730 0.0364960 0.0678622 0.0000000 0.0616972 0.0678622 0.0742312 0.0877099 0.0680500 0.0683136 0.5966231 0.1018453 
353410_Horizon_Lake            0.0617387 0.0617387 0.0619946 0.0617387 0.2637388 0.0620904 0.0550847 0.0616972 0.0000000 0.0550847 0.0613684 0.0745727 0.0058909 0.0059123 0.5833862 0.0883791 
92319_Little_Lost              0.0679077 0.0679077 0.0681895 0.0679076 0.1596981 0.0619184 0.0000010 0.0678622 0.0550847 0.0000000 0.0058877 0.0551518 0.0613684 0.0616037 0.5587551 0.0684564 
94280_St_Joe                   0.0742810 0.0742810 0.0745903 0.0742806 0.1711596 0.0682945 0.0058877 0.0742312 0.0613684 0.0058877 0.0000000 0.0614437 0.0676858 0.0679465 0.5691430 0.0748837 
GCA016432855_Lake_Trout        0.0877693 0.0877693 0.0881401 0.0877682 0.2773788 0.0882758 0.0551518 0.0877099 0.0745727 0.0551518 0.0614437 0.0000000 0.0810067 0.0813239 0.5966021 0.0884929 
GCA036784925_Maine_S_alpinus   0.0680958 0.0680958 0.0683791 0.0680956 0.2766403 0.0684846 0.0613684 0.0680500 0.0058909 0.0613684 0.0676858 0.0810067 0.0000000 0.0118546 0.5939974 0.0949547 
GCA045679555_Iceland_A_alpinus 0.0683597 0.0683597 0.0686452 0.0683595 0.2787888 0.0687515 0.0616037 0.0683136 0.0059123 0.0616037 0.0679465 0.0813239 0.0118546 0.0000000 0.5977963 0.0953340 
GCF013265735_Rainbow_Trout     0.5639029 0.5639029 0.5799310 0.5864702 1.6407550 0.5680880 0.5587551 0.5966231 0.5833862 0.5587551 0.5691430 0.5966021 0.5939974 0.5977963 0.0000000 0.6282439 
GCF029448725_Brook_Trout       0.1019152 0.1019152 0.1023536 0.1019131 0.3099361 0.1025120 0.0684564 0.1018453 0.0883791 0.0684564 0.0748837 0.0884929 0.0949547 0.0953340 0.6282439 0.0000000 
