15
251140_Ward_Creek              0.0000000 0.0000010 0.0000010 0.0000010 0.0491633 0.0491633 0.0053044 0.0325073 0.0491633 1.9252014 0.0490351 0.0269465 0.0269465 0.1512150 0.0657517 
260512_Pybus_Point             0.0000010 0.0000000 0.0000010 0.0000010 0.0491633 0.0491633 0.0053044 0.0325073 0.0491633 1.9252014 0.0490351 0.0269465 0.0269465 0.1512150 0.0657517 
353213_Cropley_Lake            0.0000010 0.0000010 0.0000000 0.0000010 0.0394609 0.0394609 0.0042826 0.0261348 0.0491633 0.8402666 0.0393784 0.0216867 0.0216867 0.1249948 0.0573870 
353220_Fish_Creek              0.0000010 0.0000010 0.0000010 0.0000000 0.0394609 0.0394609 0.0042826 0.0261348 0.0491633 0.8402666 0.0393784 0.0216867 0.0216867 0.1249948 0.0573870 
353379_Skagit_River            0.0491633 0.0491633 0.0394609 0.0394609 0.0000000 0.0000010 0.0349993 0.0306211 0.0000010 0.6940127 0.0439423 0.0261348 0.0261348 0.1302282 0.0620713 
353401_Peace_River             0.0491633 0.0491633 0.0394609 0.0394609 0.0000010 0.0000000 0.0349993 0.0306211 0.0000010 0.6940127 0.0439423 0.0261348 0.0261348 0.1302282 0.0620713 
353407_Noatok                  0.0053044 0.0053044 0.0042826 0.0042826 0.0349993 0.0349993 0.0000000 0.0217316 0.0435807 0.8215997 0.0349263 0.0173118 0.0173118 0.1200784 0.0528548 
353410_Horizon_Lake            0.0325073 0.0325073 0.0261348 0.0261348 0.0306211 0.0306211 0.0217316 0.0000000 0.0381278 0.8401803 0.0305573 0.0042913 0.0042913 0.1154431 0.0484447 
92319_Little_Lost              0.0491633 0.0491633 0.0491633 0.0491633 0.0000010 0.0000010 0.0435807 0.0381278 0.0000000 1.4533834 0.0547769 0.0325073 0.0325073 0.1579572 0.0716182 
94280_St_Joe                   1.9252014 1.9252014 0.8402666 0.8402666 0.6940127 0.6940127 0.8215997 0.8401803 1.4533834 0.0000000 0.8529959 0.8150409 0.8150409 1.2268143 0.9122542 
GCA016432855_Lake_Trout        0.0490351 0.0490351 0.0393784 0.0393784 0.0439423 0.0439423 0.0349263 0.0305573 0.0547769 0.8529959 0.0000000 0.0260806 0.0260806 0.1151857 0.0260806 
GCA036784925_Maine_S_alpinus   0.0269465 0.0269465 0.0216867 0.0216867 0.0261348 0.0261348 0.0173118 0.0042913 0.0325073 0.8150409 0.0260806 0.0000000 0.0000010 0.1103166 0.0438502 
GCA045679555_Iceland_A_alpinus 0.0269465 0.0269465 0.0216867 0.0216867 0.0261348 0.0261348 0.0173118 0.0042913 0.0325073 0.8150409 0.0260806 0.0000010 0.0000000 0.1103166 0.0438502 
GCF013265735_Rainbow_Trout     0.1512150 0.1512150 0.1249948 0.1249948 0.1302282 0.1302282 0.1200784 0.1154431 0.1579572 1.2268143 0.1151857 0.1103166 0.1103166 0.0000000 0.1398882 
GCF029448725_Brook_Trout       0.0657517 0.0657517 0.0573870 0.0573870 0.0620713 0.0620713 0.0528548 0.0484447 0.0716182 0.9122542 0.0260806 0.0438502 0.0438502 0.1398882 0.0000000 
