18
251140_Ward_Creek              0.0000000 0.0116952 0.0603924 0.0116952 0.0116952 0.0666354 0.0000010 0.0357994 0.0970640 0.0418917 0.0356002 0.0175939 0.0357994 0.0603924 0.0235283 0.0355014 0.8693262 0.0731268 
260512_Pybus_Point             0.0116952 0.0000000 0.0480210 0.0000010 0.0116952 0.0541877 0.0116952 0.0237235 0.0768905 0.0297437 0.0235923 0.0058306 0.0237235 0.0480210 0.0116952 0.0235283 0.8385645 0.0605645 
261935_Kenai_River             0.0603924 0.0480210 0.0000000 0.0480210 0.0603924 0.0058306 0.0603924 0.0605645 0.1507582 0.0668261 0.0356995 0.0541877 0.0605645 0.0858471 0.0603924 0.0729172 0.8904305 0.0990188 
353213_Cropley_Lake            0.0116952 0.0000010 0.0480210 0.0000000 0.0116952 0.0541877 0.0116952 0.0237235 0.0768905 0.0297437 0.0235923 0.0058306 0.0237235 0.0480210 0.0116952 0.0235283 0.8385645 0.0605645 
353219_Peterson_Creek          0.0116952 0.0116952 0.0603924 0.0116952 0.0000000 0.0666354 0.0116952 0.0357994 0.0970640 0.0418917 0.0356002 0.0175939 0.0357994 0.0603924 0.0235283 0.0355014 0.8385645 0.0731268 
353220_Fish_Creek              0.0666354 0.0541877 0.0058306 0.0541877 0.0666354 0.0000000 0.0666354 0.0668261 0.1616543 0.0731268 0.0417743 0.0603924 0.0668261 0.0922678 0.0666354 0.0792383 0.9064945 0.1055422 
353246_Cottonwood_Creek        0.0000010 0.0116952 0.0603924 0.0116952 0.0116952 0.0666354 0.0000000 0.0357994 0.0970640 0.0418917 0.0356002 0.0175939 0.0357994 0.0603924 0.0235283 0.0355014 0.8693262 0.0731268 
353379_Skagit_River            0.0357994 0.0237235 0.0605645 0.0237235 0.0357994 0.0668261 0.0357994 0.0000000 0.1193139 0.0058306 0.0356995 0.0297437 0.0000010 0.0605645 0.0357994 0.0480210 0.8745810 0.0733375 
353381_Dungeness_River         0.0970640 0.0768905 0.1507582 0.0768905 0.0970640 0.1616543 0.0970640 0.1193139 0.0000000 0.1193139 0.1181975 0.0869270 0.1193139 0.1624403 0.0970640 0.1176470 2.5716141 0.1856252 
353401_Peace_River             0.0418917 0.0297437 0.0668261 0.0297437 0.0418917 0.0731268 0.0418917 0.0058306 0.1193139 0.0000000 0.0417743 0.0357994 0.0058306 0.0668261 0.0418917 0.0541877 0.8904305 0.0796969 
353407_Noatok                  0.0356002 0.0235923 0.0356995 0.0235923 0.0356002 0.0417743 0.0356002 0.0356995 0.1181975 0.0417743 0.0000000 0.0295788 0.0356995 0.0478859 0.0356002 0.0477517 0.8336921 0.0603924 
353410_Horizon_Lake            0.0175939 0.0058306 0.0541877 0.0058306 0.0175939 0.0603924 0.0175939 0.0297437 0.0869270 0.0357994 0.0295788 0.0000000 0.0297437 0.0541877 0.0175939 0.0294971 0.8538438 0.0668261 
92319_Little_Lost              0.0357994 0.0237235 0.0605645 0.0237235 0.0357994 0.0668261 0.0357994 0.0000010 0.1193139 0.0058306 0.0356995 0.0297437 0.0000000 0.0605645 0.0357994 0.0480210 0.8745810 0.0733375 
GCA016432855_Lake_Trout        0.0603924 0.0480210 0.0858471 0.0480210 0.0603924 0.0922678 0.0603924 0.0605645 0.1624403 0.0668261 0.0478859 0.0541877 0.0605645 0.0000000 0.0603924 0.0729172 0.8040094 0.0235923 
GCA036784925_Maine_S_alpinus   0.0235283 0.0116952 0.0603924 0.0116952 0.0235283 0.0666354 0.0235283 0.0357994 0.0970640 0.0418917 0.0356002 0.0175939 0.0357994 0.0603924 0.0000000 0.0116952 0.8693262 0.0731268 
GCA045679555_Iceland_A_alpinus 0.0355014 0.0235283 0.0729172 0.0235283 0.0355014 0.0792383 0.0355014 0.0480210 0.1176470 0.0541877 0.0477517 0.0294971 0.0480210 0.0729172 0.0116952 0.0000000 0.9009118 0.0858471 
GCF013265735_Rainbow_Trout     0.8693262 0.8385645 0.8904305 0.8385645 0.8385645 0.9064945 0.8693262 0.8745810 2.5716141 0.8904305 0.8336921 0.8538438 0.8745810 0.8040094 0.8693262 0.9009118 0.0000000 0.8385645 
GCF029448725_Brook_Trout       0.0731268 0.0605645 0.0990188 0.0605645 0.0731268 0.1055422 0.0731268 0.0733375 0.1856252 0.0796969 0.0603924 0.0668261 0.0733375 0.0235923 0.0731268 0.0858471 0.8385645 0.0000000 
