16
251140_Ward_Creek              0.0000000 0.0037107 0.0000010 0.0037107 0.0667187 0.0088715 0.0186943 0.0149575 0.0074354 0.0224768 0.0186943 0.0263809 0.0074504 0.0074504 0.1622240 0.0500895 
260512_Pybus_Point             0.0037107 0.0000000 0.0037107 0.0000010 0.0782868 0.0133373 0.0224768 0.0187324 0.0111742 0.0262732 0.0224768 0.0302079 0.0111968 0.0111968 0.1667510 0.0540501 
261935_Kenai_River             0.0000010 0.0037107 0.0000000 0.0037107 0.0667187 0.0088715 0.0186943 0.0149575 0.0074354 0.0224768 0.0186943 0.0263809 0.0074504 0.0074504 0.1622240 0.0500895 
353213_Cropley_Lake            0.0037107 0.0000010 0.0037107 0.0000000 0.0782868 0.0133373 0.0224768 0.0187324 0.0111742 0.0262732 0.0224768 0.0302079 0.0111968 0.0111968 0.1667510 0.0540501 
353379_Skagit_River            0.0667187 0.0782868 0.0667187 0.0782868 0.0000000 0.1727314 0.0217436 0.0442420 0.0667187 0.0108119 0.0217436 0.0671276 0.0671276 0.0671276 0.5590712 0.1437362 
353381_Dungeness_River         0.0088715 0.0133373 0.0088715 0.0133373 0.1727314 0.0000000 0.0314063 0.0269236 0.0178233 0.0359756 0.0314063 0.0407664 0.0178665 0.0178665 0.2032975 0.0697872 
353401_Peace_River             0.0186943 0.0224768 0.0186943 0.0224768 0.0217436 0.0314063 0.0000000 0.0111968 0.0186943 0.0037107 0.0000010 0.0225677 0.0187324 0.0187324 0.1577163 0.0461448 
353407_Noatok                  0.0149575 0.0187324 0.0149575 0.0187324 0.0442420 0.0269236 0.0111968 0.0000000 0.0149575 0.0149575 0.0111968 0.0188090 0.0105016 0.0105016 0.1142142 0.0294088 
353410_Horizon_Lake            0.0074354 0.0111742 0.0074354 0.0111742 0.0667187 0.0178233 0.0186943 0.0149575 0.0000000 0.0224768 0.0186943 0.0263809 0.0074504 0.0074504 0.1622240 0.0500895 
92319_Little_Lost              0.0224768 0.0262732 0.0224768 0.0262732 0.0108119 0.0359756 0.0037107 0.0149575 0.0224768 0.0000000 0.0037107 0.0263809 0.0225227 0.0225227 0.1622240 0.0500895 
94280_St_Joe                   0.0186943 0.0224768 0.0186943 0.0224768 0.0217436 0.0314063 0.0000010 0.0111968 0.0186943 0.0037107 0.0000000 0.0225677 0.0187324 0.0187324 0.1577163 0.0461448 
GCA016432855_Lake_Trout        0.0263809 0.0302079 0.0263809 0.0302079 0.0671276 0.0407664 0.0225677 0.0188090 0.0263809 0.0263809 0.0225677 0.0000000 0.0264351 0.0264351 0.1577163 0.0461448 
GCA036784925_Maine_S_alpinus   0.0074504 0.0111968 0.0074504 0.0111968 0.0671276 0.0178665 0.0187324 0.0105016 0.0074504 0.0225227 0.0187324 0.0264351 0.0000000 0.0000010 0.1204417 0.0348516 
GCA045679555_Iceland_A_alpinus 0.0074504 0.0111968 0.0074504 0.0111968 0.0671276 0.0178665 0.0187324 0.0105016 0.0074504 0.0225227 0.0187324 0.0264351 0.0000010 0.0000000 0.1204417 0.0348516 
GCF013265735_Rainbow_Trout     0.1622240 0.1667510 0.1622240 0.1667510 0.5590712 0.2032975 0.1577163 0.1142142 0.1622240 0.1622240 0.1577163 0.1577163 0.1204417 0.1204417 0.0000000 0.1030473 
GCF029448725_Brook_Trout       0.0500895 0.0540501 0.0500895 0.0540501 0.1437362 0.0697872 0.0461448 0.0294088 0.0500895 0.0500895 0.0461448 0.0461448 0.0348516 0.0348516 0.1030473 0.0000000 
