11
251140_Ward_Creek              0.0000000 0.0000010 0.2849450 2.2602516 0.2849450 0.1562894 0.4679777 0.2218369 0.2218369 1.7927283 0.2976783 
260512_Pybus_Point             0.0000010 0.0000000 0.2849450 2.2602516 0.2849450 0.1562894 0.4679777 0.2218369 0.2218369 1.7927283 0.2976783 
353379_Skagit_River            0.2849450 0.2849450 0.0000000 3.0234338 0.0000010 0.2136579 0.2218369 0.1512210 0.1512210 1.3074826 0.1015547 
353381_Dungeness_River         2.2602516 2.2602516 3.0234338 0.0000000 3.0234338 2.5048250 2.9540597 3.0234338 3.0234338 3.1344897 4.8539022 
353401_Peace_River             0.2849450 0.2849450 0.0000010 3.0234338 0.0000000 0.2136579 0.2218369 0.1512210 0.1512210 1.3074826 0.1015547 
353410_Horizon_Lake            0.1562894 0.1562894 0.2136579 2.5048250 0.2136579 0.0000000 0.3680868 0.0494754 0.0494754 1.5610242 0.2218369 
GCA016432855_Lake_Trout        0.4679777 0.4679777 0.2218369 2.9540597 0.2218369 0.3680868 0.0000000 0.2849450 0.2849450 1.2779278 0.1015547 
GCA036784925_Maine_S_alpinus   0.2218369 0.2218369 0.1512210 3.0234338 0.1512210 0.0494754 0.2849450 0.0000000 0.0000010 1.3568781 0.1562894 
GCA045679555_Iceland_A_alpinus 0.2218369 0.2218369 0.1512210 3.0234338 0.1512210 0.0494754 0.2849450 0.0000010 0.0000000 1.3568781 0.1562894 
GCF013265735_Rainbow_Trout     1.7927283 1.7927283 1.3074826 3.1344897 1.3074826 1.5610242 1.2779278 1.3568781 1.3568781 0.0000000 1.4925060 
GCF029448725_Brook_Trout       0.2976783 0.2976783 0.1015547 4.8539022 0.1015547 0.2218369 0.1015547 0.1562894 0.1562894 1.4925060 0.0000000 
