14
251140_Ward_Creek              0.0000000 0.0000010 0.1583213 0.1583213 8.9999981 1.1680309 1.1680309 8.9999981 4.3103854 1.4920154 1.9197566 1.9197566 2.9143150 1.5963604 
260512_Pybus_Point             0.0000010 0.0000000 0.1583213 0.1583213 8.9999981 1.1680309 1.1680309 8.9999981 4.3103854 1.4920154 1.9197566 1.9197566 2.9143150 1.5963604 
261935_Kenai_River             0.1583213 0.1583213 0.0000000 0.0000010 4.3103854 1.2571675 1.2571675 4.3103854 8.9999981 1.5416679 1.8831475 1.8831475 2.8282869 1.6129447 
353213_Cropley_Lake            0.1583213 0.1583213 0.0000010 0.0000000 4.3103854 1.2571675 1.2571675 4.3103854 8.9999981 1.5416679 1.8831475 1.8831475 2.8282869 1.6129447 
353220_Fish_Creek              8.9999981 8.9999981 4.3103854 4.3103854 0.0000000 3.6404778 3.6404778 0.0000010 8.9999980 8.9999987 8.9999990 8.9999990 2.2466415 3.4111218 
353379_Skagit_River            1.1680309 1.1680309 1.2571675 1.2571675 3.6404778 0.0000000 0.0000010 3.6404778 3.1729885 0.8673274 2.6601145 2.6601145 2.8167732 1.2571675 
353401_Peace_River             1.1680309 1.1680309 1.2571675 1.2571675 3.6404778 0.0000010 0.0000000 3.6404778 3.1729885 0.8673274 2.6601145 2.6601145 2.8167732 1.2571675 
353407_Noatok                  8.9999981 8.9999981 4.3103854 4.3103854 0.0000010 3.6404778 3.6404778 0.0000000 8.9999980 8.9999987 8.9999990 8.9999990 2.2466415 3.4111218 
353410_Horizon_Lake            4.3103854 4.3103854 8.9999981 8.9999981 8.9999980 3.1729885 3.1729885 8.9999980 0.0000000 5.1738172 8.9999990 8.9999990 3.7773183 3.1095572 
GCA016432855_Lake_Trout        1.4920154 1.4920154 1.5416679 1.5416679 8.9999987 0.8673274 0.8673274 8.9999987 5.1738172 0.0000000 1.9197566 1.9197566 3.1389642 0.5275057 
GCA036784925_Maine_S_alpinus   1.9197566 1.9197566 1.8831475 1.8831475 8.9999990 2.6601145 2.6601145 8.9999990 8.9999990 1.9197566 0.0000000 0.0000010 3.4228509 1.8831475 
GCA045679555_Iceland_A_alpinus 1.9197566 1.9197566 1.8831475 1.8831475 8.9999990 2.6601145 2.6601145 8.9999990 8.9999990 1.9197566 0.0000010 0.0000000 3.4228509 1.8831475 
GCF013265735_Rainbow_Trout     2.9143150 2.9143150 2.8282869 2.8282869 2.2466415 2.8167732 2.8167732 2.2466415 3.7773183 3.1389642 3.4228509 3.4228509 0.0000000 3.2908943 
GCF029448725_Brook_Trout       1.5963604 1.5963604 1.6129447 1.6129447 3.4111218 1.2571675 1.2571675 3.4111218 3.1095572 0.5275057 1.8831475 1.8831475 3.2908943 0.0000000 
