19
251140_Ward_Creek              0.0000000 0.0045785 0.3746552 0.0000010 0.0045870 0.2009624 0.2325660 0.1763014 0.2253574 0.1779960 0.1774616 0.2473786 0.2367807 0.2827891 0.1085025 0.1085025 1.2417185 0.3074714 0.2915480 
260512_Pybus_Point             0.0045785 0.0000000 0.3668798 0.0045785 0.0000010 0.1951635 0.2395717 0.1679925 0.2319338 0.1836867 0.1717935 0.2541352 0.2429256 0.2892977 0.1137030 0.1137030 1.2496845 0.3142174 0.2998539 
261935_Kenai_River             0.3746552 0.3668798 0.0000000 0.3746552 0.3678696 0.3203855 0.4572969 0.7086862 0.4010636 0.2941736 0.2929829 0.4456391 0.4004080 0.4831038 0.4474308 0.4474308 1.7271111 0.8147004 0.5603786 
353213_Cropley_Lake            0.0000010 0.0045785 0.3746552 0.0000000 0.0045870 0.2009624 0.2325660 0.1763014 0.2253574 0.1779960 0.1774616 0.2473786 0.2367807 0.2827891 0.1085025 0.1085025 1.2417185 0.3074714 0.2915480 
353220_Fish_Creek              0.0045870 0.0000010 0.3678696 0.0045870 0.0000000 0.1955826 0.2401887 0.1685156 0.2324960 0.1840795 0.1721578 0.2547627 0.2434733 0.2899767 0.1139319 0.1139319 1.2534691 0.3149751 0.3007498 
353246_Cottonwood_Creek        0.2009624 0.1951635 0.3203855 0.2009624 0.1955826 0.0000000 0.1786859 0.1967108 0.1501902 0.1086743 0.0675645 0.1755877 0.1714899 0.2133614 0.1656751 0.1656751 1.0450469 0.4038239 0.1950771 
353379_Skagit_River            0.2325660 0.2395717 0.4572969 0.2325660 0.2401887 0.1786859 0.0000000 0.3707525 0.0058979 0.1093235 0.1400695 0.0235979 0.0105552 0.1394597 0.2476615 0.2476615 0.9832947 0.3221030 0.0289664 
353381_Dungeness_River         0.1763014 0.1679925 0.7086862 0.1763014 0.1685156 0.1967108 0.3707525 0.0000000 0.3451855 0.2610004 0.2315973 0.3262434 0.3502734 0.4314590 0.3409740 0.3409740 1.9615596 0.7821969 0.5198459 
353401_Peace_River             0.2253574 0.2319338 0.4010636 0.2253574 0.2324960 0.1501902 0.0058979 0.3451855 0.0000000 0.0861936 0.1146292 0.0226997 0.0050970 0.1255387 0.2187966 0.2187966 0.8199254 0.2898845 0.0242601 
353407_Noatok                  0.1779960 0.1836867 0.2941736 0.1779960 0.1840795 0.1086743 0.1093235 0.2610004 0.0861936 0.0000000 0.0676899 0.1035483 0.1053034 0.1651798 0.1656852 0.1656852 0.9217867 0.3076697 0.1233360 
353410_Horizon_Lake            0.1774616 0.1717935 0.2929829 0.1774616 0.1721578 0.0675645 0.1400695 0.2315973 0.1146292 0.0676899 0.0000000 0.1388968 0.1378253 0.1772787 0.1439553 0.1439553 0.9793525 0.3440852 0.1582811 
92319_Little_Lost              0.2473786 0.2541352 0.4456391 0.2473786 0.2547627 0.1755877 0.0235979 0.3262434 0.0226997 0.1035483 0.1388968 0.0000000 0.0307479 0.1382612 0.2473992 0.2473992 1.0097495 0.3282699 0.0483676 
94280_St_Joe                   0.2367807 0.2429256 0.4004080 0.2367807 0.2434733 0.1714899 0.0105552 0.3502734 0.0050970 0.1053034 0.1378253 0.0307479 0.0000000 0.1372074 0.2367988 0.2367988 0.8820887 0.3089103 0.0303526 
GCA016432855_Lake_Trout        0.2827891 0.2892977 0.4831038 0.2827891 0.2899767 0.2133614 0.1394597 0.4314590 0.1255387 0.1651798 0.1772787 0.1382612 0.1372074 0.0000000 0.2698354 0.2698354 0.8233583 0.2294738 0.1583985 
GCA036784925_Maine_S_alpinus   0.1085025 0.1137030 0.4474308 0.1085025 0.1139319 0.1656751 0.2476615 0.3409740 0.2187966 0.1656852 0.1439553 0.2473992 0.2367988 0.2698354 0.0000000 0.0000010 1.2335430 0.3074954 0.2915199 
GCA045679555_Iceland_A_alpinus 0.1085025 0.1137030 0.4474308 0.1085025 0.1139319 0.1656751 0.2476615 0.3409740 0.2187966 0.1656852 0.1439553 0.2473992 0.2367988 0.2698354 0.0000010 0.0000000 1.2335430 0.3074954 0.2915199 
GCF013265735_Rainbow_Trout     1.2417185 1.2496845 1.7271111 1.2417185 1.2534691 1.0450469 0.9832947 1.9615596 0.8199254 0.9217867 0.9793525 1.0097495 0.8820887 0.8233583 1.2335430 1.2335430 0.0000000 1.1734116 1.0973239 
GCF029448725_Brook_Trout       0.3074714 0.3142174 0.8147004 0.3074714 0.3149751 0.4038239 0.3221030 0.7821969 0.2898845 0.3076697 0.3440852 0.3282699 0.3089103 0.2294738 0.3074954 0.3074954 1.1734116 0.0000000 0.3684709 
Methow_River_99895             0.2915480 0.2998539 0.5603786 0.2915480 0.3007498 0.1950771 0.0289664 0.5198459 0.0242601 0.1233360 0.1582811 0.0483676 0.0303526 0.1583985 0.2915199 0.2915199 1.0973239 0.3684709 0.0000000 
