14
251140_Ward_Creek              0.0000000 0.1218892 0.0254261 0.1218892 0.1518932 0.1218892 0.2058276 0.1218892 0.1518932 0.1367408 0.2742934 0.1673577 0.4247960 0.2326162 
260512_Pybus_Point             0.1218892 0.0000000 0.0930395 0.0000010 0.0254261 0.0254261 0.4172152 0.0254261 0.0254261 0.0384698 0.3786282 0.0384698 0.5544286 0.3230871 
261935_Kenai_River             0.0254261 0.0930395 0.0000000 0.0930395 0.1218892 0.1218892 0.2058276 0.1218892 0.1218892 0.1367408 0.2742934 0.1367408 0.4247960 0.2326162 
353213_Cropley_Lake            0.1218892 0.0000010 0.0930395 0.0000000 0.0254261 0.0254261 0.4172152 0.0254261 0.0254261 0.0384698 0.3786282 0.0384698 0.5544286 0.3230871 
353219_Peterson_Creek          0.1518932 0.0254261 0.1218892 0.0254261 0.0000000 0.0517443 0.4904449 0.0517443 0.0000010 0.0627982 0.3809578 0.0121458 0.5496656 0.3459053 
353379_Skagit_River            0.1218892 0.0254261 0.1218892 0.0254261 0.0517443 0.0000000 0.4172152 0.0000010 0.0517443 0.0126053 0.3786282 0.0652585 0.4998592 0.3230871 
353381_Dungeness_River         0.2058276 0.4172152 0.2058276 0.4172152 0.4904449 0.4172152 0.0000000 0.4172152 0.4904449 0.4529370 0.8954419 0.4904449 1.4153022 0.6626257 
353401_Peace_River             0.1218892 0.0254261 0.1218892 0.0254261 0.0517443 0.0000010 0.4172152 0.0000000 0.0517443 0.0126053 0.3786282 0.0652585 0.4998592 0.3230871 
353410_Horizon_Lake            0.1518932 0.0254261 0.1218892 0.0254261 0.0000010 0.0517443 0.4904449 0.0517443 0.0000000 0.0627982 0.3809578 0.0121458 0.5496656 0.3459053 
94280_St_Joe                   0.1367408 0.0384698 0.1367408 0.0384698 0.0627982 0.0126053 0.4529370 0.0126053 0.0627982 0.0000000 0.3809578 0.0760143 0.4974702 0.3270364 
GCA016432855_Lake_Trout        0.2742934 0.3786282 0.2742934 0.3786282 0.3809578 0.3786282 0.8954419 0.3786282 0.3809578 0.3809578 0.0000000 0.4028570 0.1835189 0.0861602 
GCA045679555_Iceland_A_alpinus 0.1673577 0.0384698 0.1367408 0.0384698 0.0121458 0.0652585 0.4904449 0.0652585 0.0121458 0.0760143 0.4028570 0.0000000 0.5771910 0.3652612 
GCF013265735_Rainbow_Trout     0.4247960 0.5544286 0.4247960 0.5544286 0.5496656 0.4998592 1.4153022 0.4998592 0.5496656 0.4974702 0.1835189 0.5771910 0.0000000 0.1985194 
GCF029448725_Brook_Trout       0.2326162 0.3230871 0.2326162 0.3230871 0.3459053 0.3230871 0.6626257 0.3230871 0.3459053 0.3270364 0.0861602 0.3652612 0.1985194 0.0000000 
