19
251140_Ward_Creek              0.0000000 0.0897880 0.0769338 0.0000010 0.0377442 0.0453031 0.0387045 0.3543212 0.0000010 0.4222358 0.2664177 0.1601493 0.3766002 0.3543212 0.4682851 0.1174955 0.1174955 1.6420154 0.5577868 
260512_Pybus_Point             0.0897880 0.0000000 0.0000010 0.0897880 0.0439431 0.1421240 0.1424099 0.4219965 0.0929675 0.5085277 0.3306045 0.1881459 0.4532582 0.4219965 0.4821060 0.1375907 0.1375907 1.8282499 0.6083012 
261935_Kenai_River             0.0769338 0.0000010 0.0000000 0.0769338 0.0377643 0.1421240 0.1209751 0.3545056 0.0929675 0.4224589 0.2665942 0.1602346 0.3768046 0.3545056 0.4685158 0.1175582 0.1175582 1.6420319 0.5580694 
353213_Cropley_Lake            0.0000010 0.0897880 0.0769338 0.0000000 0.0377442 0.0453031 0.0387045 0.3543212 0.0000010 0.4222358 0.2664177 0.1601493 0.3766002 0.3543212 0.4682851 0.1174955 0.1174955 1.6420154 0.5577868 
353219_Peterson_Creek          0.0377442 0.0439431 0.0377643 0.0377442 0.0000000 0.0926878 0.0790259 0.4040002 0.0000010 0.4754634 0.3254261 0.2036479 0.4292806 0.4040002 0.5195045 0.1594904 0.1594904 1.6442992 0.6142293 
353220_Fish_Creek              0.0453031 0.1421240 0.1421240 0.0453031 0.0926878 0.0000000 0.0958020 0.4977932 0.0823988 0.5930596 0.3445577 0.2477592 0.5351217 0.4977932 0.5593866 0.1933876 0.1933876 1.8508452 0.7022948 
353246_Cottonwood_Creek        0.0387045 0.1424099 0.1209751 0.0387045 0.0790259 0.0958020 0.0000000 0.4222358 0.0994842 0.5001714 0.3419198 0.2104256 0.4503685 0.4222358 0.5463461 0.1644394 0.1644394 1.7855947 0.6532350 
353379_Skagit_River            0.3543212 0.4219965 0.3545056 0.3543212 0.4040002 0.4977932 0.4222358 0.0000000 0.9297269 0.0382124 0.2759571 0.1637433 0.0000010 0.0000010 0.2717692 0.2076369 0.2076369 1.8052732 0.3418268 
353381_Dungeness_River         0.0000010 0.0929675 0.0929675 0.0000010 0.0000010 0.0823988 0.0994842 0.9297269 0.0000000 1.1558038 0.8524355 0.4186547 1.0341231 0.9297269 1.0129791 0.3020387 0.3020387 2.4503941 1.4149273 
353401_Peace_River             0.4222358 0.5085277 0.4224589 0.4222358 0.4754634 0.5930596 0.5001714 0.0382124 1.1558038 0.0000000 0.3568148 0.2158778 0.0403625 0.0382124 0.3377531 0.2630843 0.2630843 2.0234693 0.4218905 
353407_Noatok                  0.2664177 0.3306045 0.2665942 0.2664177 0.3254261 0.3445577 0.3419198 0.2759571 0.8524355 0.3568148 0.0000000 0.1507429 0.2984938 0.2759571 0.4185665 0.0982155 0.0982155 1.9487536 0.5318870 
353410_Horizon_Lake            0.1601493 0.1881459 0.1602346 0.1601493 0.2036479 0.2477592 0.2104256 0.1637433 0.4186547 0.2158778 0.1507429 0.0000000 0.1735973 0.1637433 0.2627016 0.0373980 0.0373980 1.6159323 0.3283323 
92319_Little_Lost              0.3766002 0.4532582 0.3768046 0.3766002 0.4292806 0.5351217 0.4503685 0.0000010 1.0341231 0.0403625 0.2984938 0.1735973 0.0000000 0.0000010 0.2899568 0.2202579 0.2202579 1.9233260 0.3672272 
94280_St_Joe                   0.3543212 0.4219965 0.3545056 0.3543212 0.4040002 0.4977932 0.4222358 0.0000010 0.9297269 0.0382124 0.2759571 0.1637433 0.0000010 0.0000000 0.2717692 0.2076369 0.2076369 1.8052732 0.3418268 
GCA016432855_Lake_Trout        0.4682851 0.4821060 0.4685158 0.4682851 0.5195045 0.5593866 0.5463461 0.2717692 1.0129791 0.3377531 0.4185665 0.2627016 0.2899568 0.2717692 0.0000000 0.3102821 0.3102821 1.8263126 0.3235055 
GCA036784925_Maine_S_alpinus   0.1174955 0.1375907 0.1175582 0.1174955 0.1594904 0.1933876 0.1644394 0.2076369 0.3020387 0.2630843 0.0982155 0.0373980 0.2202579 0.2076369 0.3102821 0.0000000 0.0000010 1.6138902 0.3808960 
GCA045679555_Iceland_A_alpinus 0.1174955 0.1375907 0.1175582 0.1174955 0.1594904 0.1933876 0.1644394 0.2076369 0.3020387 0.2630843 0.0982155 0.0373980 0.2202579 0.2076369 0.3102821 0.0000010 0.0000000 1.6138902 0.3808960 
GCF013265735_Rainbow_Trout     1.6420154 1.8282499 1.6420319 1.6420154 1.6442992 1.8508452 1.7855947 1.8052732 2.4503941 2.0234693 1.9487536 1.6159323 1.9233260 1.8052732 1.8263126 1.6138902 1.6138902 0.0000000 2.2020398 
GCF029448725_Brook_Trout       0.5577868 0.6083012 0.5580694 0.5577868 0.6142293 0.7022948 0.6532350 0.3418268 1.4149273 0.4218905 0.5318870 0.3283323 0.3672272 0.3418268 0.3235055 0.3808960 0.3808960 2.2020398 0.0000000 
