18
251140_Ward_Creek              0.0000000 0.1396527 0.1195107 0.0466634 0.0838845 0.1396527 0.1195107 0.1709514 0.3976424 0.1565706 0.1537638 0.4365217 0.1565706 0.9844430 0.1379330 0.7080472 2.3940514 0.8844828 
260512_Pybus_Point             0.1396527 0.0000000 0.0818999 0.0827558 0.0482229 0.0000010 0.0818999 0.2144380 0.0000010 0.1897051 0.0477888 0.4685533 0.1897051 0.9237934 0.0319143 0.6288559 2.3490065 0.7826928 
261935_Kenai_River             0.1195107 0.0818999 0.0000000 0.1014237 0.1003164 0.0818999 0.0000010 0.2110445 0.1830169 0.1688332 0.0649806 0.4333052 0.1688332 0.8644175 0.0810152 0.6028245 2.2578687 0.7297057 
353213_Cropley_Lake            0.0466634 0.0827558 0.1014237 0.0000000 0.0319111 0.0827558 0.1014237 0.1945998 0.2433885 0.1756971 0.0972241 0.4643447 0.1756971 1.0132565 0.1194992 0.7080823 2.3935225 0.8529897 
353219_Peterson_Creek          0.0838845 0.0482229 0.1003164 0.0319111 0.0000000 0.0482229 0.1003164 0.1945998 0.1338018 0.1735236 0.0649743 0.4539825 0.1735236 0.9365211 0.0827802 0.7080823 2.3935225 0.7835629 
353220_Fish_Creek              0.1396527 0.0000010 0.0818999 0.0827558 0.0482229 0.0000000 0.0818999 0.2144380 0.0000010 0.1897051 0.0477888 0.4685533 0.1897051 0.9237934 0.0319143 0.6288559 2.3490065 0.7826928 
353246_Cottonwood_Creek        0.1195107 0.0818999 0.0000010 0.1014237 0.1003164 0.0818999 0.0000000 0.2110445 0.1830169 0.1688332 0.0649806 0.4333052 0.1688332 0.8644175 0.0810152 0.6028245 2.2578687 0.7297057 
353379_Skagit_River            0.1709514 0.2144380 0.2110445 0.1945998 0.1945998 0.2144380 0.2110445 0.0000000 0.9273787 0.0000010 0.1681146 0.2590430 0.0000010 1.0173836 0.2109697 0.7986641 2.2595888 0.9148509 
353381_Dungeness_River         0.3976424 0.0000010 0.1830169 0.2433885 0.1338018 0.0000010 0.1830169 0.9273787 0.0000000 0.5115471 0.1301748 1.4655444 0.5115471 2.1644428 0.0874429 2.0823471 2.9039961 1.9137330 
353401_Peace_River             0.1565706 0.1897051 0.1688332 0.1756971 0.1735236 0.1897051 0.1688332 0.0000010 0.5115471 0.0000000 0.1344424 0.1975683 0.0000010 0.8101487 0.1872900 0.7216903 2.2756697 0.7314040 
353410_Horizon_Lake            0.1537638 0.0477888 0.0649806 0.0972241 0.0649743 0.0477888 0.0649806 0.1681146 0.1301748 0.1344424 0.0000000 0.3916187 0.1344424 0.8160872 0.0819805 0.5397101 2.3987057 0.6522573 
92319_Little_Lost              0.4365217 0.4685533 0.4333052 0.4643447 0.4539825 0.4685533 0.4333052 0.2590430 1.4655444 0.1975683 0.3916187 0.0000000 0.1975683 0.4518407 0.4585120 0.4670781 2.1078710 1.2583664 
94280_St_Joe                   0.1565706 0.1897051 0.1688332 0.1756971 0.1735236 0.1897051 0.1688332 0.0000010 0.5115471 0.0000010 0.1344424 0.1975683 0.0000000 0.8101487 0.1872900 0.7216903 2.2756697 0.7314040 
GCA016432855_Lake_Trout        0.9844430 0.9237934 0.8644175 1.0132565 0.9365211 0.9237934 0.8644175 1.0173836 2.1644428 0.8101487 0.8160872 0.4518407 0.8101487 0.0000000 0.8909472 0.8608954 2.1513678 0.8671309 
GCA036784925_Maine_S_alpinus   0.1379330 0.0319143 0.0810152 0.1194992 0.0827802 0.0319143 0.0810152 0.2109697 0.0874429 0.1872900 0.0819805 0.4585120 0.1872900 0.8909472 0.0000000 0.6025390 2.2580487 0.7576475 
GCA045679555_Iceland_A_alpinus 0.7080472 0.6288559 0.6028245 0.7080823 0.7080823 0.6288559 0.6028245 0.7986641 2.0823471 0.7216903 0.5397101 0.4670781 0.7216903 0.8608954 0.6025390 0.0000000 2.1477459 1.4432863 
GCF013265735_Rainbow_Trout     2.3940514 2.3490065 2.2578687 2.3935225 2.3935225 2.3490065 2.2578687 2.2595888 2.9039961 2.2756697 2.3987057 2.1078710 2.2756697 2.1513678 2.2580487 2.1477459 0.0000000 2.4688830 
GCF029448725_Brook_Trout       0.8844828 0.7826928 0.7297057 0.8529897 0.7835629 0.7826928 0.7297057 0.9148509 1.9137330 0.7314040 0.6522573 1.2583664 0.7314040 0.8671309 0.7576475 1.4432863 2.4688830 0.0000000 
