10
251140_Ward_Creek          0.0000000 0.0184058 0.0000010 0.0000010 0.0600320 0.0184058 0.0811602 0.0600320 0.0372745 9.0000000 
260512_Pybus_Point         0.0184058 0.0000000 0.0184058 0.0184058 0.0811602 0.0000010 0.1029005 0.0811602 0.0566307 9.0000000 
261935_Kenai_River         0.0000010 0.0184058 0.0000000 0.0000010 0.0600320 0.0184058 0.0811602 0.0600320 0.0372745 9.0000000 
353219_Peterson_Creek      0.0000010 0.0184058 0.0000010 0.0000000 0.0600320 0.0184058 0.0811602 0.0600320 0.0372745 9.0000000 
353379_Skagit_River        0.0600320 0.0811602 0.0600320 0.0600320 0.0000000 0.0811602 0.0194814 0.0000010 0.1029005 9.0000000 
353381_Dungeness_River     0.0184058 0.0000010 0.0184058 0.0184058 0.0811602 0.0000000 0.1029005 0.0811602 0.0566307 9.0000000 
353401_Peace_River         0.0811602 0.1029005 0.0811602 0.0811602 0.0194814 0.1029005 0.0000000 0.0194814 0.1252906 9.0000000 
92319_Little_Lost          0.0600320 0.0811602 0.0600320 0.0600320 0.0000010 0.0811602 0.0194814 0.0000000 0.1029005 9.0000000 
GCA016432855_Lake_Trout    0.0372745 0.0566307 0.0372745 0.0372745 0.1029005 0.0566307 0.1252906 0.1029005 0.0000000 9.0000000 
GCF013265735_Rainbow_Trout 9.0000000 9.0000000 9.0000000 9.0000000 9.0000000 9.0000000 9.0000000 9.0000000 9.0000000 0.0000000 
