15
251140_Ward_Creek              0.0000000 0.0000010 0.0078840 0.0320345 0.0000010 0.0320345 0.0078840 0.0078802 0.0472974 0.0239022 0.0320081 0.0238828 0.1281500 0.0402862 0.0239027 
260512_Pybus_Point             0.0000010 0.0000000 0.0078840 0.0320345 0.0000010 0.0320345 0.0078840 0.0078802 0.0472974 0.0239022 0.0320081 0.0238828 0.1281500 0.0402862 0.0239027 
353246_Cottonwood_Creek        0.0078840 0.0078840 0.0000000 0.0402711 0.0124519 0.0402711 0.0000010 0.0158474 0.0637711 0.0320498 0.0402375 0.0320234 0.1375672 0.0486227 0.0320505 
353379_Skagit_River            0.0320345 0.0320345 0.0402711 0.0000000 0.0510859 0.0000010 0.0402711 0.0239022 0.0154416 0.0238903 0.0485565 0.0402516 0.1280746 0.0402657 0.0078830 
353381_Dungeness_River         0.0000010 0.0000010 0.0124519 0.0510859 0.0000000 0.0510859 0.0124519 0.0124424 0.1784194 0.0379942 0.0510176 0.0379445 0.1809689 0.0644937 0.0379956 
353401_Peace_River             0.0320345 0.0320345 0.0402711 0.0000010 0.0510859 0.0000000 0.0402711 0.0239022 0.0154416 0.0238903 0.0485565 0.0402516 0.1280746 0.0402657 0.0078830 
353407_Noatok                  0.0078840 0.0078840 0.0000010 0.0402711 0.0124519 0.0402711 0.0000000 0.0158474 0.0637711 0.0320498 0.0402375 0.0320234 0.1375672 0.0486227 0.0320505 
353410_Horizon_Lake            0.0078802 0.0078802 0.0158474 0.0239022 0.0124424 0.0239022 0.0158474 0.0000000 0.0312176 0.0158527 0.0238828 0.0158400 0.1189220 0.0320616 0.0158531 
92319_Little_Lost              0.0472974 0.0472974 0.0637711 0.0154416 0.1784194 0.0154416 0.0637711 0.0312176 0.0000000 0.0311872 0.0804628 0.0637086 0.2310183 0.0637537 0.0000010 
GCA016432855_Lake_Trout        0.0239022 0.0239022 0.0320498 0.0238903 0.0379942 0.0238903 0.0320498 0.0158527 0.0311872 0.0000000 0.0402516 0.0320345 0.1006755 0.0158510 0.0158454 
GCA036784925_Maine_S_alpinus   0.0320081 0.0320081 0.0402375 0.0485565 0.0510176 0.0485565 0.0402375 0.0238828 0.0804628 0.0402516 0.0000000 0.0078740 0.1469396 0.0570001 0.0402526 
GCA045679555_Iceland_A_alpinus 0.0238828 0.0238828 0.0320234 0.0402516 0.0379445 0.0402516 0.0320234 0.0158400 0.0637086 0.0320345 0.0078740 0.0000000 0.1374889 0.0485988 0.0320352 
GCF013265735_Rainbow_Trout     0.1281500 0.1281500 0.1375672 0.1280746 0.1809689 0.1280746 0.1375672 0.1189220 0.2310183 0.1006755 0.1469396 0.1374889 0.0000000 0.1007741 0.1188563 
GCF029448725_Brook_Trout       0.0402862 0.0402862 0.0486227 0.0402657 0.0644937 0.0402657 0.0486227 0.0320616 0.0637537 0.0158510 0.0570001 0.0485988 0.1007741 0.0000000 0.0320462 
Methow_River_99895             0.0239027 0.0239027 0.0320505 0.0078830 0.0379956 0.0078830 0.0320505 0.0158531 0.0000010 0.0158454 0.0402526 0.0320352 0.1188563 0.0320462 0.0000000 
