16
251140_Ward_Creek              0.0000000 0.0198687 0.0402781 0.0000010 0.0198687 0.0402781 0.1515931 0.0828427 0.0612585 0.0828427 0.0828427 0.0828427 0.0612585 0.0612585 0.8892177 0.1584818 
260512_Pybus_Point             0.0198687 0.0000000 0.0198687 0.0198687 0.0000010 0.0198687 0.1279691 0.0612585 0.0402781 0.0612585 0.0612585 0.0612585 0.0402781 0.0402781 0.8239592 0.1296321 
261935_Kenai_River             0.0402781 0.0198687 0.0000000 0.0402781 0.0198687 0.0402781 0.1050666 0.0402781 0.0198687 0.0402781 0.0402781 0.0402781 0.0198687 0.0198687 0.7639272 0.1018512 
353213_Cropley_Lake            0.0000010 0.0198687 0.0402781 0.0000000 0.0198687 0.0402781 0.1515931 0.0828427 0.0612585 0.0828427 0.0828427 0.0828427 0.0612585 0.0612585 0.8892177 0.1584818 
353219_Peterson_Creek          0.0198687 0.0000010 0.0198687 0.0198687 0.0000000 0.0198687 0.1279691 0.0612585 0.0402781 0.0612585 0.0612585 0.0612585 0.0402781 0.0402781 0.8239592 0.1296321 
353246_Cottonwood_Creek        0.0402781 0.0198687 0.0402781 0.0402781 0.0198687 0.0000000 0.1515931 0.0267883 0.0132747 0.0177523 0.0267883 0.0267883 0.0132747 0.0132747 0.8892177 0.0326645 
353379_Skagit_River            0.1515931 0.1279691 0.1050666 0.1515931 0.1279691 0.1515931 0.0000000 0.1050666 0.1279691 0.1515931 0.1050666 0.1050666 0.1279691 0.1279691 0.9607004 0.1884858 
353401_Peace_River             0.0828427 0.0612585 0.0402781 0.0828427 0.0612585 0.0267883 0.1050666 0.0000000 0.0222567 0.0267883 0.0000010 0.0177523 0.0222567 0.0222567 0.7639272 0.0231858 
353407_Noatok                  0.0612585 0.0402781 0.0198687 0.0612585 0.0402781 0.0132747 0.1279691 0.0222567 0.0000000 0.0132747 0.0222567 0.0222567 0.0088236 0.0088236 0.8239592 0.0279102 
353410_Horizon_Lake            0.0828427 0.0612585 0.0402781 0.0828427 0.0612585 0.0177523 0.1515931 0.0267883 0.0132747 0.0000000 0.0267883 0.0267883 0.0132747 0.0132747 0.8892177 0.0326645 
92319_Little_Lost              0.0828427 0.0612585 0.0402781 0.0828427 0.0612585 0.0267883 0.1050666 0.0000010 0.0222567 0.0267883 0.0000000 0.0177523 0.0222567 0.0222567 0.7639272 0.0231858 
GCA016432855_Lake_Trout        0.0828427 0.0612585 0.0402781 0.0828427 0.0612585 0.0267883 0.1050666 0.0177523 0.0222567 0.0267883 0.0177523 0.0000000 0.0222567 0.0222567 0.7639272 0.0231858 
GCA036784925_Maine_S_alpinus   0.0612585 0.0402781 0.0198687 0.0612585 0.0402781 0.0132747 0.1279691 0.0222567 0.0088236 0.0132747 0.0222567 0.0222567 0.0000000 0.0000010 0.8239592 0.0279102 
GCA045679555_Iceland_A_alpinus 0.0612585 0.0402781 0.0198687 0.0612585 0.0402781 0.0132747 0.1279691 0.0222567 0.0088236 0.0132747 0.0222567 0.0222567 0.0000010 0.0000000 0.8239592 0.0279102 
GCF013265735_Rainbow_Trout     0.8892177 0.8239592 0.7639272 0.8892177 0.8239592 0.8892177 0.9607004 0.7639272 0.8239592 0.8892177 0.7639272 0.7639272 0.8239592 0.8239592 0.0000000 0.1229504 
GCF029448725_Brook_Trout       0.1584818 0.1296321 0.1018512 0.1584818 0.1296321 0.0326645 0.1884858 0.0231858 0.0279102 0.0326645 0.0231858 0.0231858 0.0279102 0.0279102 0.1229504 0.0000000 
