16
251140_Ward_Creek              0.0000000 2.7438347 0.0051665 0.0000010 0.1501086 1.3944208 0.1501086 0.0051665 0.0156544 0.1501086 0.0475885 0.0156544 0.0209779 0.8627200 0.4135454 0.1676522 
260512_Pybus_Point             2.7438347 0.0000000 2.6084733 2.7438347 2.5860810 0.7159171 2.5860810 2.6084733 2.4821771 2.5860810 2.4540680 2.4821771 2.6084733 1.2047580 1.0024673 2.5860810 
261935_Kenai_River             0.0051665 2.6084733 0.0000000 0.0051665 0.1434882 1.3944208 0.1434882 0.0000010 0.0103843 0.1434882 0.0420862 0.0103843 0.0156544 0.8455155 0.4033586 0.1604174 
353213_Cropley_Lake            0.0000010 2.7438347 0.0051665 0.0000000 0.1501086 1.3944208 0.1501086 0.0051665 0.0156544 0.1501086 0.0475885 0.0156544 0.0209779 0.8627200 0.4135454 0.1676522 
353379_Skagit_River            0.1501086 2.5860810 0.1434882 0.1501086 0.0000000 1.4278334 0.0000010 0.1434882 0.1434882 0.0000010 0.1554180 0.1434882 0.1501086 0.8129700 0.3867873 0.0054820 
353381_Dungeness_River         1.3944208 0.7159171 1.3944208 1.3944208 1.4278334 0.0000000 1.4278334 1.3944208 1.3944208 1.4278334 1.4023978 1.3944208 1.4381399 1.0804178 0.8135639 1.6853263 
353401_Peace_River             0.1501086 2.5860810 0.1434882 0.1501086 0.0000010 1.4278334 0.0000000 0.1434882 0.1434882 0.0000010 0.1554180 0.1434882 0.1501086 0.8129700 0.3867873 0.0054820 
353407_Noatok                  0.0051665 2.6084733 0.0000010 0.0051665 0.1434882 1.3944208 0.1434882 0.0000000 0.0103843 0.1434882 0.0420862 0.0103843 0.0156544 0.8455155 0.4033586 0.1604174 
353410_Horizon_Lake            0.0156544 2.4821771 0.0103843 0.0156544 0.1434882 1.3944208 0.1434882 0.0103843 0.0000000 0.1434882 0.0420862 0.0000010 0.0051665 0.8455155 0.3950482 0.1604174 
94280_St_Joe                   0.1501086 2.5860810 0.1434882 0.1501086 0.0000010 1.4278334 0.0000010 0.1434882 0.1434882 0.0000000 0.1554180 0.1434882 0.1501086 0.8129700 0.3867873 0.0054129 
GCA016432855_Lake_Trout        0.0475885 2.4540680 0.0420862 0.0475885 0.1554180 1.4023978 0.1554180 0.0420862 0.0420862 0.1554180 0.0000000 0.0420862 0.0475885 0.8314634 0.3820547 0.1732891 
GCA036784925_Maine_S_alpinus   0.0156544 2.4821771 0.0103843 0.0156544 0.1434882 1.3944208 0.1434882 0.0103843 0.0000010 0.1434882 0.0420862 0.0000000 0.0051665 0.8455155 0.3950482 0.1604174 
GCA045679555_Iceland_A_alpinus 0.0209779 2.6084733 0.0156544 0.0209779 0.1501086 1.4381399 0.1501086 0.0156544 0.0051665 0.1501086 0.0475885 0.0051665 0.0000000 0.8627200 0.4051314 0.1676522 
GCF013265735_Rainbow_Trout     0.8627200 1.2047580 0.8455155 0.8627200 0.8129700 1.0804178 0.8129700 0.8455155 0.8455155 0.8129700 0.8314634 0.8455155 0.8627200 0.0000000 0.4252058 0.7466094 
GCF029448725_Brook_Trout       0.4135454 1.0024673 0.4033586 0.4135454 0.3867873 0.8135639 0.3867873 0.4033586 0.3950482 0.3867873 0.3820547 0.3950482 0.4051314 0.4252058 0.0000000 0.3886081 
Methow_River_99895             0.1676522 2.5860810 0.1604174 0.1676522 0.0054820 1.6853263 0.0054820 0.1604174 0.1604174 0.0054129 0.1732891 0.1604174 0.1676522 0.7466094 0.3886081 0.0000000 
