18
251140_Ward_Creek              0.0000000 0.1499017 0.0117739 0.1284671 1.4364063 0.1417791 0.0542128 0.2373785 0.6259085 0.2373785 1.7926496 1.8269831 1.2690311 0.2862960 1.8269831 1.8560299 0.6608470 0.5063231 
260512_Pybus_Point             0.1499017 0.0000000 0.1518448 0.0248464 1.6674961 0.0147808 0.1399451 0.0947196 0.1436419 0.0947196 0.9263381 0.9524735 0.6815771 0.2665556 0.9524735 0.9856487 0.5969613 0.2709850 
261935_Kenai_River             0.0117739 0.1518448 0.0000000 0.1446069 1.4208734 0.1435932 0.0542128 0.2314034 0.6637435 0.2314034 1.8306749 1.8104542 1.2592698 0.2803904 1.8104542 1.8397300 0.6550294 0.5001542 
353213_Cropley_Lake            0.1284671 0.0248464 0.1446069 0.0000000 1.6582420 0.0098254 0.1197929 0.0784115 0.1279281 0.0784115 0.8937455 0.9196896 0.6521380 0.2467019 0.9196896 0.9533944 0.5735433 0.2512752 
353219_Peterson_Creek          1.4364063 1.6674961 1.4208734 1.6582420 0.0000000 1.6188603 1.3772598 1.7334114 2.8432450 1.7334114 0.1339607 0.1261861 0.2439005 1.8460786 0.1261861 0.1401222 2.2439603 1.2707892 
353220_Fish_Creek              0.1417791 0.0147808 0.1435932 0.0098254 1.6188603 0.0000000 0.1189976 0.0779934 0.1115880 0.0779934 0.8788163 0.9038488 0.6440099 0.2450168 0.9038488 0.9366707 0.5681206 0.2495678 
353246_Cottonwood_Creek        0.0542128 0.1399451 0.0542128 0.1197929 1.3772598 0.1189976 0.0000000 0.2019831 0.9865802 0.2019831 1.8887566 1.8595538 1.2708622 0.2490032 1.8595538 1.8955141 0.6172304 0.4601266 
353379_Skagit_River            0.2373785 0.0947196 0.2314034 0.0784115 1.7334114 0.0779934 0.2019831 0.0000000 0.2735705 0.0000010 1.0956267 1.0675063 0.4791534 0.2470417 1.0675063 1.0990786 0.5647372 0.2578393 
353381_Dungeness_River         0.6259085 0.1436419 0.6637435 0.1279281 2.8432450 0.1115880 0.9865802 0.2735705 0.0000000 0.2735705 1.7282244 1.8037178 2.0206944 0.9679739 1.8037178 1.8459095 1.9154173 0.7087884 
353401_Peace_River             0.2373785 0.0947196 0.2314034 0.0784115 1.7334114 0.0779934 0.2019831 0.0000010 0.2735705 0.0000000 1.0956267 1.0675063 0.4791534 0.2470417 1.0675063 1.0990786 0.5647372 0.2578393 
353407_Noatok                  1.7926496 0.9263381 1.8306749 0.8937455 0.1339607 0.8788163 1.8887566 1.0956267 1.7282244 1.0956267 0.0000000 0.0298587 0.1068093 1.5051598 0.0298587 0.0401094 2.0213074 0.7860408 
353410_Horizon_Lake            1.8269831 0.9524735 1.8104542 0.9196896 0.1261861 0.9038488 1.8595538 1.0675063 1.8037178 1.0675063 0.0298587 0.0000000 0.1005164 1.4701291 0.0000010 0.0098602 1.9920548 0.7674496 
92319_Little_Lost              1.2690311 0.6815771 1.2592698 0.6521380 0.2439005 0.6440099 1.2708622 0.4791534 2.0206944 0.4791534 0.1068093 0.1005164 0.0000000 1.0192995 0.1005164 0.1126105 1.6303190 0.5115652 
GCA016432855_Lake_Trout        0.2862960 0.2665556 0.2803904 0.2467019 1.8460786 0.2450168 0.2490032 0.2470417 0.9679739 0.2470417 1.5051598 1.4701291 1.0192995 0.0000000 1.4701291 1.4981786 0.3886644 0.3288952 
GCA036784925_Maine_S_alpinus   1.8269831 0.9524735 1.8104542 0.9196896 0.1261861 0.9038488 1.8595538 1.0675063 1.8037178 1.0675063 0.0298587 0.0000010 0.1005164 1.4701291 0.0000000 0.0098602 1.9920548 0.7674496 
GCA045679555_Iceland_A_alpinus 1.8560299 0.9856487 1.8397300 0.9533944 0.1401222 0.9366707 1.8955141 1.0990786 1.8459095 1.0990786 0.0401094 0.0098602 0.1126105 1.4981786 0.0098602 0.0000000 2.0042688 0.7929968 
GCF013265735_Rainbow_Trout     0.6608470 0.5969613 0.6550294 0.5735433 2.2439603 0.5681206 0.6172304 0.5647372 1.9154173 0.5647372 2.0213074 1.9920548 1.6303190 0.3886644 1.9920548 2.0042688 0.0000000 0.9126951 
GCF029448725_Brook_Trout       0.5063231 0.2709850 0.5001542 0.2512752 1.2707892 0.2495678 0.4601266 0.2578393 0.7087884 0.2578393 0.7860408 0.7674496 0.5115652 0.3288952 0.7674496 0.7929968 0.9126951 0.0000000 
