17
251140_Ward_Creek              0.0000000 0.0132885 0.0996474 0.0132885 0.0549624 0.1138232 0.1996403 0.1996007 0.1494801 0.1299553 0.1279249 0.1996007 0.4632640 0.1960957 0.1781842 0.5107458 0.4263734 
260512_Pybus_Point             0.0132885 0.0000000 0.0848051 0.0000010 0.0409409 0.0989047 0.2556996 0.1828431 0.1296399 0.1146968 0.1110646 0.1828431 0.4419594 0.1797059 0.1621826 0.4888177 0.4051480 
261935_Kenai_River             0.0996474 0.0848051 0.0000000 0.0848051 0.0691741 0.0989047 0.7059997 0.1828431 0.0909609 0.0267522 0.1110646 0.1828431 0.3510317 0.0835040 0.0686356 0.3458803 0.3160272 
353213_Cropley_Lake            0.0132885 0.0000010 0.0848051 0.0000000 0.0409409 0.0989047 0.2556996 0.1828431 0.1296399 0.1146968 0.1110646 0.1828431 0.4419594 0.1797059 0.1621826 0.4888177 0.4051480 
353246_Cottonwood_Creek        0.0549624 0.0409409 0.0691741 0.0409409 0.0000000 0.0529392 0.7867836 0.1275938 0.2089315 0.0670609 0.0589825 0.1275938 0.3706192 0.1256631 0.1101328 0.4176357 0.3354167 
353379_Skagit_River            0.1138232 0.0989047 0.0989047 0.0989047 0.0529392 0.0000000 0.8840574 0.0684172 0.2545033 0.0958198 0.0000010 0.0684172 0.2907378 0.1569099 0.1405717 0.4227309 0.2569304 
353381_Dungeness_River         0.1996403 0.2556996 0.7059997 0.2556996 0.7867836 0.8840574 0.0000000 0.9171236 8.9999986 1.4989228 0.8948043 0.9171236 0.8921090 2.0585890 1.6961836 4.7744232 1.3380693 
353401_Peace_River             0.1996007 0.1828431 0.1828431 0.1828431 0.1275938 0.0684172 0.9171236 0.0000000 0.3951138 0.1766822 0.0765366 0.0000010 0.1960957 0.2465888 0.2273488 0.5568834 0.1649173 
353407_Noatok                  0.1494801 0.1296399 0.0909609 0.1296399 0.2089315 0.2545033 8.9999986 0.3951138 0.0000000 0.1256010 0.3002771 0.3951138 0.5774573 0.1278921 0.1075846 0.5761121 0.6229368 
353410_Horizon_Lake            0.1299553 0.1146968 0.0267522 0.1146968 0.0670609 0.0958198 1.4989228 0.1766822 0.1256010 0.0000000 0.1071880 0.1766822 0.3510317 0.0532602 0.0394258 0.3517069 0.3160272 
92319_Little_Lost              0.1279249 0.1110646 0.1110646 0.1110646 0.0589825 0.0000010 0.8948043 0.0765366 0.3002771 0.1071880 0.0000000 0.0765366 0.3327274 0.1764109 0.1577399 0.4405113 0.2939623 
94280_St_Joe                   0.1996007 0.1828431 0.1828431 0.1828431 0.1275938 0.0684172 0.9171236 0.0000010 0.3951138 0.1766822 0.0765366 0.0000000 0.1960957 0.2465888 0.2273488 0.5568834 0.1649173 
GCA016432855_Lake_Trout        0.4632640 0.4419594 0.3510317 0.4419594 0.3706192 0.2907378 0.8921090 0.1960957 0.5774573 0.3510317 0.3327274 0.1960957 0.0000000 0.4397847 0.4137369 0.6921659 0.1755165 
GCA036784925_Maine_S_alpinus   0.1960957 0.1797059 0.0835040 0.1797059 0.1256631 0.1569099 2.0585890 0.2465888 0.1278921 0.0532602 0.1764109 0.2465888 0.4397847 0.0000000 0.0130562 0.4354250 0.4033239 
GCA045679555_Iceland_A_alpinus 0.1781842 0.1621826 0.0686356 0.1621826 0.1101328 0.1405717 1.6961836 0.2273488 0.1075846 0.0394258 0.1577399 0.2273488 0.4137369 0.0130562 0.0000000 0.4109704 0.3779711 
GCF013265735_Rainbow_Trout     0.5107458 0.4888177 0.3458803 0.4888177 0.4176357 0.4227309 4.7744232 0.5568834 0.5761121 0.3517069 0.4405113 0.5568834 0.6921659 0.4354250 0.4109704 0.0000000 0.6304764 
GCF029448725_Brook_Trout       0.4263734 0.4051480 0.3160272 0.4051480 0.3354167 0.2569304 1.3380693 0.1649173 0.6229368 0.3160272 0.2939623 0.1649173 0.1755165 0.4033239 0.3779711 0.6304764 0.0000000 
