18
251140_Ward_Creek              0.0000000 0.0152172 0.0343867 0.0075592 0.0075592 0.2077109 0.0215054 0.1953780 0.0388956 0.5342298 0.6558888 0.4685693 0.0792404 0.0634626 0.0715943 1.9914331 0.2263145 0.1953780 
260512_Pybus_Point             0.0152172 0.0000000 0.0111884 0.0075358 0.0075358 0.1839591 0.0214098 0.1721979 0.0229543 0.4877096 0.6093724 0.4306402 0.0623382 0.0467947 0.0547451 1.9313250 0.2050603 0.1721979 
261935_Kenai_River             0.0343867 0.0111884 0.0000000 0.0225928 0.0225928 0.3356684 0.0609528 0.3122348 0.0462383 1.2069852 0.1951188 0.9163547 0.1068393 0.0583002 0.0702415 2.3960162 0.3088094 0.3122348 
353213_Cropley_Lake            0.0075592 0.0075358 0.0225928 0.0000000 0.0000010 0.1952554 0.0106071 0.1832509 0.0308087 0.5082762 0.6295041 0.4477241 0.0705981 0.0549648 0.0629906 1.9461284 0.2151450 0.1832509 
353219_Peterson_Creek          0.0075592 0.0075358 0.0225928 0.0000010 0.0000000 0.1952554 0.0106071 0.1832509 0.0308087 0.5082762 0.6295041 0.4477241 0.0705981 0.0549648 0.0629906 1.9461284 0.2151450 0.1832509 
353379_Skagit_River            0.2077109 0.1839591 0.3356684 0.1952554 0.1952554 0.0000000 0.3091238 0.0084997 0.1508421 0.4587892 0.8528325 0.1911986 0.1616101 0.1832509 0.1933482 1.8274874 0.3420540 0.0084997 
353381_Dungeness_River         0.0215054 0.0214098 0.0609528 0.0106071 0.0106071 0.3091238 0.0000000 0.3091238 0.0552367 1.2129640 1.2154770 0.8667630 0.1133447 0.0908925 0.1026460 2.9751902 0.2930854 0.3091238 
353401_Peace_River             0.1953780 0.1721979 0.3122348 0.1832509 0.1832509 0.0084997 0.3091238 0.0000000 0.1397960 0.4378795 0.8151722 0.1780311 0.1503405 0.1715520 0.1815078 1.7855556 0.3274971 0.0000010 
353407_Noatok                  0.0388956 0.0229543 0.0462383 0.0308087 0.0308087 0.1508421 0.0552367 0.1397960 0.0000000 0.4276575 0.5489389 0.3802064 0.0381404 0.0228963 0.0306132 1.8725872 0.1753146 0.1397960 
353410_Horizon_Lake            0.5342298 0.4877096 1.2069852 0.5082762 0.5082762 0.4587892 1.2129640 0.4378795 0.4276575 0.0000000 2.1572423 0.1473248 0.5027368 0.3751683 0.3887797 1.1755756 0.7600536 0.4378795 
92319_Little_Lost              0.6558888 0.6093724 0.1951188 0.6295041 0.6295041 0.8528325 1.2154770 0.8151722 0.5489389 2.1572423 0.0000000 1.5934460 0.5679780 0.6043768 0.6166650 2.8703887 0.8664694 0.8151722 
94280_St_Joe                   0.4685693 0.4306402 0.9163547 0.4477241 0.4477241 0.1911986 0.8667630 0.1780311 0.3802064 0.1473248 1.5934460 0.0000000 0.3963121 0.4278775 0.4404605 1.2256666 0.6406685 0.1780311 
GCA016432855_Lake_Trout        0.0792404 0.0623382 0.1068393 0.0705981 0.0705981 0.1616101 0.1133447 0.1503405 0.0381404 0.5027368 0.5679780 0.3963121 0.0000000 0.0621701 0.0701188 1.9213319 0.1849994 0.1503405 
GCA036784925_Maine_S_alpinus   0.0634626 0.0467947 0.0583002 0.0549648 0.0549648 0.1832509 0.0908925 0.1715520 0.0228963 0.3751683 0.6043768 0.4278775 0.0621701 0.0000000 0.0074848 1.9368449 0.2043485 0.1715520 
GCA045679555_Iceland_A_alpinus 0.0715943 0.0547451 0.0702415 0.0629906 0.0629906 0.1933482 0.1026460 0.1815078 0.0306132 0.3887797 0.6166650 0.4404605 0.0701188 0.0074848 0.0000000 1.9206603 0.2132534 0.1815078 
GCF013265735_Rainbow_Trout     1.9914331 1.9313250 2.3960162 1.9461284 1.9461284 1.8274874 2.9751902 1.7855556 1.8725872 1.1755756 2.8703887 1.2256666 1.9213319 1.9368449 1.9206603 0.0000000 1.9625339 1.7855556 
GCF029448725_Brook_Trout       0.2263145 0.2050603 0.3088094 0.2151450 0.2151450 0.3420540 0.2930854 0.3274971 0.1753146 0.7600536 0.8664694 0.6406685 0.1849994 0.2043485 0.2132534 1.9625339 0.0000000 0.3274971 
Methow_River_99895             0.1953780 0.1721979 0.3122348 0.1832509 0.1832509 0.0084997 0.3091238 0.0000010 0.1397960 0.4378795 0.8151722 0.1780311 0.1503405 0.1715520 0.1815078 1.7855556 0.3274971 0.0000000 
