14
251140_Ward_Creek              0.0000000 0.0000010 0.0000010 8.9999988 0.1271862 0.3265147 0.0113691 0.6998529 0.3265147 0.3241034 0.4191656 0.4191656 4.9290439 8.9999983 
260512_Pybus_Point             0.0000010 0.0000000 0.0000010 8.9999988 0.1271862 0.3265147 0.0113691 0.6998529 0.3265147 0.3241034 0.4191656 0.4191656 4.9290439 8.9999983 
261935_Kenai_River             0.0000010 0.0000010 0.0000000 8.9999989 0.1329455 0.3489727 0.0000010 0.7563007 0.3489727 0.3461344 0.3648661 0.3648661 4.3899628 8.9999982 
353379_Skagit_River            8.9999988 8.9999988 8.9999989 0.0000000 3.2760217 1.3548398 8.9999980 3.2889404 1.3548398 8.9999990 3.2665309 3.2665309 8.9999988 1.4138828 
353381_Dungeness_River         0.1271862 0.1271862 0.1329455 3.2760217 0.0000000 0.1020613 0.1405771 0.4080160 0.1020613 0.1200874 0.1859141 0.1859141 2.3414890 8.9999980 
353401_Peace_River             0.3265147 0.3265147 0.3489727 1.3548398 0.1020613 0.0000000 0.3476659 0.3445591 0.0000010 0.3369050 0.2728532 0.2728532 3.2473580 8.9999988 
353407_Noatok                  0.0113691 0.0113691 0.0000010 8.9999980 0.1405771 0.3476659 0.0000000 0.7249144 0.3476659 0.3450106 0.4424954 0.4424954 4.4040597 8.9999982 
353410_Horizon_Lake            0.6998529 0.6998529 0.7563007 3.2889404 0.4080160 0.3445591 0.7249144 0.0000000 0.3445591 0.6662128 0.4803066 0.4803066 2.8328783 8.9999985 
92319_Little_Lost              0.3265147 0.3265147 0.3489727 1.3548398 0.1020613 0.0000010 0.3476659 0.3445591 0.0000000 0.3369050 0.2728532 0.2728532 3.2473580 8.9999988 
GCA016432855_Lake_Trout        0.3241034 0.3241034 0.3461344 8.9999990 0.1200874 0.3369050 0.3450106 0.6662128 0.3369050 0.0000000 0.5893965 0.5893965 8.9999986 8.9999988 
GCA036784925_Maine_S_alpinus   0.4191656 0.4191656 0.3648661 3.2665309 0.1859141 0.2728532 0.4424954 0.4803066 0.2728532 0.5893965 0.0000000 0.0000010 3.9921635 8.9999983 
GCA045679555_Iceland_A_alpinus 0.4191656 0.4191656 0.3648661 3.2665309 0.1859141 0.2728532 0.4424954 0.4803066 0.2728532 0.5893965 0.0000010 0.0000000 3.9921635 8.9999983 
GCF013265735_Rainbow_Trout     4.9290439 4.9290439 4.3899628 8.9999988 2.3414890 3.2473580 4.4040597 2.8328783 3.2473580 8.9999986 3.9921635 3.9921635 0.0000000 9.0000000 
GCF029448725_Brook_Trout       8.9999983 8.9999983 8.9999982 1.4138828 8.9999980 8.9999988 8.9999982 8.9999985 8.9999988 8.9999988 8.9999983 8.9999983 9.0000000 0.0000000 
