14
251140_Ward_Creek              0.0000000 0.6015285 0.6015285 0.0000010 0.0834358 0.0000010 0.0834358 0.0406463 0.0198961 0.1291034 0.1267659 0.0198961 0.4836861 0.1057431 
260512_Pybus_Point             0.6015285 0.0000000 0.0000010 0.6015285 0.6015285 0.6632689 0.6015285 0.6996762 0.6412678 0.6995355 0.8973205 0.6015285 1.9874842 0.8640702 
261935_Kenai_River             0.6015285 0.0000010 0.0000000 0.6015285 0.6015285 0.6632689 0.6015285 0.6996762 0.6412678 0.6995355 0.8973205 0.6015285 1.9874842 0.8640702 
353220_Fish_Creek              0.0000010 0.6015285 0.6015285 0.0000000 0.0834358 0.0000010 0.0834358 0.0406463 0.0198961 0.1291034 0.1267659 0.0198961 0.4836861 0.1057431 
353379_Skagit_River            0.0834358 0.6015285 0.6015285 0.0834358 0.0000000 0.0889271 0.0000010 0.0826270 0.1051835 0.0104076 0.0613870 0.0834358 0.5506343 0.0552626 
353381_Dungeness_River         0.0000010 0.6632689 0.6632689 0.0000010 0.0889271 0.0000000 0.0889271 0.0432488 0.0211418 0.1378913 0.1352259 0.0211418 0.4798735 0.1128083 
353401_Peace_River             0.0834358 0.6015285 0.6015285 0.0834358 0.0000010 0.0889271 0.0000000 0.0826270 0.1051835 0.0104076 0.0613870 0.0834358 0.5506343 0.0552626 
353407_Noatok                  0.0406463 0.6996762 0.6996762 0.0406463 0.0826270 0.0432488 0.0826270 0.0000000 0.0614707 0.1278002 0.1255100 0.0614707 0.4769478 0.1046988 
353410_Horizon_Lake            0.0198961 0.6412678 0.6412678 0.0198961 0.1051835 0.0211418 0.1051835 0.0614707 0.0000000 0.1519655 0.1491845 0.0401091 0.5169891 0.1280011 
92319_Little_Lost              0.1291034 0.6995355 0.6995355 0.1291034 0.0104076 0.1378913 0.0104076 0.1278002 0.1519655 0.0000000 0.0743341 0.1291034 0.6352846 0.0681572 
GCA016432855_Lake_Trout        0.1267659 0.8973205 0.8973205 0.1267659 0.0613870 0.1352259 0.0613870 0.1255100 0.1491845 0.0743341 0.0000000 0.1491845 0.5437738 0.0300764 
GCA045679555_Iceland_A_alpinus 0.0198961 0.6015285 0.6015285 0.0198961 0.0834358 0.0211418 0.0834358 0.0614707 0.0401091 0.1291034 0.1491845 0.0000000 0.5169891 0.1280011 
GCF013265735_Rainbow_Trout     0.4836861 1.9874842 1.9874842 0.4836861 0.5506343 0.4798735 0.5506343 0.4769478 0.5169891 0.6352846 0.5437738 0.5169891 0.0000000 0.5171288 
GCF029448725_Brook_Trout       0.1057431 0.8640702 0.8640702 0.1057431 0.0552626 0.1128083 0.0552626 0.1046988 0.1280011 0.0681572 0.0300764 0.1280011 0.5171288 0.0000000 
