15
251140_Ward_Creek            0.0000000 0.0000010 0.0656281 0.0126550 0.0650709 1.4564790 0.1580521 0.1375775 0.0786968 0.0517144 0.1375775 1.1962748 0.0517144 1.7423104 0.3812040 
260512_Pybus_Point           0.0000010 0.0000000 0.0656281 0.0126550 0.0650709 1.4564790 0.1580521 0.1375775 0.0786968 0.0517144 0.1375775 1.1962748 0.0517144 1.7423104 0.3812040 
261935_Kenai_River           0.0656281 0.0656281 0.0000000 0.0800386 0.0507625 1.4464516 0.2448927 0.1230775 0.0378036 0.0378256 0.1230775 1.1287556 0.0378256 1.7123238 0.3549856 
353213_Cropley_Lake          0.0126550 0.0126550 0.0800386 0.0000000 0.0793375 1.5271998 0.1757082 0.1539783 0.0933055 0.0656703 0.1539783 1.2826204 0.0656703 1.7961782 0.4058487 
353246_Cottonwood_Creek      0.0650709 0.0650709 0.0507625 0.0793375 0.0000000 1.3756088 0.2419782 0.0934065 0.0375039 0.0123306 0.0934065 1.0216297 0.0123306 1.6550617 0.3149740 
353379_Skagit_River          1.4564790 1.4564790 1.4464516 1.5271998 1.3756088 0.0000000 1.7687554 1.1503170 1.3929558 1.3610010 1.1503170 2.6205848 1.3610010 2.5223129 1.7109740 
353381_Dungeness_River       0.1580521 0.1580521 0.2448927 0.1757082 0.2419782 1.7687554 0.0000000 0.3088426 0.2595086 0.2251611 0.3088426 1.6687289 0.2251611 2.0655577 0.2367864 
353401_Peace_River           0.1375775 0.1375775 0.1230775 0.1539783 0.0934065 1.1503170 0.3088426 0.0000000 0.1076004 0.0795340 0.0000010 0.5065614 0.0795340 1.7566360 0.3583489 
353407_Noatok                0.0786968 0.0786968 0.0378036 0.0933055 0.0375039 1.3929558 0.2595086 0.1076004 0.0000000 0.0248444 0.1076004 1.0541997 0.0248444 1.6600960 0.3327635 
353410_Horizon_Lake          0.0517144 0.0517144 0.0378256 0.0656703 0.0123306 1.3610010 0.2251611 0.0795340 0.0248444 0.0000000 0.0795340 0.9929254 0.0000010 1.6512116 0.2980256 
92319_Little_Lost            0.1375775 0.1375775 0.1230775 0.1539783 0.0934065 1.1503170 0.3088426 0.0000010 0.1076004 0.0795340 0.0000000 0.5065614 0.0795340 1.7566360 0.3583489 
GCA016432855_Lake_Trout      1.1962748 1.1962748 1.1287556 1.2826204 1.0216297 2.6205848 1.6687289 0.5065614 1.0541997 0.9929254 0.5065614 0.0000000 0.9929254 2.2689754 1.5545007 
GCA036784925_Maine_S_alpinus 0.0517144 0.0517144 0.0378256 0.0656703 0.0123306 1.3610010 0.2251611 0.0795340 0.0248444 0.0000010 0.0795340 0.9929254 0.0000000 1.6512116 0.2980256 
GCF013265735_Rainbow_Trout   1.7423104 1.7423104 1.7123238 1.7961782 1.6550617 2.5223129 2.0655577 1.7566360 1.6600960 1.6512116 1.7566360 2.2689754 1.6512116 0.0000000 1.9702013 
GCF029448725_Brook_Trout     0.3812040 0.3812040 0.3549856 0.4058487 0.3149740 1.7109740 0.2367864 0.3583489 0.3327635 0.2980256 0.3583489 1.5545007 0.2980256 1.9702013 0.0000000 
