19
251140_Ward_Creek              0.0000000 0.0091051 0.0010225 0.0079918 0.0079918 0.1730192 0.1655555 0.0943329 0.0688241 0.0902817 0.0102142 0.0696964 0.0688241 0.0798517 0.0102142 0.0096592 0.2020627 0.1044599 0.0698349 
260512_Pybus_Point             0.0091051 0.0000000 0.0079921 0.0010245 0.0010245 0.1693081 0.1480801 0.0752998 0.0563980 0.0949495 0.0020597 0.0572198 0.0563980 0.0667863 0.0020597 0.0015420 0.1864284 0.1072260 0.0573308 
261935_Kenai_River             0.0010225 0.0079921 0.0000000 0.0091051 0.0091051 0.1702294 0.1655643 0.0920564 0.0688877 0.0902817 0.0102297 0.0697599 0.0688877 0.0799135 0.0102297 0.0096739 0.2020549 0.1045191 0.0698985 
353213_Cropley_Lake            0.0079918 0.0010245 0.0091051 0.0000000 0.0000010 0.1720987 0.1480599 0.0774391 0.0563363 0.0949495 0.0020566 0.0571578 0.0563363 0.0667227 0.0020566 0.0015397 0.1864301 0.1071689 0.0572687 
353219_Peterson_Creek          0.0079918 0.0010245 0.0091051 0.0000010 0.0000000 0.1720987 0.1480599 0.0774391 0.0563363 0.0949495 0.0020566 0.0571578 0.0563363 0.0667227 0.0020566 0.0015397 0.1864301 0.1071689 0.0572687 
353220_Fish_Creek              0.1730192 0.1693081 0.1702294 0.1720987 0.1720987 0.0000000 0.1120575 0.1368614 0.0933455 0.1938832 0.1734848 0.0933455 0.0933455 0.1062912 0.1721048 0.1721048 0.1607304 0.0838412 0.0945449 
353379_Skagit_River            0.1655555 0.1480801 0.1655643 0.1480599 0.1480599 0.1120575 0.0000000 0.0998071 0.0610557 0.1782329 0.1503612 0.0619659 0.0610557 0.0784289 0.1503612 0.1492298 0.1431907 0.1167608 0.0620971 
353381_Dungeness_River         0.0943329 0.0752998 0.0920564 0.0774391 0.0774391 0.1368614 0.0998071 0.0000000 0.0106327 0.1405786 0.0775117 0.0113440 0.0106327 0.0223545 0.0775117 0.0764841 0.1512168 0.0541501 0.0113673 
353401_Peace_River             0.0688241 0.0563980 0.0688877 0.0563363 0.0563363 0.0933455 0.0610557 0.0106327 0.0000000 0.0910953 0.0563955 0.0005205 0.0000010 0.0115103 0.0563955 0.0556388 0.1041608 0.0350503 0.0005213 
353407_Noatok                  0.0902817 0.0949495 0.0902817 0.0949495 0.0949495 0.1938832 0.1782329 0.1405786 0.0910953 0.0000000 0.0970024 0.0910953 0.0910953 0.1136824 0.0950600 0.0950600 0.2334261 0.0852579 0.0932605 
353410_Horizon_Lake            0.0102142 0.0020597 0.0102297 0.0020566 0.0020566 0.1734848 0.1503612 0.0775117 0.0563955 0.0970024 0.0000000 0.0572172 0.0563955 0.0667834 0.0010229 0.0005105 0.1864183 0.1072208 0.0573282 
92319_Little_Lost              0.0696964 0.0572198 0.0697599 0.0571578 0.0571578 0.0933455 0.0619659 0.0113440 0.0005205 0.0910953 0.0572172 0.0000000 0.0005205 0.0120991 0.0572172 0.0564572 0.1041608 0.0350503 0.0010462 
94280_St_Joe                   0.0688241 0.0563980 0.0688877 0.0563363 0.0563363 0.0933455 0.0610557 0.0106327 0.0000010 0.0910953 0.0563955 0.0005205 0.0000000 0.0115103 0.0563955 0.0556388 0.1041608 0.0350503 0.0005213 
GCA016432855_Lake_Trout        0.0798517 0.0667863 0.0799135 0.0667227 0.0667227 0.1062912 0.0784289 0.0223545 0.0115103 0.1136824 0.0667834 0.0120991 0.0115103 0.0000000 0.0667834 0.0659851 0.0947011 0.0376580 0.0121195 
GCA036784925_Maine_S_alpinus   0.0102142 0.0020597 0.0102297 0.0020566 0.0020566 0.1721048 0.1503612 0.0775117 0.0563955 0.0950600 0.0010229 0.0572172 0.0563955 0.0667834 0.0000000 0.0005105 0.1864183 0.1061002 0.0573282 
GCA045679555_Iceland_A_alpinus 0.0096592 0.0015420 0.0096739 0.0015397 0.0015397 0.1721048 0.1492298 0.0764841 0.0556388 0.0950600 0.0005105 0.0564572 0.0556388 0.0659851 0.0005105 0.0000000 0.1850986 0.1061002 0.0565666 
GCF013265735_Rainbow_Trout     0.2020627 0.1864284 0.2020549 0.1864301 0.1864301 0.1607304 0.1431907 0.1512168 0.1041608 0.2334261 0.1864183 0.1041608 0.1041608 0.0947011 0.1864183 0.1850986 0.0000000 0.1103349 0.1053211 
GCF029448725_Brook_Trout       0.1044599 0.1072260 0.1045191 0.1071689 0.1071689 0.0838412 0.1167608 0.0541501 0.0350503 0.0852579 0.1072208 0.0350503 0.0350503 0.0376580 0.1061002 0.1061002 0.1103349 0.0000000 0.0359035 
Methow_River_99895             0.0698349 0.0573308 0.0698985 0.0572687 0.0572687 0.0945449 0.0620971 0.0113673 0.0005213 0.0932605 0.0573282 0.0010462 0.0005213 0.0121195 0.0573282 0.0565666 0.1053211 0.0359035 0.0000000 
