6
251140_Ward_Creek          0.0000000 0.0000010 0.2104883 1.4428289 0.1177949 0.0367687 
260512_Pybus_Point         0.0000010 0.0000000 0.2104883 1.4428289 0.1177949 0.0367687 
GCA016432855_Lake_Trout    0.2104883 0.2104883 0.0000000 1.5207995 0.2519437 0.2671248 
GCF013265735_Rainbow_Trout 1.4428289 1.4428289 1.5207995 0.0000000 1.4138338 1.6881015 
GCF029448725_Brook_Trout   0.1177949 0.1177949 0.2519437 1.4138338 0.0000000 0.1652142 
Methow_River_99895         0.0367687 0.0367687 0.2671248 1.6881015 0.1652142 0.0000000 
