12
251140_Ward_Creek              0.0000000 0.0000010 0.2316447 8.9999984 0.0000010 8.9999984 0.2316447 8.9999984 0.2316447 0.2316447 9.0000000 0.5685560 
260512_Pybus_Point             0.0000010 0.0000000 0.2316447 8.9999984 0.0000010 8.9999984 0.2316447 8.9999984 0.2316447 0.2316447 9.0000000 0.5685560 
353246_Cottonwood_Creek        0.2316447 0.2316447 0.0000000 8.9999980 0.2365956 8.9999980 0.5685560 8.9999989 0.5685560 0.5685560 9.0000000 1.1964605 
353379_Skagit_River            8.9999984 8.9999984 8.9999980 0.0000000 8.9999985 0.0000010 8.9999980 8.9999981 8.9999980 8.9999980 9.0000000 8.9999988 
353381_Dungeness_River         0.0000010 0.0000010 0.2365956 8.9999985 0.0000000 8.9999985 0.2365956 8.9999982 0.2365956 0.2365956 9.0000000 0.5841835 
353401_Peace_River             8.9999984 8.9999984 8.9999980 0.0000010 8.9999985 0.0000000 8.9999980 8.9999981 8.9999980 8.9999980 9.0000000 8.9999988 
353410_Horizon_Lake            0.2316447 0.2316447 0.5685560 8.9999980 0.2365956 8.9999980 0.0000000 8.9999989 0.0000010 0.0000010 9.0000000 1.1964605 
GCA016432855_Lake_Trout        8.9999984 8.9999984 8.9999989 8.9999981 8.9999982 8.9999981 8.9999989 0.0000000 8.9999989 8.9999989 9.0000000 0.5685560 
GCA036784925_Maine_S_alpinus   0.2316447 0.2316447 0.5685560 8.9999980 0.2365956 8.9999980 0.0000010 8.9999989 0.0000000 0.0000010 9.0000000 1.1964605 
GCA045679555_Iceland_A_alpinus 0.2316447 0.2316447 0.5685560 8.9999980 0.2365956 8.9999980 0.0000010 8.9999989 0.0000010 0.0000000 9.0000000 1.1964605 
GCF013265735_Rainbow_Trout     9.0000000 9.0000000 9.0000000 9.0000000 9.0000000 9.0000000 9.0000000 9.0000000 9.0000000 9.0000000 0.0000000 9.0000000 
GCF029448725_Brook_Trout       0.5685560 0.5685560 1.1964605 8.9999988 0.5841835 8.9999988 1.1964605 0.5685560 1.1964605 1.1964605 9.0000000 0.0000000 
