14
251140_Ward_Creek              0.0000000 0.0000010 0.0152818 0.1113304 0.0323743 0.0821327 0.0742479 0.1172078 0.0821327 0.1759335 0.0651683 0.0651683 2.0727133 0.5358232 
260512_Pybus_Point             0.0000010 0.0000000 0.0152818 0.1113304 0.0323743 0.0821327 0.0742479 0.1172078 0.0821327 0.1759335 0.0651683 0.0651683 2.0727133 0.5358232 
353219_Peterson_Creek          0.0152818 0.0152818 0.0000000 0.1323490 0.0668665 0.1001927 0.0945724 0.1394848 0.1001927 0.1971511 0.0827933 0.0827933 2.1708917 0.5743690 
353379_Skagit_River            0.1113304 0.1113304 0.1323490 0.0000000 0.3223009 0.0097988 0.0429651 0.0216484 0.0097988 0.1266553 0.0397687 0.0397687 2.7119690 0.2974513 
353381_Dungeness_River         0.0323743 0.0323743 0.0668665 0.3223009 0.0000000 0.2382244 0.1535034 0.4560468 0.2382244 0.5328445 0.1944938 0.1944938 4.2704494 3.0940383 
353401_Peace_River             0.0821327 0.0821327 0.1001927 0.0097988 0.2382244 0.0000000 0.0299794 0.0100650 0.0000010 0.1081473 0.0278941 0.0278941 2.4276394 0.2635714 
353407_Noatok                  0.0742479 0.0742479 0.0945724 0.0429651 0.1535034 0.0299794 0.0000000 0.0442477 0.0299794 0.1056109 0.0198879 0.0198879 2.9366940 0.2741521 
92319_Little_Lost              0.1172078 0.1172078 0.1394848 0.0216484 0.4560468 0.0100650 0.0442477 0.0000000 0.0100650 0.1303702 0.0408651 0.0408651 2.8026894 0.3073956 
94280_St_Joe                   0.0821327 0.0821327 0.1001927 0.0097988 0.2382244 0.0000010 0.0299794 0.0100650 0.0000000 0.1081473 0.0278941 0.0278941 2.4276394 0.2635714 
GCA016432855_Lake_Trout        0.1759335 0.1759335 0.1971511 0.1266553 0.5328445 0.1081473 0.1056109 0.1303702 0.1081473 0.0000000 0.0978436 0.0978436 2.8395933 0.2481390 
GCA036784925_Maine_S_alpinus   0.0651683 0.0651683 0.0827933 0.0397687 0.1944938 0.0278941 0.0198879 0.0408651 0.0278941 0.0978436 0.0000000 0.0000010 2.4425419 0.2512313 
GCA045679555_Iceland_A_alpinus 0.0651683 0.0651683 0.0827933 0.0397687 0.1944938 0.0278941 0.0198879 0.0408651 0.0278941 0.0978436 0.0000010 0.0000000 2.4425419 0.2512313 
GCF013265735_Rainbow_Trout     2.0727133 2.0727133 2.1708917 2.7119690 4.2704494 2.4276394 2.9366940 2.8026894 2.4276394 2.8395933 2.4425419 2.4425419 0.0000000 3.7521493 
GCF029448725_Brook_Trout       0.5358232 0.5358232 0.5743690 0.2974513 3.0940383 0.2635714 0.2741521 0.3073956 0.2635714 0.2481390 0.2512313 0.2512313 3.7521493 0.0000000 
