19
251140_Ward_Creek              0.0000000 0.0171611 0.0227582 0.0168774 0.0168774 0.0178293 0.0178293 0.0409029 0.0000010 0.0313790 0.0235433 0.0225958 0.0399083 0.0313790 0.0312748 0.0225958 0.0239540 0.1396136 0.0383114 
260512_Pybus_Point             0.0171611 0.0000000 0.0032316 0.0000010 0.0000010 0.0009333 0.0009333 0.0191181 0.0247142 0.0141869 0.0065574 0.0056192 0.0186554 0.0141869 0.0141401 0.0056192 0.0066712 0.1202418 0.0209567 
261935_Kenai_River             0.0227582 0.0032316 0.0000000 0.0031714 0.0031714 0.0042324 0.0042324 0.0195808 0.0327224 0.0138976 0.0042281 0.0042297 0.0190285 0.0138976 0.0116988 0.0042297 0.0043100 0.1300874 0.0204666 
353213_Cropley_Lake            0.0168774 0.0000010 0.0031714 0.0000000 0.0000010 0.0009180 0.0009180 0.0187239 0.0241302 0.0139543 0.0064509 0.0055280 0.0182799 0.0139543 0.0139089 0.0055280 0.0065610 0.1181036 0.0206113 
353219_Peterson_Creek          0.0168774 0.0000010 0.0031714 0.0000010 0.0000000 0.0009180 0.0009180 0.0187239 0.0241302 0.0139543 0.0064509 0.0055280 0.0182799 0.0139543 0.0139089 0.0055280 0.0065610 0.1181036 0.0206113 
353220_Fish_Creek              0.0178293 0.0009333 0.0042324 0.0009180 0.0009180 0.0000000 0.0000010 0.0187239 0.0255001 0.0148964 0.0073783 0.0064544 0.0194416 0.0148964 0.0148480 0.0064544 0.0075044 0.1192181 0.0215656 
353246_Cottonwood_Creek        0.0178293 0.0009333 0.0042324 0.0009180 0.0009180 0.0000010 0.0000000 0.0187239 0.0255001 0.0148964 0.0073783 0.0064544 0.0194416 0.0148964 0.0148480 0.0064544 0.0075044 0.1192181 0.0215656 
353379_Skagit_River            0.0409029 0.0191181 0.0195808 0.0187239 0.0187239 0.0187239 0.0187239 0.0000000 0.0605016 0.0010309 0.0163481 0.0163549 0.0025959 0.0010309 0.0246905 0.0163549 0.0179097 0.1579488 0.0345816 
353381_Dungeness_River         0.0000010 0.0247142 0.0327224 0.0241302 0.0241302 0.0255001 0.0255001 0.0605016 0.0000000 0.0409372 0.0296076 0.0296118 0.0581540 0.0409372 0.0407158 0.0296118 0.0317466 0.1985619 0.0524242 
353401_Peace_River             0.0313790 0.0141869 0.0138976 0.0139543 0.0139543 0.0148964 0.0148964 0.0010309 0.0409372 0.0000000 0.0120730 0.0130106 0.0010092 0.0000010 0.0196247 0.0130106 0.0141835 0.1248470 0.0264396 
353407_Noatok                  0.0235433 0.0065574 0.0042281 0.0064509 0.0064509 0.0073783 0.0073783 0.0163481 0.0296076 0.0120730 0.0000000 0.0046010 0.0159612 0.0120730 0.0111030 0.0046010 0.0056167 0.1147960 0.0177609 
353410_Horizon_Lake            0.0225958 0.0056192 0.0042297 0.0055280 0.0055280 0.0064544 0.0064544 0.0163549 0.0296118 0.0130106 0.0046010 0.0000000 0.0171156 0.0130106 0.0120365 0.0000010 0.0008825 0.1176688 0.0186119 
92319_Little_Lost              0.0399083 0.0186554 0.0190285 0.0182799 0.0182799 0.0194416 0.0194416 0.0025959 0.0581540 0.0010092 0.0159612 0.0171156 0.0000000 0.0010092 0.0252755 0.0171156 0.0186500 0.1551811 0.0337475 
94280_St_Joe                   0.0313790 0.0141869 0.0138976 0.0139543 0.0139543 0.0148964 0.0148964 0.0010309 0.0409372 0.0000010 0.0120730 0.0130106 0.0010092 0.0000000 0.0196247 0.0130106 0.0141835 0.1248470 0.0264396 
GCA016432855_Lake_Trout        0.0312748 0.0141401 0.0116988 0.0139089 0.0139089 0.0148480 0.0148480 0.0246905 0.0407158 0.0196247 0.0111030 0.0120365 0.0252755 0.0196247 0.0000000 0.0120365 0.0131880 0.1160354 0.0102386 
GCA036784925_Maine_S_alpinus   0.0225958 0.0056192 0.0042297 0.0055280 0.0055280 0.0064544 0.0064544 0.0163549 0.0296118 0.0130106 0.0046010 0.0000010 0.0171156 0.0130106 0.0120365 0.0000000 0.0008825 0.1176688 0.0186119 
GCA045679555_Iceland_A_alpinus 0.0239540 0.0066712 0.0043100 0.0065610 0.0065610 0.0075044 0.0075044 0.0179097 0.0317466 0.0141835 0.0056167 0.0008825 0.0186500 0.0141835 0.0131880 0.0008825 0.0000000 0.1209238 0.0198229 
GCF013265735_Rainbow_Trout     0.1396136 0.1202418 0.1300874 0.1181036 0.1181036 0.1192181 0.1192181 0.1579488 0.1985619 0.1248470 0.1147960 0.1176688 0.1551811 0.1248470 0.1160354 0.1176688 0.1209238 0.0000000 0.1262922 
GCF029448725_Brook_Trout       0.0383114 0.0209567 0.0204666 0.0206113 0.0206113 0.0215656 0.0215656 0.0345816 0.0524242 0.0264396 0.0177609 0.0186119 0.0337475 0.0264396 0.0102386 0.0186119 0.0198229 0.1262922 0.0000000 
