13
251140_Ward_Creek              0.0000000 0.0000010 1.2053593 0.5385004 0.4297697 0.0711290 0.4297697 0.4297697 0.6426772 0.0310147 0.0305226 1.8405975 1.2953483 
260512_Pybus_Point             0.0000010 0.0000000 1.2053593 0.5385004 0.4297697 0.0711290 0.4297697 0.4297697 0.6426772 0.0310147 0.0305226 1.8405975 1.2953483 
353379_Skagit_River            1.2053593 1.2053593 0.0000000 0.5442025 0.4320312 2.6340215 0.4320312 0.4320312 0.6507768 1.3424321 1.2524354 0.5825883 1.3488713 
353381_Dungeness_River         0.5385004 0.5385004 0.5442025 0.0000000 0.0000010 2.0368241 0.0000010 0.0000010 0.1527783 0.6248104 0.5974940 1.5027330 0.6669450 
353401_Peace_River             0.4297697 0.4297697 0.4320312 0.0000010 0.0000000 1.4262840 0.0000010 0.0000010 0.1274832 0.4917457 0.4762848 1.3340022 0.5278404 
353407_Noatok                  0.0711290 0.0711290 2.6340215 2.0368241 1.4262840 0.0000000 1.4262840 1.4262840 1.7770983 0.0711290 0.1471810 2.5946286 2.5719085 
353410_Horizon_Lake            0.4297697 0.4297697 0.4320312 0.0000010 0.0000010 1.4262840 0.0000000 0.0000010 0.1274832 0.4917457 2.7877763 1.3092452 0.5278404 
94280_St_Joe                   0.4297697 0.4297697 0.4320312 0.0000010 0.0000010 1.4262840 0.0000010 0.0000000 0.1274832 0.4917457 0.4762848 1.3340022 0.5278404 
GCA016432855_Lake_Trout        0.6426772 0.6426772 0.6507768 0.1527783 0.1274832 1.7770983 0.1274832 0.1274832 0.0000000 0.7225458 0.6934426 1.2081455 0.4195675 
GCA036784925_Maine_S_alpinus   0.0310147 0.0310147 1.3424321 0.6248104 0.4917457 0.0711290 0.4917457 0.4917457 0.7225458 0.0000000 0.0630172 1.9271241 1.4234312 
GCA045679555_Iceland_A_alpinus 0.0305226 0.0305226 1.2524354 0.5974940 0.4762848 0.1471810 2.7877763 0.4762848 0.6934426 0.0630172 0.0000000 1.8456466 1.3343707 
GCF013265735_Rainbow_Trout     1.8405975 1.8405975 0.5825883 1.5027330 1.3340022 2.5946286 1.3092452 1.3340022 1.2081455 1.9271241 1.8456466 0.0000000 1.6754446 
GCF029448725_Brook_Trout       1.2953483 1.2953483 1.3488713 0.6669450 0.5278404 2.5719085 0.5278404 0.5278404 0.4195675 1.4234312 1.3343707 1.6754446 0.0000000 
