19
251140_Ward_Creek              0.0000000 0.0211715 0.4356979 0.0104593 0.0104593 0.0538240 0.0999597 0.1574338 0.2828900 0.1569915 0.0708261 0.0941543 0.1507485 0.1569915 0.1383292 0.0939121 0.0319305 0.6799818 0.1445118 
260512_Pybus_Point             0.0211715 0.0000000 0.4157862 0.0319239 0.0319239 0.0767205 0.0997005 0.1569820 0.3968221 0.1565426 0.0706505 0.0939121 0.1503210 0.1565426 0.1379434 0.0936712 0.0318558 0.6756193 0.1440882 
261935_Kenai_River             0.4356979 0.4157862 0.0000000 0.4638269 0.4638269 0.4818037 0.4530646 0.7460621 8.9999982 0.7317518 0.4496836 0.4050886 0.7146328 0.7317518 0.6692481 0.4356591 0.4294926 2.2798915 0.7977853 
353213_Cropley_Lake            0.0104593 0.0319239 0.4638269 0.0000000 0.0000010 0.0649277 0.1116677 0.1700564 0.3153362 0.1695702 0.0821611 0.1058012 0.1632594 0.1695702 0.1507063 0.1055246 0.0427978 0.7008944 0.1574873 
353219_Peterson_Creek          0.0104593 0.0319239 0.4638269 0.0000010 0.0000000 0.0649277 0.1116677 0.1700564 0.3153362 0.1695702 0.0821611 0.1058012 0.1632594 0.1695702 0.1507063 0.1055246 0.0427978 0.7008944 0.1574873 
353220_Fish_Creek              0.0538240 0.0767205 0.4818037 0.0649277 0.0649277 0.0000000 0.0426259 0.1558612 0.3827306 0.1554284 0.0372970 0.0372009 0.1492516 0.1554284 0.1369631 0.0371136 0.0644880 0.6703346 0.1430204 
353246_Cottonwood_Creek        0.0999597 0.0997005 0.4530646 0.1116677 0.1116677 0.0426259 0.0000000 0.1549627 0.6436867 0.1545355 0.0371180 0.0157038 0.1484012 0.1545355 0.1361951 0.0156682 0.0868843 0.6619237 0.1485362 
353379_Skagit_River            0.1574338 0.1569820 0.7460621 0.1700564 0.1700564 0.1558612 0.1549627 0.0000000 1.0063152 0.0102942 0.1492362 0.1488161 0.0051340 0.0102942 0.1154120 0.1484004 0.1423226 0.5460443 0.1403486 
353381_Dungeness_River         0.2828900 0.3968221 8.9999982 0.3153362 0.3153362 0.3827306 0.6436867 1.0063152 0.0000000 1.1291523 0.5612468 0.6021960 1.0866492 1.1291523 0.8462741 0.5880305 0.3548652 3.0117912 1.3824406 
353401_Peace_River             0.1569915 0.1565426 0.7317518 0.1695702 0.1695702 0.1554284 0.1545355 0.0102942 1.1291523 0.0000000 0.1488268 0.1484093 0.0050325 0.0000010 0.1282237 0.1479962 0.1419382 0.5645029 0.1399597 
353407_Noatok                  0.0708261 0.0706505 0.4496836 0.0821611 0.0821611 0.0372970 0.0371180 0.1492362 0.5612468 0.1488268 0.0000000 0.0317335 0.1427042 0.1488268 0.1305223 0.0316598 0.0699993 0.6559267 0.1362564 
353410_Horizon_Lake            0.0941543 0.0939121 0.4050886 0.1058012 0.1058012 0.0372009 0.0157038 0.1488161 0.6021960 0.1484093 0.0317335 0.0000000 0.1423070 0.1484093 0.1301648 0.0104190 0.0812434 0.6519157 0.1421872 
92319_Little_Lost              0.1507485 0.1503210 0.7146328 0.1632594 0.1632594 0.1492516 0.1484012 0.0051340 1.0866492 0.0050325 0.1427042 0.1423070 0.0000000 0.0050325 0.1223164 0.1419141 0.1358871 0.5553562 0.1337473 
94280_St_Joe                   0.1569915 0.1565426 0.7317518 0.1695702 0.1695702 0.1554284 0.1545355 0.0102942 1.1291523 0.0000010 0.1488268 0.1484093 0.0050325 0.0000000 0.1282237 0.1479962 0.1419382 0.5645029 0.1399597 
GCA016432855_Lake_Trout        0.1383292 0.1379434 0.6692481 0.1507063 0.1507063 0.1369631 0.1361951 0.1154120 0.8462741 0.1282237 0.1305223 0.1301648 0.1223164 0.1282237 0.0000000 0.1298112 0.1238460 0.5707798 0.0966375 
GCA036784925_Maine_S_alpinus   0.0939121 0.0936712 0.4356591 0.1055246 0.1055246 0.0371136 0.0156682 0.1484004 0.5880305 0.1479962 0.0316598 0.0104190 0.1419141 0.1479962 0.1298112 0.0000000 0.0810415 0.6479735 0.1417784 
GCA045679555_Iceland_A_alpinus 0.0319305 0.0318558 0.4294926 0.0427978 0.0427978 0.0644880 0.0868843 0.1423226 0.3548652 0.1419382 0.0699993 0.0812434 0.1358871 0.1419382 0.1238460 0.0810415 0.0000000 0.6381483 0.1292350 
GCF013265735_Rainbow_Trout     0.6799818 0.6756193 2.2798915 0.7008944 0.7008944 0.6703346 0.6619237 0.5460443 3.0117912 0.5645029 0.6559267 0.6519157 0.5553562 0.5645029 0.5707798 0.6479735 0.6381483 0.0000000 0.6565627 
GCF029448725_Brook_Trout       0.1445118 0.1440882 0.7977853 0.1574873 0.1574873 0.1430204 0.1485362 0.1403486 1.3824406 0.1399597 0.1362564 0.1421872 0.1337473 0.1399597 0.0966375 0.1417784 0.1292350 0.6565627 0.0000000 
