11
251140_Ward_Creek          0.0000000 0.0000010 0.0682637 0.0444821 0.0934627 0.0000010 0.0934627 0.0444821 0.0447312 0.4622157 0.1186988 
260512_Pybus_Point         0.0000010 0.0000000 0.0682637 0.0444821 0.0934627 0.0000010 0.0934627 0.0444821 0.0447312 0.4622157 0.1186988 
261935_Kenai_River         0.0682637 0.0682637 0.0000000 0.0217210 0.1772417 0.1061076 0.1772417 0.0217210 0.1204839 0.6404151 0.2047060 
353246_Cottonwood_Creek    0.0444821 0.0444821 0.0217210 0.0000000 0.1480203 0.0681478 0.1480203 0.0000010 0.0940399 0.5853969 0.1749506 
353379_Skagit_River        0.0934627 0.0934627 0.1772417 0.1480203 0.0000000 0.1061076 0.0000010 0.1480203 0.1490453 0.7305784 0.2378855 
353381_Dungeness_River     0.0000010 0.0000010 0.1061076 0.0681478 0.1061076 0.0000000 0.1061076 0.0681478 0.0687499 1.0437008 0.1890871 
353401_Peace_River         0.0934627 0.0934627 0.1772417 0.1480203 0.0000010 0.1061076 0.0000000 0.1480203 0.1490453 0.7305784 0.2378855 
353407_Noatok              0.0444821 0.0444821 0.0217210 0.0000010 0.1480203 0.0681478 0.1480203 0.0000000 0.0940399 0.5853969 0.1749506 
GCA016432855_Lake_Trout    0.0447312 0.0447312 0.1204839 0.0940399 0.1490453 0.0687499 0.1490453 0.0940399 0.0000000 0.5958354 0.1761959 
GCF013265735_Rainbow_Trout 0.4622157 0.4622157 0.6404151 0.5853969 0.7305784 1.0437008 0.7305784 0.5853969 0.5958354 0.0000000 0.7119583 
GCF029448725_Brook_Trout   0.1186988 0.1186988 0.2047060 0.1749506 0.2378855 0.1890871 0.2378855 0.1749506 0.1761959 0.7119583 0.0000000 
