15
251140_Ward_Creek              0.0000000 0.0032313 0.0032313 0.0000010 0.0064736 0.0032313 0.0032313 0.0064736 0.0097456 0.0077531 0.0032374 0.0098410 0.0032313 0.0433077 0.0064977 
260512_Pybus_Point             0.0032313 0.0000000 0.0000010 0.0157535 0.0030819 0.0030819 0.0030819 0.0061850 0.0155386 0.0073272 0.0092927 0.0156848 0.0030875 0.0477525 0.0124333 
261935_Kenai_River             0.0032313 0.0000010 0.0000000 0.0157535 0.0030819 0.0030819 0.0030819 0.0061850 0.0155386 0.0073272 0.0092927 0.0156848 0.0030875 0.0477525 0.0124333 
353220_Fish_Creek              0.0000010 0.0157535 0.0157535 0.0000000 0.0317725 0.0157535 0.0157535 0.0317725 0.0000010 0.1674926 0.0159021 0.0000010 0.0157535 0.1172640 0.0159021 
353246_Cottonwood_Creek        0.0064736 0.0030819 0.0030819 0.0317725 0.0000000 0.0061737 0.0061737 0.0092927 0.0186768 0.0110113 0.0124105 0.0188529 0.0061850 0.0510222 0.0155672 
353379_Skagit_River            0.0032313 0.0030819 0.0030819 0.0157535 0.0061737 0.0000000 0.0000010 0.0092927 0.0124105 0.0036566 0.0061850 0.0125271 0.0061850 0.0444937 0.0093098 
353401_Peace_River             0.0032313 0.0030819 0.0030819 0.0157535 0.0061737 0.0000010 0.0000000 0.0092927 0.0124105 0.0036566 0.0061850 0.0125271 0.0061850 0.0444937 0.0093098 
353407_Noatok                  0.0064736 0.0061850 0.0061850 0.0317725 0.0092927 0.0092927 0.0092927 0.0000000 0.0218658 0.0147435 0.0155672 0.0220727 0.0030819 0.0544067 0.0187460 
353410_Horizon_Lake            0.0097456 0.0155386 0.0155386 0.0000010 0.0186768 0.0124105 0.0124105 0.0218658 0.0000000 0.0184652 0.0124333 0.0000010 0.0187113 0.0577052 0.0155959 
92319_Little_Lost              0.0077531 0.0073272 0.0073272 0.1674926 0.0110113 0.0036566 0.0036566 0.0147435 0.0184652 0.0000000 0.0073272 0.0186721 0.0110354 0.0570099 0.0110354 
GCA016432855_Lake_Trout        0.0032374 0.0092927 0.0092927 0.0159021 0.0124105 0.0061850 0.0061850 0.0155672 0.0124333 0.0073272 0.0000000 0.0125504 0.0124333 0.0511194 0.0030875 
GCA036784925_Maine_S_alpinus   0.0098410 0.0156848 0.0156848 0.0000010 0.0188529 0.0125271 0.0125271 0.0220727 0.0000010 0.0186721 0.0125504 0.0000000 0.0188881 0.0582657 0.0157423 
GCA045679555_Iceland_A_alpinus 0.0032313 0.0030875 0.0030875 0.0157535 0.0061850 0.0061850 0.0061850 0.0030819 0.0187113 0.0110354 0.0124333 0.0188881 0.0000000 0.0511194 0.0155959 
GCF013265735_Rainbow_Trout     0.0433077 0.0477525 0.0477525 0.1172640 0.0510222 0.0444937 0.0444937 0.0544067 0.0577052 0.0570099 0.0511194 0.0582657 0.0511194 0.0000000 0.0545108 
GCF029448725_Brook_Trout       0.0064977 0.0124333 0.0124333 0.0159021 0.0155672 0.0093098 0.0093098 0.0187460 0.0155959 0.0110354 0.0030875 0.0157423 0.0155959 0.0545108 0.0000000 
