11
251140_Ward_Creek              0.0000000 0.0000010 0.6430058 0.6430058 0.5483691 0.5483691 1.0454695 0.9167924 0.9167924 1.0454695 1.9674087 
260512_Pybus_Point             0.0000010 0.0000000 0.6430058 0.6430058 0.5483691 0.5483691 1.0454695 0.9167924 0.9167924 1.0454695 1.9674087 
353379_Skagit_River            0.6430058 0.6430058 0.0000000 0.0000010 0.0466281 0.0466281 0.2697915 0.2094527 0.2094527 0.2697915 0.6081806 
353401_Peace_River             0.6430058 0.6430058 0.0000010 0.0000000 0.0466281 0.0466281 0.2697915 0.2094527 0.2094527 0.2697915 0.6081806 
353407_Noatok                  0.5483691 0.5483691 0.0466281 0.0466281 0.0000000 0.0000010 0.2094527 0.1525674 0.1525674 0.2094527 0.5206640 
353410_Horizon_Lake            0.5483691 0.5483691 0.0466281 0.0466281 0.0000010 0.0000000 0.2094527 0.1525674 0.1525674 0.2094527 0.5206640 
GCA016432855_Lake_Trout        1.0454695 1.0454695 0.2697915 0.2697915 0.2094527 0.2094527 0.0000000 0.1475260 0.1475260 0.3211828 0.3476848 
GCA036784925_Maine_S_alpinus   0.9167924 0.9167924 0.2094527 0.2094527 0.1525674 0.1525674 0.1475260 0.0000000 0.0000010 0.2600331 0.4194950 
GCA045679555_Iceland_A_alpinus 0.9167924 0.9167924 0.2094527 0.2094527 0.1525674 0.1525674 0.1475260 0.0000010 0.0000000 0.2600331 0.4194950 
GCF013265735_Rainbow_Trout     1.0454695 1.0454695 0.2697915 0.2697915 0.2094527 0.2094527 0.3211828 0.2600331 0.2600331 0.0000000 0.6641999 
GCF029448725_Brook_Trout       1.9674087 1.9674087 0.6081806 0.6081806 0.5206640 0.5206640 0.3476848 0.4194950 0.4194950 0.6641999 0.0000000 
