16
251140_Ward_Creek              0.0000000 0.0047539 0.0000010 0.0000010 0.0023731 0.0023731 0.0074491 0.0074491 0.0023731 0.0047526 0.4382482 0.0119336 0.0071386 0.0023724 0.0659683 0.0250863 
260512_Pybus_Point             0.0047539 0.0000000 0.0047539 0.0048183 0.0071427 0.0071427 0.0124579 0.0124579 0.0071427 0.0095364 0.4937917 0.0167627 0.0119369 0.0071406 0.0715132 0.0302100 
261935_Kenai_River             0.0000010 0.0047539 0.0000000 0.0000010 0.0023731 0.0023731 0.0074491 0.0074491 0.0023731 0.0047526 0.4382482 0.0119336 0.0071386 0.0023724 0.0659683 0.0250863 
353213_Cropley_Lake            0.0000010 0.0048183 0.0000010 0.0000000 0.0024052 0.0024052 0.0074491 0.0074491 0.0024052 0.0048169 0.4382482 0.0120959 0.0072354 0.0024045 0.0659683 0.0254453 
353219_Peterson_Creek          0.0023731 0.0071427 0.0023731 0.0024052 0.0000000 0.0000010 0.0099495 0.0099495 0.0023731 0.0071408 0.4382482 0.0143441 0.0095341 0.0047527 0.0659683 0.0276449 
353220_Fish_Creek              0.0023731 0.0071427 0.0023731 0.0024052 0.0000010 0.0000000 0.0099495 0.0099495 0.0023731 0.0071408 0.4382482 0.0143441 0.0095341 0.0047527 0.0659683 0.0276449 
353379_Skagit_River            0.0074491 0.0124579 0.0074491 0.0074491 0.0099495 0.0099495 0.0000000 0.0000010 0.0099495 0.0124543 0.4120941 0.0149619 0.0149666 0.0099463 0.0687133 0.0235616 
353401_Peace_River             0.0074491 0.0124579 0.0074491 0.0074491 0.0099495 0.0099495 0.0000010 0.0000000 0.0099495 0.0124543 0.4120941 0.0149619 0.0149666 0.0099463 0.0687133 0.0235616 
353407_Noatok                  0.0023731 0.0071427 0.0023731 0.0024052 0.0023731 0.0023731 0.0099495 0.0099495 0.0000000 0.0071408 0.4382482 0.0143441 0.0095341 0.0047527 0.0632319 0.0276449 
353410_Horizon_Lake            0.0047526 0.0095364 0.0047526 0.0048169 0.0071408 0.0071408 0.0124543 0.0124543 0.0071408 0.0000000 0.4638507 0.0167580 0.0071377 0.0023721 0.0714900 0.0302010 
92319_Little_Lost              0.4382482 0.4937917 0.4382482 0.4382482 0.4382482 0.4382482 0.4120941 0.4120941 0.4382482 0.4638507 0.0000000 0.5478193 0.5194549 0.4638507 1.0522746 0.8107901 
GCA016432855_Lake_Trout        0.0119336 0.0167627 0.0119336 0.0120959 0.0143441 0.0143441 0.0149619 0.0149619 0.0143441 0.0167580 0.5478193 0.0000000 0.0191785 0.0143398 0.0742264 0.0276262 
GCA036784925_Maine_S_alpinus   0.0071386 0.0119369 0.0071386 0.0072354 0.0095341 0.0095341 0.0149666 0.0149666 0.0095341 0.0071377 0.5194549 0.0191785 0.0000000 0.0047507 0.0742530 0.0327654 
GCA045679555_Iceland_A_alpinus 0.0023724 0.0071406 0.0023724 0.0024045 0.0047527 0.0047527 0.0099463 0.0099463 0.0047527 0.0023721 0.4638507 0.0143398 0.0047507 0.0000000 0.0687133 0.0276359 
GCF013265735_Rainbow_Trout     0.0659683 0.0715132 0.0659683 0.0659683 0.0659683 0.0659683 0.0687133 0.0687133 0.0632319 0.0714900 1.0522746 0.0742264 0.0742530 0.0687133 0.0000000 0.0895007 
GCF029448725_Brook_Trout       0.0250863 0.0302100 0.0250863 0.0254453 0.0276449 0.0276449 0.0235616 0.0235616 0.0276449 0.0302010 0.8107901 0.0276262 0.0327654 0.0276359 0.0895007 0.0000000 
