17
251140_Ward_Creek              0.0000000 0.0031831 0.0031831 0.0063767 0.3054113 0.2338003 0.3054113 0.0792698 0.0205470 0.3736257 0.3159404 0.4975131 0.0206921 0.0170943 1.3963876 0.3336178 0.3054113 
260512_Pybus_Point             0.0031831 0.0000000 0.0000010 0.0031827 0.3054113 0.2420417 0.3054113 0.0755149 0.0170899 0.3736257 0.3159404 0.4975131 0.0172103 0.0136494 1.3963876 0.3336178 0.3054113 
261935_Kenai_River             0.0031831 0.0000010 0.0000000 0.0031827 0.3054113 0.2420417 0.3054113 0.0755149 0.0170899 0.3736257 0.3159404 0.4975131 0.0172103 0.0136494 1.3963876 0.3336178 0.3054113 
353246_Cottonwood_Creek        0.0063767 0.0031827 0.0031827 0.0000000 0.3054113 0.2503919 0.3054113 0.0792579 0.0205440 0.3736257 0.3159404 0.4975131 0.0206890 0.0170918 1.3963876 0.3336178 0.3054113 
353379_Skagit_River            0.3054113 0.3054113 0.3054113 0.3054113 0.0000000 0.2465675 0.0000010 0.5418286 0.3146848 0.0000010 0.0000010 0.3440556 0.3040242 0.3154676 1.9616675 0.4017155 0.0000010 
353381_Dungeness_River         0.2338003 0.2420417 0.2420417 0.2503919 0.2465675 0.0000000 0.2465675 0.3780814 0.3149457 0.4289384 0.2699260 0.6531677 0.3299577 0.3162049 3.3838159 2.0605786 0.2465675 
353401_Peace_River             0.3054113 0.3054113 0.3054113 0.3054113 0.0000010 0.2465675 0.0000000 0.5418286 0.3146848 0.0000010 0.0000010 0.3440556 0.3040242 0.3154676 1.9616675 0.4017155 0.0000010 
353407_Noatok                  0.0792698 0.0755149 0.0755149 0.0792579 0.5418286 0.3780814 0.5418286 0.0000000 0.1015917 0.5700089 0.5285053 0.8464968 0.0982720 0.0974996 1.6685726 0.6396730 0.5418286 
353410_Horizon_Lake            0.0205470 0.0170899 0.0170899 0.0205440 0.3146848 0.3149457 0.3146848 0.1015917 0.0000000 0.3774660 0.3256796 0.5109147 0.0068394 0.0033589 1.6591929 0.3450792 0.3146848 
92319_Little_Lost              0.3736257 0.3736257 0.3736257 0.3736257 0.0000010 0.4289384 0.0000010 0.5700089 0.3774660 0.0000000 0.0000010 0.4181422 0.3643971 0.3786555 2.3661934 0.4987584 0.0000010 
94280_St_Joe                   0.3159404 0.3159404 0.3159404 0.3159404 0.0000010 0.2699260 0.0000010 0.5285053 0.3256796 0.0000010 0.0000000 0.3555325 0.3146382 0.3265234 2.0403294 0.4164854 0.0000010 
GCA016432855_Lake_Trout        0.4975131 0.4975131 0.4975131 0.4975131 0.3440556 0.6531677 0.3440556 0.8464968 0.5109147 0.4181422 0.3555325 0.0000000 0.5269308 0.5125394 2.2030824 0.2789388 0.3440556 
GCA036784925_Maine_S_alpinus   0.0206921 0.0172103 0.0172103 0.0206890 0.3040242 0.3299577 0.3040242 0.0982720 0.0068394 0.3643971 0.3146382 0.5269308 0.0000000 0.0034141 1.6765194 0.3324837 0.3040242 
GCA045679555_Iceland_A_alpinus 0.0170943 0.0136494 0.0136494 0.0170918 0.3154676 0.3162049 0.3154676 0.0974996 0.0033589 0.3786555 0.3265234 0.5125394 0.0034141 0.0000000 1.6488838 0.3450792 0.3154676 
GCF013265735_Rainbow_Trout     1.3963876 1.3963876 1.3963876 1.3963876 1.9616675 3.3838159 1.9616675 1.6685726 1.6591929 2.3661934 2.0403294 2.2030824 1.6765194 1.6488838 0.0000000 1.9043663 1.9616675 
GCF029448725_Brook_Trout       0.3336178 0.3336178 0.3336178 0.3336178 0.4017155 2.0605786 0.4017155 0.6396730 0.3450792 0.4987584 0.4164854 0.2789388 0.3324837 0.3450792 1.9043663 0.0000000 0.4017155 
Methow_River_99895             0.3054113 0.3054113 0.3054113 0.3054113 0.0000010 0.2465675 0.0000010 0.5418286 0.3146848 0.0000010 0.0000010 0.3440556 0.3040242 0.3154676 1.9616675 0.4017155 0.0000000 
