14
251140_Ward_Creek              0.0000000 0.0000010 0.0038005 0.0038005 0.0467965 0.3005677 0.0507972 0.0038005 0.0507972 0.0589352 0.0411821 0.0411821 0.2046233 0.1164980 
260512_Pybus_Point             0.0000010 0.0000000 0.0038005 0.0038005 0.0467965 0.3005677 0.0507972 0.0038005 0.0507972 0.0589352 0.0411821 0.0411821 0.2046233 0.1164980 
261935_Kenai_River             0.0038005 0.0038005 0.0000000 0.0076265 0.0427485 0.3005677 0.0467271 0.0000010 0.0467271 0.0548140 0.0369288 0.0369288 0.1992319 0.1117459 
353246_Cottonwood_Creek        0.0038005 0.0038005 0.0076265 0.0000000 0.0508729 0.3140877 0.0548959 0.0076265 0.0548959 0.0630857 0.0454668 0.0454668 0.2100623 0.1212881 
353379_Skagit_River            0.0467965 0.0467965 0.0427485 0.0508729 0.0000000 0.4180183 0.0037523 0.0427485 0.0037523 0.0664764 0.0448401 0.0448401 0.1782526 0.1199268 
353381_Dungeness_River         0.3005677 0.3005677 0.3005677 0.3140877 0.4180183 0.0000000 0.4315000 0.3005677 0.4315000 0.4796392 0.4358359 0.4358359 0.3920645 0.2768605 
353401_Peace_River             0.0507972 0.0507972 0.0467271 0.0548959 0.0037523 0.4315000 0.0000000 0.0467271 0.0000010 0.0705285 0.0490182 0.0490182 0.1831484 0.1244900 
353407_Noatok                  0.0038005 0.0038005 0.0000010 0.0076265 0.0427485 0.3005677 0.0467271 0.0000000 0.0467271 0.0548140 0.0369288 0.0369288 0.1992319 0.1117459 
92319_Little_Lost              0.0507972 0.0507972 0.0467271 0.0548959 0.0037523 0.4315000 0.0000010 0.0467271 0.0000000 0.0705285 0.0490182 0.0490182 0.1831484 0.1244900 
GCA016432855_Lake_Trout        0.0589352 0.0589352 0.0548140 0.0630857 0.0664764 0.4796392 0.0705285 0.0548140 0.0705285 0.0000000 0.0490182 0.0490182 0.2356001 0.0882751 
GCA036784925_Maine_S_alpinus   0.0411821 0.0411821 0.0369288 0.0454668 0.0448401 0.4358359 0.0490182 0.0369288 0.0490182 0.0490182 0.0000000 0.0000010 0.2067552 0.1150979 
GCA045679555_Iceland_A_alpinus 0.0411821 0.0411821 0.0369288 0.0454668 0.0448401 0.4358359 0.0490182 0.0369288 0.0490182 0.0490182 0.0000010 0.0000000 0.2067552 0.1150979 
GCF013265735_Rainbow_Trout     0.2046233 0.2046233 0.1992319 0.2100623 0.1782526 0.3920645 0.1831484 0.1992319 0.1831484 0.2356001 0.2067552 0.2067552 0.0000000 0.2109051 
GCF029448725_Brook_Trout       0.1164980 0.1164980 0.1117459 0.1212881 0.1199268 0.2768605 0.1244900 0.1117459 0.1244900 0.0882751 0.1150979 0.1150979 0.2109051 0.0000000 
