17
251140_Ward_Creek            0.0000000 0.0000010 0.0097171 0.0097171 0.0146204 0.0146157 0.0301555 0.0146157 0.2536024 0.0097157 0.0048474 0.0249314 0.0245576 0.0048442 0.1210797 0.0295259 0.0375458 
260512_Pybus_Point           0.0000010 0.0000000 0.0097171 0.0097171 0.0146204 0.0146157 0.0301555 0.0146157 0.2536024 0.0097157 0.0048474 0.0249314 0.0245576 0.0048442 0.1210797 0.0295259 0.0375458 
261935_Kenai_River           0.0097171 0.0097171 0.0000000 0.0000010 0.0048496 0.0146178 0.0425019 0.0146178 0.2848231 0.0097171 0.0048481 0.0249349 0.0245610 0.0146108 0.1210905 0.0295300 0.0375522 
353213_Cropley_Lake          0.0097171 0.0097171 0.0000010 0.0000000 0.0048496 0.0146178 0.0425019 0.0146178 0.2848231 0.0097171 0.0048481 0.0249349 0.0245610 0.0146108 0.1210905 0.0295300 0.0375522 
353220_Fish_Creek            0.0146204 0.0146204 0.0048496 0.0048496 0.0000000 0.0195494 0.0487591 0.0195494 0.3012436 0.0146204 0.0097249 0.0300148 0.0295643 0.0195400 0.1267916 0.0345578 0.0439812 
353379_Skagit_River          0.0146157 0.0146157 0.0146178 0.0146178 0.0195494 0.0000000 0.0487379 0.0000010 0.2694369 0.0146157 0.0097219 0.0198999 0.0196024 0.0097171 0.1155256 0.0245491 0.0312000 
353381_Dungeness_River       0.0301555 0.0301555 0.0425019 0.0425019 0.0487591 0.0487379 0.0000000 0.0487379 0.7275426 0.0424951 0.0363232 0.0627258 0.0551823 0.0362926 0.1808367 0.0614605 0.0837907 
353401_Peace_River           0.0146157 0.0146157 0.0146178 0.0146178 0.0195494 0.0000010 0.0487379 0.0000000 0.2694369 0.0146157 0.0097219 0.0198999 0.0196024 0.0097171 0.1155256 0.0245491 0.0312000 
353407_Noatok                0.2536024 0.2536024 0.2848231 0.2848231 0.3012436 0.2694369 0.7275426 0.2694369 0.0000000 0.2694369 0.2694369 0.3513904 0.3366208 0.2384187 0.6559475 0.3336037 0.3699090 
353410_Horizon_Lake          0.0097157 0.0097157 0.0097171 0.0097171 0.0146204 0.0146157 0.0424951 0.0146157 0.2694369 0.0000000 0.0048474 0.0249314 0.0245576 0.0146087 0.1210797 0.0295259 0.0375458 
92319_Little_Lost            0.0048474 0.0048474 0.0048481 0.0048481 0.0097249 0.0097219 0.0363232 0.0097219 0.2694369 0.0048474 0.0000000 0.0198999 0.0196024 0.0097171 0.1155256 0.0245491 0.0312000 
94280_St_Joe                 0.0249314 0.0249314 0.0249349 0.0249349 0.0300148 0.0198999 0.0627258 0.0198999 0.3513904 0.0249314 0.0198999 0.0000000 0.0300987 0.0299898 0.1292601 0.0351839 0.0061427 
GCA016432855_Lake_Trout      0.0245576 0.0245576 0.0245610 0.0245610 0.0295643 0.0196024 0.0551823 0.0196024 0.3366208 0.0245576 0.0196024 0.0300987 0.0000000 0.0295402 0.1158903 0.0246199 0.0313142 
GCA036784925_Maine_S_alpinus 0.0048442 0.0048442 0.0146108 0.0146108 0.0195400 0.0097171 0.0362926 0.0097171 0.2384187 0.0146087 0.0097171 0.0299898 0.0295402 0.0000000 0.1266740 0.0345295 0.0439351 
GCF013265735_Rainbow_Trout   0.1210797 0.1210797 0.1210905 0.1210905 0.1267916 0.1155256 0.1808367 0.1155256 0.6559475 0.1210797 0.1155256 0.1292601 0.1158903 0.1266740 0.0000000 0.1102394 0.1064845 
GCF029448725_Brook_Trout     0.0295259 0.0295259 0.0295300 0.0295300 0.0345578 0.0245491 0.0614605 0.0245491 0.3336037 0.0295259 0.0245491 0.0351839 0.0246199 0.0345295 0.1102394 0.0000000 0.0312000 
Methow_River_99895           0.0375458 0.0375458 0.0375522 0.0375522 0.0439812 0.0312000 0.0837907 0.0312000 0.3699090 0.0375458 0.0312000 0.0061427 0.0313142 0.0439351 0.1064845 0.0312000 0.0000000 
