15
251140_Ward_Creek              0.0000000 0.0000010 0.0066952 0.0134335 0.0290856 0.0116122 0.0340170 0.1475328 0.0202138 0.0340170 0.0624726 0.0202138 0.0271225 0.3622176 0.1238506 
260512_Pybus_Point             0.0000010 0.0000000 0.0066952 0.0134335 0.0290856 0.0116122 0.0340170 0.1475328 0.0202138 0.0340170 0.0624726 0.0202138 0.0271225 0.3622176 0.1238506 
353213_Cropley_Lake            0.0066952 0.0066952 0.0000000 0.0202747 0.0365997 0.0234736 0.0410767 0.1559957 0.0271188 0.0410767 0.0698616 0.0271188 0.0341150 0.3746339 0.1378299 
353246_Cottonwood_Creek        0.0134335 0.0134335 0.0202747 0.0000000 0.0216671 0.0354058 0.0202092 0.0244603 0.0066719 0.0202092 0.0480974 0.0066719 0.0134283 0.3391387 0.0972782 
353379_Skagit_River            0.0290856 0.0290856 0.0365997 0.0216671 0.0000000 0.0681510 0.0000028 0.1506100 0.0143902 0.0000028 0.0442231 0.0143902 0.0217310 0.3621795 0.0967087 
353381_Dungeness_River         0.0116122 0.0116122 0.0234736 0.0354058 0.0681510 0.0000000 0.0724467 0.2955588 0.0474717 0.0724467 0.0978240 0.0474717 0.0600109 0.8551104 0.1379368 
353401_Peace_River             0.0340170 0.0340170 0.0410767 0.0202092 0.0000028 0.0724467 0.0000000 0.1395493 0.0134253 0.0000010 0.0411914 0.0134253 0.0202648 0.3297046 0.0849841 
353407_Noatok                  0.1475328 0.1475328 0.1559957 0.0244603 0.1506100 0.2955588 0.1395493 0.0000000 0.1235180 0.1395493 0.1727733 0.1235180 0.1317099 0.5360438 0.3457194 
353410_Horizon_Lake            0.0202138 0.0202138 0.0271188 0.0066719 0.0143902 0.0474717 0.0134253 0.1235180 0.0000000 0.0134253 0.0410767 0.0000010 0.0066901 0.3285110 0.0845669 
92319_Little_Lost              0.0340170 0.0340170 0.0410767 0.0202092 0.0000028 0.0724467 0.0000010 0.1395493 0.0134253 0.0000000 0.0411914 0.0134253 0.0202648 0.3297046 0.0849841 
GCA016432855_Lake_Trout        0.0624726 0.0624726 0.0698616 0.0480974 0.0442231 0.0978240 0.0411914 0.1727733 0.0410767 0.0411914 0.0000000 0.0410767 0.0482333 0.3539333 0.1106647 
GCA036784925_Maine_S_alpinus   0.0202138 0.0202138 0.0271188 0.0066719 0.0143902 0.0474717 0.0134253 0.1235180 0.0000010 0.0134253 0.0410767 0.0000000 0.0066901 0.3285110 0.0845669 
GCA045679555_Iceland_A_alpinus 0.0271225 0.0271225 0.0341150 0.0134283 0.0217310 0.0600109 0.0202648 0.1317099 0.0066901 0.0202648 0.0482333 0.0066901 0.0000000 0.3405018 0.0977717 
GCF013265735_Rainbow_Trout     0.3622176 0.3622176 0.3746339 0.3391387 0.3621795 0.8551104 0.3297046 0.5360438 0.3285110 0.3297046 0.3539333 0.3285110 0.3405018 0.0000000 0.9214574 
GCF029448725_Brook_Trout       0.1238506 0.1238506 0.1378299 0.0972782 0.0967087 0.1379368 0.0849841 0.3457194 0.0845669 0.0849841 0.1106647 0.0845669 0.0977717 0.9214574 0.0000000 
