19
251140_Ward_Creek              0.0000000 0.0174415 0.0869167 0.0000010 0.1551489 0.0869167 0.1607985 0.0000010 0.2164468 0.0869167 0.2842815 0.2796802 0.2296766 0.2886835 0.1551489 0.2842815 1.4464294 0.2780151 0.1806080 
260512_Pybus_Point             0.0174415 0.0000000 0.1112892 0.0174415 0.1784080 0.1112892 0.1886854 0.0501686 0.2475977 0.1112892 0.2800507 0.3290850 0.2676269 0.2842815 0.1784080 0.2800507 1.3988349 0.3073305 0.2054471 
261935_Kenai_River             0.0869167 0.1112892 0.0000000 0.0869167 0.1316801 0.0000010 0.1331659 0.2420408 0.1595447 0.0415422 0.3051682 0.1937552 0.2075451 0.3107854 0.1316801 0.3051682 1.5461350 0.2691831 0.1595447 
353213_Cropley_Lake            0.0000010 0.0174415 0.0869167 0.0000000 0.1551489 0.0869167 0.1607985 0.0000010 0.2164468 0.0869167 0.2842815 0.2796802 0.2296766 0.2886835 0.1551489 0.2842815 1.4464294 0.2780151 0.1806080 
353219_Peterson_Creek          0.1551489 0.1784080 0.1316801 0.1551489 0.0000000 0.1316801 0.1080055 0.5908155 0.1573939 0.0838862 0.1551489 0.1529798 0.1590344 0.2520023 0.0348698 0.1551489 1.2994457 0.2211913 0.1329286 
353246_Cottonwood_Creek        0.0869167 0.1112892 0.0000010 0.0869167 0.1316801 0.0000000 0.1331659 0.2420408 0.1595447 0.0415422 0.3051682 0.1937552 0.2075451 0.3107854 0.1316801 0.3051682 1.5461350 0.2691831 0.1595447 
353379_Skagit_River            0.1607985 0.1886854 0.1331659 0.1607985 0.1080055 0.1331659 0.0000000 0.4980511 0.0504558 0.0756134 0.2737209 0.0372451 0.0241799 0.1859685 0.1080055 0.2737209 1.2939491 0.1576912 0.0418382 
353381_Dungeness_River         0.0000010 0.0501686 0.2420408 0.0000010 0.5908155 0.2420408 0.4980511 0.0000000 0.8428931 0.2420408 8.9999989 8.9999984 0.6389963 8.9999982 0.5908155 8.9999989 2.5429848 1.6160927 0.8428931 
353401_Peace_River             0.2164468 0.2475977 0.1595447 0.2164468 0.1573939 0.1595447 0.0504558 0.8428931 0.0000000 0.1085377 0.3414220 0.0283793 0.0301233 0.2131692 0.1573939 0.3414220 1.3611472 0.1808049 0.0000010 
353407_Noatok                  0.0869167 0.1112892 0.0415422 0.0869167 0.0838862 0.0415422 0.0756134 0.2420408 0.1085377 0.0000000 0.2397613 0.1205663 0.1284788 0.2436000 0.0838862 0.2397613 1.4208797 0.2086000 0.1085377 
353410_Horizon_Lake            0.2842815 0.2800507 0.3051682 0.2842815 0.1551489 0.3051682 0.2737209 8.9999989 0.3414220 0.2397613 0.0000000 0.4185014 0.3833418 0.1588429 0.1551489 0.0000010 1.1886314 0.3926109 0.2800507 
92319_Little_Lost              0.2796802 0.3290850 0.1937552 0.2796802 0.1529798 0.1937552 0.0372451 8.9999984 0.0283793 0.1205663 0.4185014 0.0000000 0.1093491 0.2731429 0.1529798 0.4185014 1.6558610 0.2229326 0.0283793 
94280_St_Joe                   0.2296766 0.2676269 0.2075451 0.2296766 0.1590344 0.2075451 0.0241799 0.6389963 0.0301233 0.1284788 0.3833418 0.1093491 0.0000000 0.2623464 0.1590344 0.3833418 1.5482348 0.2235890 0.0241799 
GCA016432855_Lake_Trout        0.2886835 0.2842815 0.3107854 0.2886835 0.2520023 0.3107854 0.1859685 8.9999982 0.2131692 0.2436000 0.1588429 0.2731429 0.2623464 0.0000000 0.2520023 0.1588429 1.0085685 0.2740283 0.1784080 
GCA036784925_Maine_S_alpinus   0.1551489 0.1784080 0.1316801 0.1551489 0.0348698 0.1316801 0.1080055 0.5908155 0.1573939 0.0838862 0.1551489 0.1529798 0.1590344 0.2520023 0.0000000 0.1551489 1.2994457 0.2211913 0.1329286 
GCA045679555_Iceland_A_alpinus 0.2842815 0.2800507 0.3051682 0.2842815 0.1551489 0.3051682 0.2737209 8.9999989 0.3414220 0.2397613 0.0000010 0.4185014 0.3833418 0.1588429 0.1551489 0.0000000 1.1886314 0.3926109 0.2800507 
GCF013265735_Rainbow_Trout     1.4464294 1.3988349 1.5461350 1.4464294 1.2994457 1.5461350 1.2939491 2.5429848 1.3611472 1.4208797 1.1886314 1.6558610 1.5482348 1.0085685 1.2994457 1.1886314 0.0000000 1.2528296 1.1742294 
GCF029448725_Brook_Trout       0.2780151 0.3073305 0.2691831 0.2780151 0.2211913 0.2691831 0.1576912 1.6160927 0.1808049 0.2086000 0.3926109 0.2229326 0.2235890 0.2740283 0.2211913 0.3926109 1.2528296 0.0000000 0.1526332 
Methow_River_99895             0.1806080 0.2054471 0.1595447 0.1806080 0.1329286 0.1595447 0.0418382 0.8428931 0.0000010 0.1085377 0.2800507 0.0283793 0.0241799 0.1784080 0.1329286 0.2800507 1.1742294 0.1526332 0.0000000 
