17
251140_Ward_Creek              0.0000000 0.0028777 0.0028777 0.0049720 0.0508674 0.0047322 0.0508674 0.0086718 0.0115809 0.0540435 0.0539289 0.0665081 0.0115789 0.0086734 0.3485077 0.0857285 0.0539289 
260512_Pybus_Point             0.0028777 0.0000000 0.0000010 0.0000010 0.0478138 0.0000010 0.0478138 0.0057741 0.0086749 0.0509752 0.0508674 0.0634028 0.0086734 0.0057751 0.3411437 0.0825585 0.0508674 
261935_Kenai_River             0.0028777 0.0000010 0.0000000 0.0000010 0.0478138 0.0000010 0.0478138 0.0057741 0.0086749 0.0509752 0.0508674 0.0634028 0.0086734 0.0057751 0.3411437 0.0825585 0.0508674 
353246_Cottonwood_Creek        0.0049720 0.0000010 0.0000010 0.0000000 0.0737451 0.0000010 0.0737451 0.0049720 0.0099711 0.0794893 0.0791894 0.1019140 0.0099681 0.0049735 0.3411437 0.1196817 0.0791894 
353379_Skagit_River            0.0508674 0.0478138 0.0478138 0.0737451 0.0000000 0.0754733 0.0000010 0.0416126 0.0507844 0.0028739 0.0028682 0.0321326 0.0507746 0.0477267 0.2585064 0.0502668 0.0028682 
353381_Dungeness_River         0.0047322 0.0000010 0.0000010 0.0000010 0.0754733 0.0000000 0.0754733 0.0047479 0.0143120 0.0809741 0.0754733 0.1024204 0.0143078 0.0095180 2.1572933 0.1305697 0.0754733 
353401_Peace_River             0.0508674 0.0478138 0.0478138 0.0737451 0.0000010 0.0754733 0.0000000 0.0416126 0.0507844 0.0028739 0.0028682 0.0321326 0.0507746 0.0477267 0.2585064 0.0502668 0.0028682 
353407_Noatok                  0.0086718 0.0057741 0.0057741 0.0049720 0.0416126 0.0047479 0.0416126 0.0000000 0.0086582 0.0447359 0.0446420 0.0570529 0.0086567 0.0057640 0.3331488 0.0760216 0.0446420 
353410_Horizon_Lake            0.0115809 0.0086749 0.0086749 0.0099711 0.0507844 0.0143120 0.0507844 0.0086582 0.0000000 0.0539550 0.0538408 0.0663984 0.0057615 0.0028772 0.3407528 0.0855851 0.0538408 
92319_Little_Lost              0.0540435 0.0509752 0.0509752 0.0794893 0.0028739 0.0809741 0.0028739 0.0447359 0.0539550 0.0000000 0.0057549 0.0351697 0.0539445 0.0508820 0.2664086 0.0534024 0.0057549 
94280_St_Joe                   0.0539289 0.0508674 0.0508674 0.0791894 0.0028682 0.0754733 0.0028682 0.0446420 0.0538408 0.0057549 0.0000000 0.0350974 0.0538303 0.0507746 0.2651748 0.0532906 0.0000010 
GCA016432855_Lake_Trout        0.0665081 0.0634028 0.0634028 0.1019140 0.0321326 0.1024204 0.0321326 0.0570529 0.0663984 0.0351697 0.0350974 0.0000000 0.0663852 0.0632859 0.2596896 0.0232596 0.0350974 
GCA036784925_Maine_S_alpinus   0.0115789 0.0086734 0.0086734 0.0099681 0.0507746 0.0143078 0.0507746 0.0086567 0.0057615 0.0539445 0.0538303 0.0663852 0.0000000 0.0028767 0.3561124 0.0855675 0.0538303 
GCA045679555_Iceland_A_alpinus 0.0086734 0.0057751 0.0057751 0.0049735 0.0477267 0.0095180 0.0477267 0.0057640 0.0028772 0.0508820 0.0507746 0.0632859 0.0028767 0.0000000 0.3487076 0.0824038 0.0507746 
GCF013265735_Rainbow_Trout     0.3485077 0.3411437 0.3411437 0.3411437 0.2585064 2.1572933 0.2585064 0.3331488 0.3407528 0.2664086 0.2651748 0.2596896 0.3561124 0.3487076 0.0000000 0.2823204 0.2651748 
GCF029448725_Brook_Trout       0.0857285 0.0825585 0.0825585 0.1196817 0.0502668 0.1305697 0.0502668 0.0760216 0.0855851 0.0534024 0.0532906 0.0232596 0.0855675 0.0824038 0.2823204 0.0000000 0.0532906 
Methow_River_99895             0.0539289 0.0508674 0.0508674 0.0791894 0.0028682 0.0754733 0.0028682 0.0446420 0.0538408 0.0057549 0.0000010 0.0350974 0.0538303 0.0507746 0.2651748 0.0532906 0.0000000 
