17
251140_Ward_Creek              0.0000000 0.0131591 0.0065619 0.0065619 0.0000010 0.0199555 0.0792027 0.6140658 0.0404414 0.1876682 0.0555204 0.0404414 0.0475987 0.0131591 0.0131591 1.2835210 0.2443366 
260512_Pybus_Point             0.0131591 0.0000000 0.0065324 0.0065324 0.0131591 0.0198599 0.0787594 0.5595466 0.0402399 0.1707646 0.0551333 0.0402399 0.0473571 0.0130973 0.0130973 1.2587931 0.2425074 
261935_Kenai_River             0.0065619 0.0065324 0.0000000 0.0000010 0.0065619 0.0132065 0.0714191 0.5789169 0.0334504 0.1785805 0.0457854 0.0334504 0.0404900 0.0065324 0.0065324 1.2565486 0.2342039 
353213_Cropley_Lake            0.0065619 0.0065324 0.0000010 0.0000000 0.0065619 0.0132065 0.0714191 0.5789169 0.0334504 0.1785805 0.0457854 0.0334504 0.0404900 0.0065324 0.0065324 1.2565486 0.2342039 
353219_Peterson_Creek          0.0000010 0.0131591 0.0065619 0.0065619 0.0000000 0.0199555 0.0792027 0.6140658 0.0404414 0.1876682 0.0555204 0.0404414 0.0475987 0.0131591 0.0131591 1.2835210 0.2443366 
353246_Cottonwood_Creek        0.0199555 0.0198599 0.0132065 0.0132065 0.0199555 0.0000000 0.0792558 0.6446825 0.0474800 0.1781464 0.0653490 0.0474800 0.0547480 0.0198599 0.0198599 1.2827430 0.2540973 
353379_Skagit_River            0.0792027 0.0787594 0.0714191 0.0714191 0.0792027 0.0792558 0.0000000 0.7763795 0.0347643 0.2808535 0.0457854 0.0347643 0.0564200 0.0787594 0.0787594 1.1702070 0.2625532 
353381_Dungeness_River         0.6140658 0.5595466 0.5789169 0.5789169 0.6140658 0.6446825 0.7763795 0.0000000 0.5508365 1.3245601 1.8021197 0.5508365 0.5888179 0.5979156 0.5979156 2.8570516 1.4252467 
353401_Peace_River             0.0404414 0.0402399 0.0334504 0.0334504 0.0404414 0.0474800 0.0347643 0.5508365 0.0000000 0.2222525 0.0000010 0.0000010 0.0198371 0.0402399 0.0402399 1.1874939 0.2055436 
353407_Noatok                  0.1876682 0.1707646 0.1785805 0.1785805 0.1876682 0.1781464 0.2808535 1.3245601 0.2222525 0.0000000 0.3107227 0.2222525 0.2324886 0.1864179 0.1864179 0.8889345 0.0784944 
92319_Little_Lost              0.0555204 0.0551333 0.0457854 0.0457854 0.0555204 0.0653490 0.0457854 1.8021197 0.0000010 0.3107227 0.0000000 0.0000010 0.0270277 0.0457854 0.0457854 1.7414309 0.2825526 
94280_St_Joe                   0.0404414 0.0402399 0.0334504 0.0334504 0.0404414 0.0474800 0.0347643 0.5508365 0.0000010 0.2222525 0.0000010 0.0000000 0.0198371 0.0402399 0.0402399 1.1874939 0.2055436 
GCA016432855_Lake_Trout        0.0475987 0.0473571 0.0404900 0.0404900 0.0475987 0.0547480 0.0564200 0.5888179 0.0198371 0.2324886 0.0270277 0.0198371 0.0000000 0.0473571 0.0473571 1.1841618 0.1975068 
GCA036784925_Maine_S_alpinus   0.0131591 0.0130973 0.0065324 0.0065324 0.0131591 0.0198599 0.0787594 0.5979156 0.0402399 0.1864179 0.0457854 0.0402399 0.0473571 0.0000000 0.0000010 1.2587931 0.2425074 
GCA045679555_Iceland_A_alpinus 0.0131591 0.0130973 0.0065324 0.0065324 0.0131591 0.0198599 0.0787594 0.5979156 0.0402399 0.1864179 0.0457854 0.0402399 0.0473571 0.0000010 0.0000000 1.2587931 0.2425074 
GCF013265735_Rainbow_Trout     1.2835210 1.2587931 1.2565486 1.2565486 1.2835210 1.2827430 1.1702070 2.8570516 1.1874939 0.8889345 1.7414309 1.1874939 1.1841618 1.2587931 1.2587931 0.0000000 0.8186244 
GCF029448725_Brook_Trout       0.2443366 0.2425074 0.2342039 0.2342039 0.2443366 0.2540973 0.2625532 1.4252467 0.2055436 0.0784944 0.2825526 0.2055436 0.1975068 0.2425074 0.2425074 0.8186244 0.0000000 
