20
251140_Ward_Creek              0.0000000 0.0034937 0.1094430 0.0000010 0.0070025 0.0034937 0.1262052 0.2008300 1.5229144 0.2094752 0.1173023 0.1304914 0.2008300 0.2051349 0.1557689 0.1220689 0.1263286 2.7059251 0.4082055 0.2094752 
260512_Pybus_Point             0.0034937 0.0000000 0.1053152 0.0034937 0.0034909 0.0000010 0.1219611 0.1960823 1.4745759 0.2046815 0.1131369 0.1262161 0.1960823 0.2003645 0.1513388 0.1178505 0.1220794 2.6638543 0.4016980 0.2046815 
261935_Kenai_River             0.1094430 0.1053152 0.0000000 0.1094430 0.1093391 0.1053152 0.0138888 0.0996744 2.7335664 0.1073592 0.0352252 0.0174137 0.0996744 0.1035058 0.0610455 0.0173982 0.0209415 3.3265286 0.2728724 0.1073592 
353213_Cropley_Lake            0.0000010 0.0034937 0.1094430 0.0000000 0.0070025 0.0034937 0.1262052 0.2008300 1.5229144 0.2094752 0.1173023 0.1304914 0.2008300 0.2051349 0.1557689 0.1220689 0.1263286 2.7059251 0.4082055 0.2094752 
353219_Peterson_Creek          0.0070025 0.0034909 0.1093391 0.0070025 0.0000000 0.0034909 0.1260822 0.2006120 1.5057090 0.2092457 0.1171900 0.1303633 0.2006120 0.2049112 0.1556106 0.1219506 0.1262052 2.6789955 0.4076022 0.2092457 
353220_Fish_Creek              0.0034937 0.0000010 0.1053152 0.0034937 0.0034909 0.0000000 0.1219611 0.1960823 1.4745759 0.2046815 0.1131369 0.1262161 0.1960823 0.2003645 0.1513388 0.1178505 0.1220794 2.6638543 0.4016980 0.2046815 
353246_Cottonwood_Creek        0.1262052 0.1219611 0.0138888 0.1262052 0.1260822 0.1219611 0.0000000 0.0995571 2.9621728 0.1072323 0.0351866 0.0034423 0.0995571 0.1033837 0.0609766 0.0034392 0.0068991 3.2872191 0.2724813 0.1072323 
353379_Skagit_River            0.2008300 0.1960823 0.0996744 0.2008300 0.2006120 0.1960823 0.0995571 0.0000000 2.9008912 0.0059987 0.0916347 0.1035913 0.0000010 0.0029957 0.0835551 0.0956383 0.0996489 2.2767035 0.2982524 0.0059987 
353381_Dungeness_River         1.5229144 1.4745759 2.7335664 1.5229144 1.5057090 1.4745759 2.9621728 2.9008912 0.0000000 2.8220371 2.5711509 2.9621728 2.9008912 2.8602633 2.4043276 2.9299935 3.0392635 2.2914224 3.8342887 2.8220371 
353401_Peace_River             0.2094752 0.2046815 0.1073592 0.2094752 0.2092457 0.2046815 0.1072323 0.0059987 2.8220371 0.0000000 0.0992424 0.1113038 0.0059987 0.0029957 0.0904720 0.1032843 0.1073320 2.2594888 0.3025965 0.0000010 
353407_Noatok                  0.1173023 0.1131369 0.0352252 0.1173023 0.1171900 0.1131369 0.0351866 0.0916347 2.5711509 0.0992424 0.0000000 0.0388255 0.0916347 0.0954281 0.0534961 0.0315966 0.0352160 3.1636061 0.2622270 0.0992424 
353410_Horizon_Lake            0.1304914 0.1262161 0.0174137 0.1304914 0.1303633 0.1262161 0.0034423 0.1035913 2.9621728 0.1113038 0.0388255 0.0000000 0.1035913 0.1074363 0.0647717 0.0068991 0.0103797 3.3390899 0.2778056 0.1113038 
92319_Little_Lost              0.2008300 0.1960823 0.0996744 0.2008300 0.2006120 0.1960823 0.0995571 0.0000010 2.9008912 0.0059987 0.0916347 0.1035913 0.0000000 0.0029957 0.0835551 0.0956383 0.0996489 2.2767035 0.2982524 0.0059987 
94280_St_Joe                   0.2051349 0.2003645 0.1035058 0.2051349 0.2049112 0.2003645 0.1033837 0.0029957 2.8602633 0.0029957 0.0954281 0.1074363 0.0029957 0.0000000 0.0870049 0.0994505 0.1034794 2.2680159 0.2982524 0.0029957 
GCA016432855_Lake_Trout        0.1557689 0.1513388 0.0610455 0.1557689 0.1556106 0.1513388 0.0609766 0.0835551 2.4043276 0.0904720 0.0534961 0.0647717 0.0835551 0.0870049 0.0000000 0.0572567 0.0610297 2.6971785 0.2452424 0.0904720 
GCA036784925_Maine_S_alpinus   0.1220689 0.1178505 0.0173982 0.1220689 0.1219506 0.1178505 0.0034392 0.0956383 2.9299935 0.1032843 0.0315966 0.0068991 0.0956383 0.0994505 0.0572567 0.0000000 0.0034420 3.2754293 0.2675220 0.1032843 
GCA045679555_Iceland_A_alpinus 0.1263286 0.1220794 0.0209415 0.1263286 0.1262052 0.1220794 0.0068991 0.0996489 3.0392635 0.1073320 0.0352160 0.0103797 0.0996489 0.1034794 0.0610297 0.0034420 0.0000000 3.3275681 0.2728084 0.1073320 
GCF013265735_Rainbow_Trout     2.7059251 2.6638543 3.3265286 2.7059251 2.6789955 2.6638543 3.2872191 2.2767035 2.2914224 2.2594888 3.1636061 3.3390899 2.2767035 2.2680159 2.6971785 3.2754293 3.3275681 0.0000000 3.1098590 2.2594888 
GCF029448725_Brook_Trout       0.4082055 0.4016980 0.2728724 0.4082055 0.4076022 0.4016980 0.2724813 0.2982524 3.8342887 0.3025965 0.2622270 0.2778056 0.2982524 0.2982524 0.2452424 0.2675220 0.2728084 3.1098590 0.0000000 0.3025965 
Methow_River_99895             0.2094752 0.2046815 0.1073592 0.2094752 0.2092457 0.2046815 0.1072323 0.0059987 2.8220371 0.0000010 0.0992424 0.1113038 0.0059987 0.0029957 0.0904720 0.1032843 0.1073320 2.2594888 0.3025965 0.0000000 
