19
251140_Ward_Creek              0.0000000 0.0650223 0.0781502 0.0766889 0.0104471 0.0211091 0.0961477 0.0784463 0.0000010 0.4339158 0.0996732 0.0881204 0.0784463 0.4339158 0.1113481 0.0896369 0.0896369 1.6020111 0.2371544 
260512_Pybus_Point             0.0650223 0.0000000 0.0324170 0.0104993 0.0762646 0.0653782 0.2057908 0.1525842 0.1334408 0.5641467 0.0536101 0.0426636 0.1525842 0.5641467 0.1863866 0.0433739 0.0433739 1.7585351 0.1802953 
261935_Kenai_River             0.0781502 0.0324170 0.0000000 0.0436877 0.0666171 0.1021937 0.2057908 0.1528911 0.1662490 0.5657801 0.0436877 0.0106367 0.1528911 0.5657801 0.1901664 0.0434543 0.0434543 1.7627992 0.1527671 
353213_Cropley_Lake            0.0766889 0.0104993 0.0436877 0.0000000 0.0881204 0.0771182 0.2057908 0.1663611 0.1646875 0.5931234 0.0650223 0.0538971 0.1663611 0.5931234 0.2004703 0.0548043 0.0548043 1.8178947 0.1947752 
353219_Peterson_Creek          0.0104471 0.0762646 0.0666171 0.0881204 0.0000000 0.0318302 0.1130842 0.0901567 0.0000010 0.4527061 0.0881204 0.0766889 0.0901567 0.4527061 0.1231454 0.1013979 0.1013979 1.6137029 0.2511276 
353220_Fish_Creek              0.0211091 0.0653782 0.1021937 0.0771182 0.0318302 0.0000000 0.1314365 0.1026016 0.0250213 0.4773562 0.1238821 0.1120033 0.1026016 0.4773562 0.1358871 0.1139645 0.1139645 1.6731889 0.2673114 
353246_Cottonwood_Creek        0.0961477 0.2057908 0.2057908 0.2057908 0.1130842 0.1314365 0.0000000 0.1888756 0.2796350 1.0062804 0.2248268 0.2057908 0.1888756 1.0062804 0.2441579 0.2057908 0.2057908 2.3408195 0.4402793 
353379_Skagit_River            0.0784463 0.1525842 0.1528911 0.1663611 0.0901567 0.1026016 0.1888756 0.0000000 0.0776591 0.2973738 0.1663611 0.1535715 0.0000010 0.2973738 0.1268382 0.1026016 0.1026016 1.7168842 0.2233312 
353381_Dungeness_River         0.0000010 0.1334408 0.1662490 0.1646875 0.0000010 0.0250213 0.2796350 0.0776591 0.0000000 1.5496956 0.2255872 0.1947554 0.0776591 1.5496956 0.1888008 0.1935313 0.1935313 3.0309995 0.4958935 
353401_Peace_River             0.4339158 0.5641467 0.5657801 0.5931234 0.4527061 0.4773562 1.0062804 0.2973738 1.5496956 0.0000000 0.5931234 0.5719759 0.2973738 0.0000010 0.5166416 0.4773562 0.4773562 1.5425131 0.6962845 
353407_Noatok                  0.0996732 0.0536101 0.0436877 0.0650223 0.0881204 0.1238821 0.2248268 0.1663611 0.2255872 0.5931234 0.0000000 0.0319953 0.1663611 0.5931234 0.2004703 0.0548043 0.0548043 1.8178947 0.1947752 
353410_Horizon_Lake            0.0881204 0.0426636 0.0106367 0.0538971 0.0766889 0.1120033 0.2057908 0.1535715 0.1947554 0.5719759 0.0319953 0.0000000 0.1535715 0.5719759 0.1876211 0.0436064 0.0436064 1.8119775 0.1534449 
92319_Little_Lost              0.0784463 0.1525842 0.1528911 0.1663611 0.0901567 0.1026016 0.1888756 0.0000010 0.0776591 0.2973738 0.1663611 0.1535715 0.0000000 0.2973738 0.1268382 0.1026016 0.1026016 1.7168842 0.2233312 
94280_St_Joe                   0.4339158 0.5641467 0.5657801 0.5931234 0.4527061 0.4773562 1.0062804 0.2973738 1.5496956 0.0000010 0.5931234 0.5719759 0.2973738 0.0000000 0.5166416 0.4773562 0.4773562 1.5425131 0.6962845 
GCA016432855_Lake_Trout        0.1113481 0.1863866 0.1901664 0.2004703 0.1231454 0.1358871 0.2441579 0.1268382 0.1888008 0.5166416 0.2004703 0.1876211 0.1268382 0.5166416 0.0000000 0.1382925 0.1382925 1.5804145 0.2354119 
GCA036784925_Maine_S_alpinus   0.0896369 0.0433739 0.0434543 0.0548043 0.1013979 0.1139645 0.2057908 0.1026016 0.1935313 0.4773562 0.0548043 0.0436064 0.1026016 0.4773562 0.1382925 0.0000000 0.0000010 1.6731889 0.1283552 
GCA045679555_Iceland_A_alpinus 0.0896369 0.0433739 0.0434543 0.0548043 0.1013979 0.1139645 0.2057908 0.1026016 0.1935313 0.4773562 0.0548043 0.0436064 0.1026016 0.4773562 0.1382925 0.0000010 0.0000000 1.6731889 0.1283552 
GCF013265735_Rainbow_Trout     1.6020111 1.7585351 1.7627992 1.8178947 1.6137029 1.6731889 2.3408195 1.7168842 3.0309995 1.5425131 1.8178947 1.8119775 1.7168842 1.5425131 1.5804145 1.6731889 1.6731889 0.0000000 1.9031047 
GCF029448725_Brook_Trout       0.2371544 0.1802953 0.1527671 0.1947752 0.2511276 0.2673114 0.4402793 0.2233312 0.4958935 0.6962845 0.1947752 0.1534449 0.2233312 0.6962845 0.2354119 0.1283552 0.1283552 1.9031047 0.0000000 
