10
251140_Ward_Creek            0.0000000 0.0000010 0.0571810 0.0571810 0.3756056 0.3756056 0.0563978 0.0563978 0.4397366 0.2743860 
260512_Pybus_Point           0.0000010 0.0000000 0.0571810 0.0571810 0.3756056 0.3756056 0.0563978 0.0563978 0.4397366 0.2743860 
261935_Kenai_River           0.0571810 0.0571810 0.0000000 0.0000010 0.4750421 0.4750421 0.1169888 0.1169888 0.5396720 0.3598825 
353246_Cottonwood_Creek      0.0571810 0.0571810 0.0000010 0.0000000 0.4750421 0.4750421 0.1169888 0.1169888 0.5396720 0.3598825 
353379_Skagit_River          0.3756056 0.3756056 0.4750421 0.4750421 0.0000000 0.0000010 0.4644316 0.4644316 1.2973335 0.9782830 
353401_Peace_River           0.3756056 0.3756056 0.4750421 0.4750421 0.0000010 0.0000000 0.4644316 0.4644316 1.2973335 0.9782830 
353410_Horizon_Lake          0.0563978 0.0563978 0.1169888 0.1169888 0.4644316 0.4644316 0.0000000 0.0000010 0.5277820 0.3528010 
GCA036784925_Maine_S_alpinus 0.0563978 0.0563978 0.1169888 0.1169888 0.4644316 0.4644316 0.0000010 0.0000000 0.5277820 0.3528010 
GCF013265735_Rainbow_Trout   0.4397366 0.4397366 0.5396720 0.5396720 1.2973335 1.2973335 0.5277820 0.5277820 0.0000000 1.0375508 
GCF029448725_Brook_Trout     0.2743860 0.2743860 0.3598825 0.3598825 0.9782830 0.9782830 0.3528010 0.3528010 1.0375508 0.0000000 
