13
251140_Ward_Creek            0.0000000 0.0000010 0.0051947 0.0211295 0.0764211 0.0211295 0.0104394 0.0104394 0.0264817 0.0210821 0.0051947 0.4720191 0.0210821 
260512_Pybus_Point           0.0000010 0.0000000 0.0051947 0.0211295 0.0764211 0.0211295 0.0104394 0.0104394 0.0264817 0.0210821 0.0051947 0.4720191 0.0210821 
353219_Peterson_Creek        0.0051947 0.0051947 0.0000000 0.0264817 0.0852823 0.0264817 0.0156998 0.0156998 0.0318632 0.0264220 0.0104163 0.4858346 0.0264220 
353379_Skagit_River          0.0211295 0.0211295 0.0264817 0.0000000 0.1044028 0.0000010 0.0210821 0.0210821 0.0048893 0.0104394 0.0264817 0.4406169 0.0104394 
353381_Dungeness_River       0.0764211 0.0764211 0.0852823 0.1044028 0.0000000 0.1044028 0.0945706 0.0945706 0.1136141 0.1040130 0.0852823 4.3183861 0.1040130 
353401_Peace_River           0.0211295 0.0211295 0.0264817 0.0000010 0.1044028 0.0000000 0.0210821 0.0210821 0.0048893 0.0104394 0.0264817 0.4406169 0.0104394 
353407_Noatok                0.0104394 0.0104394 0.0156998 0.0210821 0.0945706 0.0210821 0.0000000 0.0000010 0.0264220 0.0210348 0.0156998 0.4696677 0.0210348 
353410_Horizon_Lake          0.0104394 0.0104394 0.0156998 0.0210821 0.0945706 0.0210821 0.0000010 0.0000000 0.0264220 0.0210348 0.0156998 0.4696677 0.0210348 
94280_St_Joe                 0.0264817 0.0264817 0.0318632 0.0048893 0.1136141 0.0048893 0.0264220 0.0264220 0.0000000 0.0156998 0.0318632 0.4538916 0.0156998 
GCA016432855_Lake_Trout      0.0210821 0.0210821 0.0264220 0.0104394 0.1040130 0.0104394 0.0210348 0.0210348 0.0156998 0.0000000 0.0264220 0.4384892 0.0000010 
GCA036784925_Maine_S_alpinus 0.0051947 0.0051947 0.0104163 0.0264817 0.0852823 0.0264817 0.0156998 0.0156998 0.0318632 0.0264220 0.0000000 0.4858346 0.0264220 
GCF013265735_Rainbow_Trout   0.4720191 0.4720191 0.4858346 0.4406169 4.3183861 0.4406169 0.4696677 0.4696677 0.4538916 0.4384892 0.4858346 0.0000000 0.4384892 
GCF029448725_Brook_Trout     0.0210821 0.0210821 0.0264220 0.0104394 0.1040130 0.0104394 0.0210348 0.0210348 0.0156998 0.0000010 0.0264220 0.4384892 0.0000000 
