16
251140_Ward_Creek              0.0000000 0.0000010 0.0090424 0.0000010 0.0372924 0.0155567 0.1951905 0.0279336 0.1951905 0.0090424 0.1711135 0.2729607 0.0181657 0.1844988 1.6918292 0.3367120 
260512_Pybus_Point             0.0000010 0.0000000 0.0152944 0.0000010 0.0392345 0.0236797 0.1719985 0.0216741 0.1719985 0.0152944 0.1469503 0.2128509 0.0230283 0.1575333 1.1647054 0.2525831 
261935_Kenai_River             0.0090424 0.0152944 0.0000000 0.0152944 0.0392345 0.0236797 0.1719985 0.0438196 0.1719985 0.0000010 0.1260899 0.2128509 0.0076184 0.1364695 1.1647054 0.2525831 
353213_Cropley_Lake            0.0000010 0.0000010 0.0152944 0.0000000 0.0392345 0.0236797 0.1719985 0.0216741 0.1719985 0.0152944 0.1469503 0.2128509 0.0230283 0.1575333 1.1647054 0.2525831 
353219_Peterson_Creek          0.0372924 0.0392345 0.0392345 0.0392345 0.0000000 0.0117712 0.1577165 0.0556475 0.1577165 0.0392345 0.1828368 0.1982812 0.0472672 0.1940249 1.1399055 0.2325248 
353246_Cottonwood_Creek        0.0155567 0.0236797 0.0236797 0.0236797 0.0117712 0.0000000 0.1436168 0.0653038 0.1436168 0.0236797 0.2705784 0.1838857 0.0236797 0.2913420 1.1146150 0.2127865 
353379_Skagit_River            0.1951905 0.1719985 0.1719985 0.1719985 0.1577165 0.1436168 0.0000000 0.3431297 0.0000010 0.1719985 0.5773586 0.3567039 0.1719985 0.6065661 1.6354004 0.4397442 
353381_Dungeness_River         0.0279336 0.0216741 0.0438196 0.0216741 0.0556475 0.0653038 0.3431297 0.0000000 0.3431297 0.0438196 0.2467645 0.3991710 0.0550713 0.2632465 2.6503639 0.5836264 
353401_Peace_River             0.1951905 0.1719985 0.1719985 0.1719985 0.1577165 0.1436168 0.0000010 0.3431297 0.0000000 0.1719985 0.5773586 0.3567039 0.1719985 0.6065661 1.6354004 0.4397442 
353407_Noatok                  0.0090424 0.0152944 0.0000010 0.0152944 0.0392345 0.0236797 0.1719985 0.0438196 0.1719985 0.0000000 0.1260899 0.2128509 0.0076184 0.1364695 1.1647054 0.2525831 
353410_Horizon_Lake            0.1711135 0.1469503 0.1260899 0.1469503 0.1828368 0.2705784 0.5773586 0.2467645 0.5773586 0.1260899 0.0000000 0.6140618 0.1364695 0.0085928 0.4770538 0.1614582 
GCA016432855_Lake_Trout        0.2729607 0.2128509 0.2128509 0.2128509 0.1982812 0.1838857 0.3567039 0.3991710 0.3567039 0.2128509 0.6140618 0.0000000 0.2128509 0.6423973 1.5883697 0.5288592 
GCA036784925_Maine_S_alpinus   0.0181657 0.0230283 0.0076184 0.0230283 0.0472672 0.0236797 0.1719985 0.0550713 0.1719985 0.0076184 0.1364695 0.2128509 0.0000000 0.1469503 1.1647054 0.2525831 
GCA045679555_Iceland_A_alpinus 0.1844988 0.1575333 0.1364695 0.1575333 0.1940249 0.2913420 0.6065661 0.2632465 0.6065661 0.1364695 0.0085928 0.6423973 0.1469503 0.0000000 0.5004150 0.1789504 
GCF013265735_Rainbow_Trout     1.6918292 1.1647054 1.1647054 1.1647054 1.1399055 1.1146150 1.6354004 2.6503639 1.6354004 1.1647054 0.4770538 1.5883697 1.1647054 0.5004150 0.0000000 0.6217849 
GCF029448725_Brook_Trout       0.3367120 0.2525831 0.2525831 0.2525831 0.2325248 0.2127865 0.4397442 0.5836264 0.4397442 0.2525831 0.1614582 0.5288592 0.2525831 0.1789504 0.6217849 0.0000000 
