14
251140_Ward_Creek            0.0000000 0.0797721 0.0389017 0.0302334 0.0074499 0.0074499 0.0380180 0.0389017 0.0380180 0.0225905 0.0303044 0.0225905 0.1238330 0.0781611 
260512_Pybus_Point           0.0797721 0.0000000 0.0388596 0.0000010 0.0388596 0.0388596 0.1694031 0.0388596 0.1694031 0.1235865 0.1708081 0.1235865 1.0948390 0.4584634 
261935_Kenai_River           0.0389017 0.0388596 0.0000000 0.0388596 0.0000010 0.0000010 0.1236036 0.0000010 0.1236036 0.0802438 0.1245525 0.0802438 0.9283929 0.3925880 
353213_Cropley_Lake          0.0302334 0.0000010 0.0388596 0.0000000 0.0225623 0.0225623 0.0537490 0.0388596 0.0537490 0.0380162 0.0459032 0.0380162 0.1419085 0.0947601 
353219_Peterson_Creek        0.0074499 0.0388596 0.0000010 0.0225623 0.0000000 0.0000010 0.0302604 0.0000010 0.0302604 0.0149856 0.0226146 0.0149856 0.1149186 0.0699736 
353220_Fish_Creek            0.0074499 0.0388596 0.0000010 0.0225623 0.0000010 0.0000000 0.0302604 0.0000010 0.0302604 0.0149856 0.0226146 0.0149856 0.1149186 0.0699736 
353379_Skagit_River          0.0380180 0.1694031 0.1236036 0.0537490 0.0302604 0.0302604 0.0000000 0.1236036 0.0000010 0.0289776 0.0364360 0.0289776 0.1327898 0.0685005 
353381_Dungeness_River       0.0389017 0.0388596 0.0000010 0.0388596 0.0000010 0.0000010 0.1236036 0.0000000 0.1236036 0.0802438 0.1245525 0.0802438 0.9283929 0.3925880 
353401_Peace_River           0.0380180 0.1694031 0.1236036 0.0537490 0.0302604 0.0302604 0.0000010 0.1236036 0.0000000 0.0289776 0.0364360 0.0289776 0.1327898 0.0685005 
353410_Horizon_Lake          0.0225905 0.1235865 0.0802438 0.0380162 0.0149856 0.0149856 0.0289776 0.0802438 0.0289776 0.0000000 0.0216586 0.0000010 0.1149155 0.0669293 
GCA016432855_Lake_Trout      0.0303044 0.1708081 0.1245525 0.0459032 0.0226146 0.0226146 0.0364360 0.1245525 0.0364360 0.0216586 0.0000000 0.0216586 0.1149186 0.0439755 
GCA036784925_Maine_S_alpinus 0.0225905 0.1235865 0.0802438 0.0380162 0.0149856 0.0149856 0.0289776 0.0802438 0.0289776 0.0000010 0.0216586 0.0000000 0.1149155 0.0669293 
GCF013265735_Rainbow_Trout   0.1238330 1.0948390 0.9283929 0.1419085 0.1149186 0.1149186 0.1327898 0.9283929 0.1327898 0.1149155 0.1149186 0.1149155 0.0000000 0.1700632 
GCF029448725_Brook_Trout     0.0781611 0.4584634 0.3925880 0.0947601 0.0699736 0.0699736 0.0685005 0.3925880 0.0685005 0.0669293 0.0439755 0.0669293 0.1700632 0.0000000 
