20
251140_Ward_Creek              0.0000000 0.0062938 0.1014874 0.0126134 0.0062771 0.0143489 0.0126431 0.1088558 0.0000010 0.1375268 0.0728211 0.0128129 0.2031868 0.1158845 0.1447872 0.0724033 0.0653428 0.7359185 0.2247619 0.1158845 
260512_Pybus_Point             0.0062938 0.0000000 0.1014874 0.0222157 0.0820185 0.0288533 0.0222621 0.1828714 0.0068944 0.2270639 0.0753219 0.0282158 0.4139406 0.1894774 0.2168857 0.0749416 0.0687373 0.7899491 0.2939146 0.1894774 
261935_Kenai_River             0.1014874 0.1014874 0.0000000 0.1014874 0.0906612 0.1545738 0.1019030 0.1594078 0.1313971 0.2366756 0.0997613 0.1031570 0.8995792 0.1704653 0.2255491 0.0689423 0.0689423 1.1088374 0.2908135 0.1704653 
353213_Cropley_Lake            0.0126134 0.0222157 0.1014874 0.0000000 0.0652965 0.0361552 0.0143770 0.1488856 0.0125631 0.1778916 0.0594911 0.0243688 0.2643222 0.1544106 0.2023447 0.0592428 0.0540153 0.7676792 0.2823581 0.1544106 
353219_Peterson_Creek          0.0062771 0.0820185 0.0906612 0.0652965 0.0000000 0.0287640 0.0705839 0.0916904 0.0125906 0.1085725 0.1202596 0.0606672 0.1749568 0.0969222 0.1292929 0.1196579 0.1137867 0.7476486 0.2010148 0.0969222 
353220_Fish_Creek              0.0143489 0.0288533 0.1545738 0.0361552 0.0287640 0.0000000 0.0287640 0.1319841 0.0255993 0.1455681 0.1071910 0.0292054 0.2804224 0.1400563 0.1829840 0.1064261 0.0902351 0.8884688 0.2672558 0.1400563 
353246_Cottonwood_Creek        0.0126431 0.0222621 0.1019030 0.0143770 0.0705839 0.0287640 0.0000000 0.1548009 0.0125925 0.1773723 0.0545583 0.0193585 0.2911904 0.1603516 0.2086145 0.0543329 0.0491286 0.7785581 0.2892460 0.1603516 
353379_Skagit_River            0.1088558 0.1828714 0.1594078 0.1488856 0.0916904 0.1319841 0.1548009 0.0000000 0.1081766 0.0112135 0.1612651 0.1399871 0.0000010 0.0047491 0.1231561 0.1484946 0.1423308 0.7426377 0.1826780 0.0047491 
353381_Dungeness_River         0.0000010 0.0068944 0.1313971 0.0125631 0.0125906 0.0255993 0.0125925 0.1081766 0.0000000 0.1363410 0.0655263 0.0192749 0.1668288 0.1151438 0.1522505 0.0720188 0.0650074 0.8685732 0.2419476 0.1151438 
353401_Peace_River             0.1375268 0.2270639 0.2366756 0.1778916 0.1085725 0.1455681 0.1773723 0.0112135 0.1363410 0.0000000 0.1931409 0.1600161 0.0000010 0.0168509 0.1396450 0.1772766 0.1631586 0.7113520 0.2038362 0.0168509 
353407_Noatok                  0.0728211 0.0753219 0.0997613 0.0594911 0.1202596 0.1071910 0.0545583 0.1612651 0.0655263 0.1931409 0.0000000 0.0759532 0.2932612 0.1668631 0.2156724 0.0697926 0.0644552 0.7503510 0.2817012 0.1668631 
353410_Horizon_Lake            0.0128129 0.0282158 0.1031570 0.0243688 0.0606672 0.0292054 0.0193585 0.1399871 0.0192749 0.1600161 0.0759532 0.0000000 0.2751409 0.1455817 0.1867598 0.0752741 0.0698715 0.7496976 0.2664841 0.1455817 
92319_Little_Lost              0.2031868 0.4139406 0.8995792 0.2643222 0.1749568 0.2804224 0.2911904 0.0000010 0.1668288 0.0000010 0.2932612 0.2751409 0.0000000 0.0000010 0.2046686 0.2755092 0.2609981 0.9909266 0.2581457 0.0000010 
94280_St_Joe                   0.1158845 0.1894774 0.1704653 0.1544106 0.0969222 0.1400563 0.1603516 0.0047491 0.1151438 0.0168509 0.1668631 0.1455817 0.0000010 0.0000000 0.1284492 0.1539971 0.1477929 0.7490212 0.1882691 0.0000010 
GCA016432855_Lake_Trout        0.1447872 0.2168857 0.2255491 0.2023447 0.1292929 0.1829840 0.2086145 0.1231561 0.1522505 0.1396450 0.2156724 0.1867598 0.2046686 0.1284492 0.0000000 0.2131184 0.2063609 0.7706816 0.1459926 0.1284492 
GCA036784925_Maine_S_alpinus   0.0724033 0.0749416 0.0689423 0.0592428 0.1196579 0.1064261 0.0543329 0.1484946 0.0720188 0.1772766 0.0697926 0.0752741 0.2755092 0.1539971 0.2131184 0.0000000 0.0241775 0.7672493 0.2811783 0.1539971 
GCA045679555_Iceland_A_alpinus 0.0653428 0.0687373 0.0689423 0.0540153 0.1137867 0.0902351 0.0491286 0.1423308 0.0650074 0.1631586 0.0644552 0.0698715 0.2609981 0.1477929 0.2063609 0.0241775 0.0000000 0.7520860 0.2735935 0.1477929 
GCF013265735_Rainbow_Trout     0.7359185 0.7899491 1.1088374 0.7676792 0.7476486 0.8884688 0.7785581 0.7426377 0.8685732 0.7113520 0.7503510 0.7496976 0.9909266 0.7490212 0.7706816 0.7672493 0.7520860 0.0000000 0.7393588 0.7490212 
GCF029448725_Brook_Trout       0.2247619 0.2939146 0.2908135 0.2823581 0.2010148 0.2672558 0.2892460 0.1826780 0.2419476 0.2038362 0.2817012 0.2664841 0.2581457 0.1882691 0.1459926 0.2811783 0.2735935 0.7393588 0.0000000 0.1882691 
Methow_River_99895             0.1158845 0.1894774 0.1704653 0.1544106 0.0969222 0.1400563 0.1603516 0.0047491 0.1151438 0.0168509 0.1668631 0.1455817 0.0000010 0.0000010 0.1284492 0.1539971 0.1477929 0.7490212 0.1882691 0.0000000 
