19
251140_Ward_Creek              0.0000000 0.0042643 0.0085616 0.0000010 0.0042680 0.0064861 0.0042643 0.0409366 0.2152202 0.0432610 0.0330371 0.0065775 0.0432610 0.0294600 0.0087299 0.0109343 0.2127621 0.0552117 0.2448714 
260512_Pybus_Point             0.0042643 0.0000000 0.0128702 0.0042643 0.0106360 0.0021574 0.0000010 0.0386188 0.2152202 0.0409366 0.0285680 0.0021877 0.0409366 0.0248711 0.0043556 0.0065463 0.2127621 0.0527471 0.2418896 
261935_Kenai_River             0.0085616 0.0128702 0.0000000 0.0085616 0.0128807 0.0152275 0.0128702 0.0455906 0.2307905 0.0479251 0.0285172 0.0154429 0.0479251 0.0340694 0.0131234 0.0153414 0.2157680 0.0601592 0.2478622 
353213_Cropley_Lake            0.0000010 0.0042643 0.0085616 0.0000000 0.0042680 0.0064861 0.0042643 0.0409366 0.2152202 0.0432610 0.0330371 0.0065775 0.0432610 0.0294600 0.0087299 0.0109343 0.2127621 0.0552117 0.2448714 
353219_Peterson_Creek          0.0042680 0.0106360 0.0128807 0.0042680 0.0000000 0.0108436 0.0106360 0.0456335 0.2257117 0.0479706 0.0375595 0.0109962 0.0479706 0.0294875 0.0131354 0.0153553 0.2190343 0.0602193 0.2511457 
353220_Fish_Creek              0.0064861 0.0021574 0.0152275 0.0064861 0.0108436 0.0000000 0.0021574 0.0386188 0.2202370 0.0409366 0.0310052 0.0021877 0.0409366 0.0248711 0.0065404 0.0087378 0.2127621 0.0552117 0.2418896 
353246_Cottonwood_Creek        0.0042643 0.0000010 0.0128702 0.0042643 0.0106360 0.0021574 0.0000000 0.0386188 0.2152202 0.0409366 0.0285680 0.0021877 0.0409366 0.0248711 0.0043556 0.0065463 0.2127621 0.0527471 0.2418896 
353379_Skagit_River            0.0409366 0.0386188 0.0455906 0.0409366 0.0456335 0.0386188 0.0386188 0.0000000 0.2961604 0.0022148 0.0503605 0.0409759 0.0022148 0.0346725 0.0386188 0.0409759 0.2258812 0.0658717 0.1908631 
353381_Dungeness_River         0.2152202 0.2152202 0.2307905 0.2152202 0.2257117 0.2202370 0.2152202 0.2961604 0.0000000 0.3017395 0.2745539 0.2236964 0.3017395 0.2610698 0.2206585 0.2261459 0.7568847 0.3233281 0.9821075 
353401_Peace_River             0.0432610 0.0409366 0.0479251 0.0432610 0.0479706 0.0409366 0.0409366 0.0022148 0.3017395 0.0000000 0.0527101 0.0433016 0.0000010 0.0370271 0.0409366 0.0433016 0.2289399 0.0683964 0.1908631 
353407_Noatok                  0.0330371 0.0285680 0.0285172 0.0330371 0.0375595 0.0310052 0.0285680 0.0503605 0.2745539 0.0527101 0.0000000 0.0312412 0.0527101 0.0317614 0.0287585 0.0310336 0.2127621 0.0601592 0.2544469 
353410_Horizon_Lake            0.0065775 0.0021877 0.0154429 0.0065775 0.0109962 0.0021877 0.0021877 0.0409759 0.2236964 0.0433016 0.0312412 0.0000000 0.0433016 0.0271883 0.0021877 0.0043838 0.2160154 0.0556675 0.2451472 
92319_Little_Lost              0.0432610 0.0409366 0.0479251 0.0432610 0.0479706 0.0409366 0.0409366 0.0022148 0.3017395 0.0000010 0.0527101 0.0433016 0.0000000 0.0370271 0.0409366 0.0433016 0.2289399 0.0683964 0.1908631 
GCA016432855_Lake_Trout        0.0294600 0.0248711 0.0340694 0.0294600 0.0294875 0.0248711 0.0248711 0.0346725 0.2610698 0.0370271 0.0317614 0.0271883 0.0370271 0.0000000 0.0248711 0.0271883 0.1974199 0.0390466 0.2414163 
GCA036784925_Maine_S_alpinus   0.0087299 0.0043556 0.0131234 0.0087299 0.0131354 0.0065404 0.0043556 0.0386188 0.2206585 0.0409366 0.0287585 0.0021877 0.0409366 0.0248711 0.0000000 0.0021732 0.2127621 0.0527471 0.2418896 
GCA045679555_Iceland_A_alpinus 0.0109343 0.0065463 0.0153414 0.0109343 0.0153553 0.0087378 0.0065463 0.0409759 0.2261459 0.0433016 0.0310336 0.0043838 0.0433016 0.0271883 0.0021732 0.0000000 0.2127621 0.0552667 0.2451472 
GCF013265735_Rainbow_Trout     0.2127621 0.2127621 0.2157680 0.2127621 0.2190343 0.2127621 0.2127621 0.2258812 0.7568847 0.2289399 0.2127621 0.2160154 0.2289399 0.1974199 0.2127621 0.2127621 0.0000000 0.2237652 0.5025675 
GCF029448725_Brook_Trout       0.0552117 0.0527471 0.0601592 0.0552117 0.0602193 0.0552117 0.0527471 0.0658717 0.3233281 0.0683964 0.0601592 0.0556675 0.0683964 0.0390466 0.0527471 0.0552667 0.2237652 0.0000000 0.2919863 
Methow_River_99895             0.2448714 0.2418896 0.2478622 0.2448714 0.2511457 0.2418896 0.2418896 0.1908631 0.9821075 0.1908631 0.2544469 0.2451472 0.1908631 0.2414163 0.2418896 0.2451472 0.5025675 0.2919863 0.0000000 
