18
251140_Ward_Creek              0.0000000 0.0000010 0.0393057 0.0190877 0.1044736 0.0809024 0.1504001 0.0000010 0.1272012 0.0808702 0.1044736 0.1505878 0.1272012 0.1473181 0.1272174 0.1272174 0.9447601 0.1026934 
260512_Pybus_Point             0.0000010 0.0000000 0.0393057 0.0190877 0.1044736 0.0809024 0.1504001 0.0000010 0.1272012 0.0808702 0.1044736 0.1505878 0.1272012 0.1473181 0.1272174 0.1272174 0.9447601 0.1026934 
261935_Kenai_River             0.0393057 0.0393057 0.0000000 0.0597104 0.0598730 0.0823981 0.2034224 3.4123334 0.1782875 0.1270115 0.0598730 0.2037014 0.1782875 0.1987296 0.0809425 0.0809425 1.0909789 0.1506702 
353213_Cropley_Lake            0.0190877 0.0190877 0.0597104 0.0000000 0.1270639 0.1024177 0.1741768 0.0000010 0.1504001 0.1023767 0.1270639 0.1744009 0.1504001 0.1704562 0.1504198 0.1504198 0.9768418 0.1248017 
353219_Peterson_Creek          0.1044736 0.1044736 0.0598730 0.1270639 0.0000000 0.0194155 0.1742727 4.6940244 0.1504822 0.1024301 0.0000010 0.1744971 0.1504822 0.1705477 0.0191192 0.0191192 0.9052361 0.0809443 
353246_Cottonwood_Creek        0.0809024 0.0809024 0.0823981 0.1024177 0.0194155 0.0000000 0.1472589 2.1868626 0.1246547 0.0794181 0.0194155 0.1474376 0.1246547 0.1443259 0.0393690 0.0393690 0.8033493 0.0588756 
353379_Skagit_River            0.1504001 0.1504001 0.2034224 0.1741768 0.1742727 0.1472589 0.0000000 3.0860270 0.0190815 0.1945115 0.1742727 0.0386637 0.0190815 0.1706124 0.1988959 0.1988959 1.0349213 0.1246547 
353381_Dungeness_River         0.0000010 0.0000010 3.4123334 0.0000010 4.6940244 2.1868626 3.0860270 0.0000000 4.7246745 1.9280060 4.6940244 3.0056807 4.7246745 1.9347045 2.9995622 2.9995622 2.3890548 3.0865785 
353401_Peace_River             0.1272012 0.1272012 0.1782875 0.1504001 0.1504822 0.1246547 0.0190815 4.7246745 0.0000000 0.1708082 0.1504822 0.0191004 0.0000010 0.1474478 0.1744971 0.1744971 1.0084261 0.1025760 
353407_Noatok                  0.0808702 0.0808702 0.1270115 0.1023767 0.1024301 0.0794181 0.1945115 1.9280060 0.1708082 0.0000000 0.1024301 0.1947610 0.1708082 0.1903097 0.1246198 0.1246198 0.8771561 0.1007275 
353410_Horizon_Lake            0.1044736 0.1044736 0.0598730 0.1270639 0.0000010 0.0194155 0.1742727 4.6940244 0.1504822 0.1024301 0.0000000 0.1744971 0.1504822 0.1705477 0.0191192 0.0191192 0.9052361 0.0809443 
92319_Little_Lost              0.1505878 0.1505878 0.2037014 0.1744009 0.1744971 0.1474376 0.0386637 3.0056807 0.0191004 0.1947610 0.1744971 0.0000000 0.0191004 0.1708259 0.1991601 0.1991601 1.0369181 0.1248017 
94280_St_Joe                   0.1272012 0.1272012 0.1782875 0.1504001 0.1504822 0.1246547 0.0190815 4.7246745 0.0000010 0.1708082 0.1504822 0.0191004 0.0000000 0.1474478 0.1744971 0.1744971 1.0084261 0.1025760 
GCA016432855_Lake_Trout        0.1473181 0.1473181 0.1987296 0.1704562 0.1705477 0.1443259 0.1706124 1.9347045 0.1474478 0.1903097 0.1705477 0.1708259 0.1474478 0.0000000 0.1944583 0.1944583 0.8749153 0.1673250 
GCA036784925_Maine_S_alpinus   0.1272174 0.1272174 0.0809425 0.1504198 0.0191192 0.0393690 0.1988959 2.9995622 0.1744971 0.1246198 0.0191192 0.1991601 0.1744971 0.1944583 0.0000000 0.0000010 0.9427131 0.1025884 
GCA045679555_Iceland_A_alpinus 0.1272174 0.1272174 0.0809425 0.1504198 0.0191192 0.0393690 0.1988959 2.9995622 0.1744971 0.1246198 0.0191192 0.1991601 0.1744971 0.1944583 0.0000010 0.0000000 0.9427131 0.1025884 
GCF013265735_Rainbow_Trout     0.9447601 0.9447601 1.0909789 0.9768418 0.9052361 0.8033493 1.0349213 2.3890548 1.0084261 0.8771561 0.9052361 1.0369181 1.0084261 0.8749153 0.9427131 0.9427131 0.0000000 0.8436888 
GCF029448725_Brook_Trout       0.1026934 0.1026934 0.1506702 0.1248017 0.0809443 0.0588756 0.1246547 3.0865785 0.1025760 0.1007275 0.0809443 0.1248017 0.1025760 0.1673250 0.1025884 0.1025884 0.8436888 0.0000000 
