10
251140_Ward_Creek              0.0000000 0.0000010 0.1236588 0.0000010 0.1236588 1.0064224 0.1141050 0.1141050 2.0039993 1.9541144 
260512_Pybus_Point             0.0000010 0.0000000 0.1236588 0.0000010 0.1236588 1.0064224 0.1141050 0.1141050 2.0039993 1.9541144 
353379_Skagit_River            0.1236588 0.1236588 0.0000000 0.7636891 0.2979747 8.9999984 0.2652427 0.2652427 2.1867488 2.3269580 
353381_Dungeness_River         0.0000010 0.0000010 0.7636891 0.0000000 0.7636891 8.9999984 0.4076005 0.4076005 2.2064955 3.0031030 
353401_Peace_River             0.1236588 0.1236588 0.2979747 0.7636891 0.0000000 8.9999984 0.2652427 0.2652427 1.8243847 2.3269580 
GCA016432855_Lake_Trout        1.0064224 1.0064224 8.9999984 8.9999984 8.9999984 0.0000000 1.3410638 1.3410638 2.7043117 1.6153971 
GCA036784925_Maine_S_alpinus   0.1141050 0.1141050 0.2652427 0.4076005 0.2652427 1.3410638 0.0000000 0.0000010 1.9808751 1.9191533 
GCA045679555_Iceland_A_alpinus 0.1141050 0.1141050 0.2652427 0.4076005 0.2652427 1.3410638 0.0000010 0.0000000 1.9808751 1.9191533 
GCF013265735_Rainbow_Trout     2.0039993 2.0039993 2.1867488 2.2064955 1.8243847 2.7043117 1.9808751 1.9808751 0.0000000 2.7362297 
GCF029448725_Brook_Trout       1.9541144 1.9541144 2.3269580 3.0031030 2.3269580 1.6153971 1.9191533 1.9191533 2.7362297 0.0000000 
