19
251140_Ward_Creek              0.0000000 0.0000010 0.0827796 0.0009757 0.0000010 0.1415249 0.0332664 0.3598958 0.0332664 0.1204744 0.0834902 0.0414558 0.0321644 0.1299498 0.0820779 0.0849737 0.4663908 0.2343537 0.0380726 
260512_Pybus_Point             0.0000010 0.0000000 0.0827796 0.0009757 0.0000010 0.1415249 0.0332664 0.3598958 0.0332664 0.1204744 0.0834902 0.0414558 0.0321644 0.1299498 0.0820779 0.0849737 0.4663908 0.2343537 0.0380726 
261935_Kenai_River             0.0827796 0.0827796 0.0000000 0.0812964 0.0843414 0.0564418 0.1273475 0.1441414 0.1273475 0.0441062 0.0178094 0.1452877 0.1256888 0.0614487 0.0188929 0.0189147 0.3353095 0.1379885 0.1420567 
353219_Peterson_Creek          0.0009757 0.0009757 0.0812964 0.0000000 0.0009757 0.1396830 0.0344083 0.3542684 0.0344083 0.1221948 0.0820779 0.0426978 0.0333025 0.1282788 0.0834902 0.0835536 0.4631401 0.2321504 0.0393108 
353220_Fish_Creek              0.0000010 0.0000010 0.0843414 0.0009757 0.0000000 0.1473678 0.0376236 0.3721028 0.0376236 0.1243893 0.0884775 0.0461358 0.0365141 0.1284657 0.0870503 0.0899756 0.4691055 0.2402587 0.0427628 
353246_Cottonwood_Creek        0.1415249 0.1415249 0.0564418 0.1396830 0.1473678 0.0000000 0.1347722 0.2241397 0.1347722 0.0573987 0.0313527 0.1513968 0.1332407 0.1141636 0.0323897 0.0324219 0.3803268 0.1496320 0.1485777 
353379_Skagit_River            0.0332664 0.0332664 0.1273475 0.0344083 0.0376236 0.1347722 0.0000000 0.3857428 0.0000010 0.0856617 0.0845081 0.0089350 0.0038539 0.1422323 0.0832663 0.0858116 0.3893062 0.1688114 0.0016068 
353381_Dungeness_River         0.3598958 0.3598958 0.1441414 0.3542684 0.3721028 0.2241397 0.3857428 0.0000000 0.3857428 0.1030560 0.1070859 0.4614506 0.3856225 0.1739662 0.1097229 0.1098238 0.2111903 0.1902782 0.4599444 
353401_Peace_River             0.0332664 0.0332664 0.1273475 0.0344083 0.0376236 0.1347722 0.0000010 0.3857428 0.0000000 0.0856617 0.0845081 0.0089350 0.0038539 0.1422323 0.0832663 0.0858116 0.3893062 0.1688114 0.0016068 
353407_Noatok                  0.1204744 0.1204744 0.0441062 0.1221948 0.1243893 0.0573987 0.0856617 0.1030560 0.0856617 0.0000000 0.0225217 0.0798932 0.0844249 0.0684239 0.0215458 0.0235248 0.2754172 0.0578736 0.0945601 
353410_Horizon_Lake            0.0834902 0.0834902 0.0178094 0.0820779 0.0884775 0.0313527 0.0845081 0.1070859 0.0845081 0.0225217 0.0000000 0.0959783 0.0833218 0.0664084 0.0025236 0.0008377 0.2791842 0.0958191 0.0929563 
92319_Little_Lost              0.0414558 0.0414558 0.1452877 0.0426978 0.0461358 0.1513968 0.0089350 0.4614506 0.0089350 0.0798932 0.0959783 0.0000000 0.0048224 0.1605388 0.0946288 0.0973922 0.4273448 0.1907189 0.0102706 
94280_St_Joe                   0.0321644 0.0321644 0.1256888 0.0333025 0.0365141 0.1332407 0.0038539 0.3856225 0.0038539 0.0844249 0.0833218 0.0048224 0.0000000 0.1405689 0.0820861 0.0846192 0.3892432 0.1704825 0.0048604 
GCA016432855_Lake_Trout        0.1299498 0.1299498 0.0614487 0.1282788 0.1284657 0.1141636 0.1422323 0.1739662 0.1422323 0.0684239 0.0664084 0.1605388 0.1405689 0.0000000 0.0676942 0.0677521 0.2898463 0.0862386 0.1576561 
GCA036784925_Maine_S_alpinus   0.0820779 0.0820779 0.0188929 0.0834902 0.0870503 0.0323897 0.0832663 0.1097229 0.0832663 0.0215458 0.0025236 0.0946288 0.0820861 0.0676942 0.0000000 0.0016780 0.2861727 0.0971077 0.0916040 
GCA045679555_Iceland_A_alpinus 0.0849737 0.0849737 0.0189147 0.0835536 0.0899756 0.0324219 0.0858116 0.1098238 0.0858116 0.0235248 0.0008377 0.0973922 0.0846192 0.0677521 0.0016780 0.0000000 0.2814878 0.0971621 0.0943744 
GCF013265735_Rainbow_Trout     0.4663908 0.4663908 0.3353095 0.4631401 0.4691055 0.3803268 0.3893062 0.2111903 0.3893062 0.2754172 0.2791842 0.4273448 0.3892432 0.2898463 0.2861727 0.2814878 0.0000000 0.2858659 0.4261211 
GCF029448725_Brook_Trout       0.2343537 0.2343537 0.1379885 0.2321504 0.2402587 0.1496320 0.1688114 0.1902782 0.1688114 0.0578736 0.0958191 0.1907189 0.1704825 0.0862386 0.0971077 0.0971621 0.2858659 0.0000000 0.1848759 
Methow_River_99895             0.0380726 0.0380726 0.1420567 0.0393108 0.0427628 0.1485777 0.0016068 0.4599444 0.0016068 0.0945601 0.0929563 0.0102706 0.0048604 0.1576561 0.0916040 0.0943744 0.4261211 0.1848759 0.0000000 
