14
251140_Ward_Creek              0.0000000 0.0000010 0.0370605 0.0376147 0.1206651 0.0000010 0.1206651 0.0209762 0.0771121 0.1426309 0.0370605 0.0370605 1.3089536 0.3265844 
260512_Pybus_Point             0.0000010 0.0000000 0.0370605 0.0376147 0.1206651 0.0000010 0.1206651 0.0209762 0.0771121 0.1426309 0.0370605 0.0370605 1.3089536 0.3265844 
353219_Peterson_Creek          0.0370605 0.0370605 0.0000000 0.0771121 0.1651539 0.1286170 0.1651539 0.0646506 0.0771121 0.1882388 0.0758957 0.0370605 1.3340946 0.3899366 
353246_Cottonwood_Creek        0.0376147 0.0376147 0.0771121 0.0000000 0.1683696 0.0651583 0.1683696 0.0000010 0.0758957 0.1920534 0.0771121 0.0771121 1.3959289 0.4028935 
353379_Skagit_River            0.1206651 0.1206651 0.1651539 0.1683696 0.0000000 0.2142798 0.0000010 0.1661618 0.2163563 0.1882388 0.1206651 0.1651539 1.3340946 0.3899366 
353381_Dungeness_River         0.0000010 0.0000010 0.1286170 0.0651583 0.2142798 0.0000000 0.2142798 0.0000010 0.2989979 0.4311541 0.1286170 0.1286170 1.6406845 4.9627716 
353401_Peace_River             0.1206651 0.1206651 0.1651539 0.1683696 0.0000010 0.2142798 0.0000000 0.1661618 0.2163563 0.1882388 0.1206651 0.1651539 1.3340946 0.3899366 
353407_Noatok                  0.0209762 0.0209762 0.0646506 0.0000010 0.1661618 0.0000010 0.1661618 0.0000000 0.0873769 0.1928013 0.0646506 0.0646506 1.4571926 0.4381231 
353410_Horizon_Lake            0.0771121 0.0771121 0.0771121 0.0758957 0.2163563 0.2989979 0.2163563 0.0873769 0.0000000 0.2412793 0.1185797 0.0771121 1.4150900 0.4735062 
GCA016432855_Lake_Trout        0.1426309 0.1426309 0.1882388 0.1920534 0.1882388 0.4311541 0.1882388 0.1928013 0.2412793 0.0000000 0.1882388 0.1882388 1.1989823 0.2540238 
GCA036784925_Maine_S_alpinus   0.0370605 0.0370605 0.0758957 0.0771121 0.1206651 0.1286170 0.1206651 0.0646506 0.1185797 0.1882388 0.0000000 0.0758957 1.3340946 0.3899366 
GCA045679555_Iceland_A_alpinus 0.0370605 0.0370605 0.0370605 0.0771121 0.1651539 0.1286170 0.1651539 0.0646506 0.0771121 0.1882388 0.0758957 0.0000000 1.3340946 0.3899366 
GCF013265735_Rainbow_Trout     1.3089536 1.3089536 1.3340946 1.3959289 1.3340946 1.6406845 1.3340946 1.4571926 1.4150900 1.1989823 1.3340946 1.3340946 0.0000000 1.5182416 
GCF029448725_Brook_Trout       0.3265844 0.3265844 0.3899366 0.4028935 0.3899366 4.9627716 0.3899366 0.4381231 0.4735062 0.2540238 0.3899366 0.3899366 1.5182416 0.0000000 
