17
251140_Ward_Creek              0.0000000 0.0098189 0.0506187 0.0400793 0.0400793 0.0506187 0.2685615 0.2685615 0.0197297 1.4934851 0.2976243 0.3589600 0.0503646 0.0503646 1.8168973 0.5432863 0.2842189 
260512_Pybus_Point             0.0098189 0.0000000 0.0402849 0.0299059 0.0299059 0.0402849 0.2554409 0.2554409 0.0098152 1.4520691 0.2841002 0.3446332 0.0400857 0.0400857 1.8117332 0.5271492 0.2708202 
261935_Kenai_River             0.0506187 0.0402849 0.0000000 0.0098618 0.0098618 0.0199234 0.2294255 0.2294255 0.0300569 1.3447711 0.2572573 0.3161145 0.0198278 0.0198278 1.8005455 0.4946221 0.2442453 
353213_Cropley_Lake            0.0400793 0.0299059 0.0098618 0.0000000 0.0000010 0.0098618 0.2152108 0.2152108 0.0198353 1.1670217 0.2423757 0.2997870 0.0098154 0.0098154 1.7340779 0.4738308 0.2296162 
353219_Peterson_Creek          0.0400793 0.0299059 0.0098618 0.0000010 0.0000000 0.0098618 0.2152108 0.2152108 0.0198353 1.1670217 0.2423757 0.2997870 0.0098154 0.0098154 1.7340779 0.4738308 0.2296162 
353246_Cottonwood_Creek        0.0506187 0.0402849 0.0199234 0.0098618 0.0098618 0.0000000 0.2294255 0.2294255 0.0300569 1.3447711 0.2572573 0.3161145 0.0198278 0.0198278 1.8005455 0.4946221 0.2442453 
353379_Skagit_River            0.2685615 0.2554409 0.2294255 0.2152108 0.2152108 0.2294255 0.0000000 0.0000010 0.2424498 0.0380085 0.0198348 0.2858517 0.2278786 0.2278786 1.6057022 0.5002692 0.0299046 
353401_Peace_River             0.2685615 0.2554409 0.2294255 0.2152108 0.2152108 0.2294255 0.0000010 0.0000000 0.2424498 0.0380085 0.0198348 0.2858517 0.2278786 0.2278786 1.6057022 0.5002692 0.0299046 
353410_Horizon_Lake            0.0197297 0.0098152 0.0300569 0.0198353 0.0198353 0.0300569 0.2424498 0.2424498 0.0000000 1.4042872 0.2707070 0.3304336 0.0299104 0.0299104 1.8062735 0.5110773 0.2575543 
92319_Little_Lost              1.4934851 1.4520691 1.3447711 1.1670217 1.1670217 1.3447711 0.0380085 0.0380085 1.4042872 0.0000000 0.1213018 1.4432589 1.2321139 1.2321139 4.7416154 2.6430599 0.0793537 
94280_St_Joe                   0.2976243 0.2841002 0.2572573 0.2423757 0.2423757 0.2572573 0.0198348 0.0198348 0.2707070 0.1213018 0.0000000 0.3158910 0.2554409 0.2554409 1.6761745 0.5225072 0.0098210 
GCA016432855_Lake_Trout        0.3589600 0.3446332 0.3161145 0.2997870 0.2997870 0.3161145 0.2858517 0.2858517 0.3304336 1.4432589 0.3158910 0.0000000 0.3136641 0.3136641 1.7119453 0.3710074 0.3021169 
GCA036784925_Maine_S_alpinus   0.0503646 0.0400857 0.0198278 0.0098154 0.0098154 0.0198278 0.2278786 0.2278786 0.0299104 1.2321139 0.2554409 0.3136641 0.0000000 0.0000010 1.7259804 0.4897164 0.2425501 
GCA045679555_Iceland_A_alpinus 0.0503646 0.0400857 0.0198278 0.0098154 0.0098154 0.0198278 0.2278786 0.2278786 0.0299104 1.2321139 0.2554409 0.3136641 0.0000010 0.0000000 0.9421789 0.3257328 0.2425501 
GCF013265735_Rainbow_Trout     1.8168973 1.8117332 1.8005455 1.7340779 1.7340779 1.8005455 1.6057022 1.6057022 1.8062735 4.7416154 1.6761745 1.7119453 1.7259804 0.9421789 0.0000000 1.3569075 1.6672121 
GCF029448725_Brook_Trout       0.5432863 0.5271492 0.4946221 0.4738308 0.4738308 0.4946221 0.5002692 0.5002692 0.5110773 2.6430599 0.5225072 0.3710074 0.4897164 0.3257328 1.3569075 0.0000000 0.5061921 
Methow_River_99895             0.2842189 0.2708202 0.2442453 0.2296162 0.2296162 0.2442453 0.0299046 0.0299046 0.2575543 0.0793537 0.0098210 0.3021169 0.2425501 0.2425501 1.6672121 0.5061921 0.0000000 
