13
251140_Ward_Creek          0.0000000 0.0000010 0.0016949 0.0016949 0.0000010 0.0033946 0.0050972 0.0000010 0.0103325 0.0050972 0.0103321 0.1012912 0.0086903 
260512_Pybus_Point         0.0000010 0.0000000 0.0016949 0.0016949 0.0000010 0.0033946 0.0050972 0.0000010 0.0103325 0.0050972 0.0103321 0.1012912 0.0086903 
353213_Cropley_Lake        0.0016949 0.0016949 0.0000000 0.0000010 0.0000010 0.0050974 0.0068036 0.0000010 0.0120678 0.0068036 0.0120671 0.1032605 0.0104399 
353219_Peterson_Creek      0.0016949 0.0016949 0.0000010 0.0000000 0.0000010 0.0050974 0.0068036 0.0000010 0.0120678 0.0068036 0.0120671 0.1032605 0.0104399 
353246_Cottonwood_Creek    0.0000010 0.0000010 0.0000010 0.0000010 0.0000000 0.0000010 0.0137541 0.0000010 0.0781541 0.0137541 0.0277967 1.1999631 0.0162010 
353379_Skagit_River        0.0033946 0.0033946 0.0050974 0.0050974 0.0000010 0.0000000 0.0016951 0.0000010 0.0138114 0.0016951 0.0103341 0.1013141 0.0086919 
353401_Peace_River         0.0050972 0.0050972 0.0068036 0.0068036 0.0137541 0.0016951 0.0000000 0.0137541 0.0155554 0.0000010 0.0120688 0.1032777 0.0104413 
353407_Noatok              0.0000010 0.0000010 0.0000010 0.0000010 0.0000010 0.0000010 0.0137541 0.0000000 0.0781541 0.0137541 0.0277967 1.1999631 0.0162010 
353410_Horizon_Lake        0.0103325 0.0103325 0.0120678 0.0120678 0.0781541 0.0138114 0.0155554 0.0781541 0.0000000 0.0155554 0.0210269 0.1144864 0.0194565 
92319_Little_Lost          0.0050972 0.0050972 0.0068036 0.0068036 0.0137541 0.0016951 0.0000010 0.0137541 0.0155554 0.0000000 0.0120688 0.1032777 0.0104413 
GCA016432855_Lake_Trout    0.0103321 0.0103321 0.0120671 0.0120671 0.0277967 0.0103341 0.0120688 0.0277967 0.0210269 0.0120688 0.0000000 0.1064097 0.0158507 
GCF013265735_Rainbow_Trout 0.1012912 0.1012912 0.1032605 0.1032605 1.1999631 0.1013141 0.1032777 1.1999631 0.1144864 0.1032777 0.1064097 0.0000000 0.1076062 
GCF029448725_Brook_Trout   0.0086903 0.0086903 0.0104399 0.0104399 0.0162010 0.0086919 0.0104413 0.0162010 0.0194565 0.0104413 0.0158507 0.1076062 0.0000000 
