12
251140_Ward_Creek            0.0000000 0.0000010 0.0162520 0.0045906 0.0500940 0.0045906 0.0022918 0.0047205 0.0161914 0.0022918 0.1605746 0.0138569 
260512_Pybus_Point           0.0000010 0.0000000 0.0162520 0.0045906 0.0500940 0.0045906 0.0022918 0.0047205 0.0161914 0.0022918 0.1605746 0.0138569 
353219_Peterson_Creek        0.0162520 0.0162520 0.0000000 0.0228525 0.1779519 0.0228525 0.0129733 0.0237845 0.0396131 0.0129733 0.2646160 0.0328640 
353379_Skagit_River          0.0045906 0.0045906 0.0228525 0.0000000 0.0595733 0.0000010 0.0068965 0.0000010 0.0208821 0.0068965 0.1635168 0.0185331 
353381_Dungeness_River       0.0500940 0.0500940 0.1779519 0.0595733 0.0000000 0.0595733 0.0548181 0.0630419 0.0548181 0.0548181 0.4436755 0.0740200 
353401_Peace_River           0.0045906 0.0045906 0.0228525 0.0000010 0.0595733 0.0000000 0.0068965 0.0000010 0.0208821 0.0068965 0.1635168 0.0185331 
353410_Horizon_Lake          0.0022918 0.0022918 0.0129733 0.0068965 0.0548181 0.0068965 0.0000000 0.0070919 0.0185331 0.0000010 0.1635168 0.0161914 
92319_Little_Lost            0.0047205 0.0047205 0.0237845 0.0000010 0.0630419 0.0000010 0.0070919 0.0000000 0.0214812 0.0070919 0.1507733 0.0190638 
GCA016432855_Lake_Trout      0.0161914 0.0161914 0.0396131 0.0208821 0.0548181 0.0208821 0.0185331 0.0214812 0.0000000 0.0185331 0.1814103 0.0303543 
GCA036784925_Maine_S_alpinus 0.0022918 0.0022918 0.0129733 0.0068965 0.0548181 0.0068965 0.0000010 0.0070919 0.0185331 0.0000000 0.1635168 0.0161914 
GCF013265735_Rainbow_Trout   0.1605746 0.1605746 0.2646160 0.1635168 0.4436755 0.1635168 0.1635168 0.1507733 0.1814103 0.1635168 0.0000000 0.1664696 
GCF029448725_Brook_Trout     0.0138569 0.0138569 0.0328640 0.0185331 0.0740200 0.0185331 0.0161914 0.0190638 0.0303543 0.0161914 0.1664696 0.0000000 
