19
251140_Ward_Creek              0.0000000 0.0585779 0.0028067 0.0600999 0.0028067 0.0014012 0.0074432 0.2236688 0.0072718 0.0042326 0.0319822 0.0100712 0.0072397 0.0388992 0.0028531 0.0028560 0.0741853 0.0295386 0.0159278 
260512_Pybus_Point             0.0585779 0.0000000 0.0555619 0.0013676 0.0555619 0.0570784 0.0637461 0.4012698 0.0622109 0.0573302 0.0880021 0.0629546 0.0619305 0.0947059 0.0596508 0.0565779 0.1317078 0.0930296 0.0767788 
261935_Kenai_River             0.0028067 0.0555619 0.0000000 0.0570786 0.0000010 0.0014026 0.0044591 0.2150334 0.0043560 0.0014084 0.0290304 0.0071829 0.0043374 0.0359633 0.0028560 0.0000010 0.0711051 0.0262112 0.0127211 
353213_Cropley_Lake            0.0600999 0.0013676 0.0570786 0.0000000 0.0570786 0.0585980 0.0653676 0.4070070 0.0637917 0.0588568 0.0896095 0.0645169 0.0635038 0.0963056 0.0612018 0.0581233 0.1333976 0.0948625 0.0785345 
353219_Peterson_Creek          0.0028067 0.0555619 0.0000010 0.0570786 0.0000000 0.0014026 0.0044591 0.2150334 0.0043560 0.0014084 0.0290304 0.0071829 0.0043374 0.0359633 0.0028560 0.0000010 0.0711051 0.0262112 0.0127211 
353220_Fish_Creek              0.0014012 0.0570784 0.0014026 0.0585980 0.0014026 0.0000000 0.0059510 0.2194566 0.0058132 0.0028192 0.0305102 0.0086273 0.0057884 0.0374363 0.0014257 0.0014272 0.0726567 0.0278786 0.0143256 
353379_Skagit_River            0.0074432 0.0637461 0.0044591 0.0653676 0.0044591 0.0059510 0.0000000 0.2285974 0.0000010 0.0059775 0.0349797 0.0029678 0.0000010 0.0365258 0.0074761 0.0044788 0.0715172 0.0257891 0.0082418 
353381_Dungeness_River         0.2236688 0.4012698 0.2150334 0.4070070 0.2150334 0.2194566 0.2285974 0.0000000 0.2365898 0.2220512 0.3110876 0.2375259 0.2337125 0.3266519 0.2263006 0.2175517 0.4383335 0.2934868 0.3413500 
353401_Peace_River             0.0072718 0.0622109 0.0043560 0.0637917 0.0043560 0.0058132 0.0000010 0.2365898 0.0000000 0.0058133 0.0341553 0.0028993 0.0000010 0.0356644 0.0072718 0.0043560 0.0698263 0.0251041 0.0047668 
353407_Noatok                  0.0042326 0.0573302 0.0014084 0.0588568 0.0014084 0.0028192 0.0059775 0.2220512 0.0058133 0.0000000 0.0306435 0.0086646 0.0058133 0.0375983 0.0042879 0.0014273 0.0698650 0.0280162 0.0111725 
353410_Horizon_Lake            0.0319822 0.0880021 0.0290304 0.0896095 0.0290304 0.0305102 0.0349797 0.3110876 0.0341553 0.0306435 0.0000000 0.0367187 0.0340049 0.0071487 0.0321213 0.0291564 0.0412063 0.0605000 0.0456341 
92319_Little_Lost              0.0100712 0.0629546 0.0071829 0.0645169 0.0071829 0.0086273 0.0029678 0.2375259 0.0028993 0.0086646 0.0367187 0.0000000 0.0028870 0.0382129 0.0101145 0.0072138 0.0751988 0.0281007 0.0111112 
94280_St_Joe                   0.0072397 0.0619305 0.0043374 0.0635038 0.0043374 0.0057884 0.0000010 0.2337125 0.0000010 0.0058133 0.0340049 0.0028870 0.0000000 0.0355072 0.0072718 0.0043560 0.0726788 0.0249796 0.0079234 
GCA016432855_Lake_Trout        0.0388992 0.0947059 0.0359633 0.0963056 0.0359633 0.0374363 0.0365258 0.3266519 0.0356644 0.0375983 0.0071487 0.0382129 0.0355072 0.0000000 0.0395996 0.0366098 0.0436418 0.0587076 0.0472991 
GCA036784925_Maine_S_alpinus   0.0028531 0.0596508 0.0028560 0.0612018 0.0028560 0.0014257 0.0074761 0.2263006 0.0072718 0.0042879 0.0321213 0.0101145 0.0072718 0.0395996 0.0000000 0.0028560 0.0723948 0.0296836 0.0127766 
GCA045679555_Iceland_A_alpinus 0.0028560 0.0565779 0.0000010 0.0581233 0.0000010 0.0014272 0.0044788 0.2175517 0.0043560 0.0014273 0.0291564 0.0072138 0.0043560 0.0366098 0.0028560 0.0000000 0.0692668 0.0263397 0.0095665 
GCF013265735_Rainbow_Trout     0.0741853 0.1317078 0.0711051 0.1333976 0.0711051 0.0726567 0.0715172 0.4383335 0.0698263 0.0698650 0.0412063 0.0751988 0.0726788 0.0436418 0.0723948 0.0692668 0.0000000 0.1063991 0.0763592 
GCF029448725_Brook_Trout       0.0295386 0.0930296 0.0262112 0.0948625 0.0262112 0.0278786 0.0257891 0.2934868 0.0251041 0.0280162 0.0605000 0.0281007 0.0249796 0.0587076 0.0296836 0.0263397 0.1063991 0.0000000 0.0371952 
Methow_River_99895             0.0159278 0.0767788 0.0127211 0.0785345 0.0127211 0.0143256 0.0082418 0.3413500 0.0047668 0.0111725 0.0456341 0.0111112 0.0079234 0.0472991 0.0127766 0.0095665 0.0763592 0.0371952 0.0000000 
