13
251140_Ward_Creek            0.0000000 0.0000010 0.0281717 0.0281717 0.0898391 0.0898391 0.0281717 0.1939568 0.1221821 0.1554023 0.1939568 1.5072511 0.4328627 
260512_Pybus_Point           0.0000010 0.0000000 0.0281717 0.0281717 0.0898391 0.0898391 0.0281717 0.1939568 0.1221821 0.1554023 0.1939568 1.5072511 0.4328627 
353219_Peterson_Creek        0.0281717 0.0281717 0.0000000 0.0000010 0.1237800 0.1237800 0.0580568 0.2345429 0.1579564 0.1929259 0.2345429 1.5735810 0.4863326 
353220_Fish_Creek            0.0281717 0.0281717 0.0000010 0.0000000 0.1237800 0.1237800 0.0580568 0.2345429 0.1579564 0.1929259 0.2345429 1.5735810 0.4863326 
353379_Skagit_River          0.0898391 0.0898391 0.1237800 0.1237800 0.0000000 0.0000010 0.0587946 0.1609922 0.0267185 0.0587442 0.1609922 1.2158409 0.3065960 
353401_Peace_River           0.0898391 0.0898391 0.1237800 0.1237800 0.0000010 0.0000000 0.0587946 0.1609922 0.0267185 0.0587442 0.1609922 1.2158409 0.3065960 
353407_Noatok                0.0281717 0.0281717 0.0580568 0.0580568 0.0587946 0.0587946 0.0000000 0.1585207 0.0899324 0.1220315 0.1585207 1.4584932 0.3898619 
353410_Horizon_Lake          0.1939568 0.1939568 0.2345429 0.2345429 0.1609922 0.1609922 0.1585207 0.0000000 0.1975098 0.2347337 0.0000010 1.7691777 0.5521720 
92319_Little_Lost            0.1221821 0.1221821 0.1579564 0.1579564 0.0267185 0.0267185 0.0899324 0.1975098 0.0000000 0.0898391 0.1975098 1.2839680 0.3480061 
GCA016432855_Lake_Trout      0.1554023 0.1554023 0.1929259 0.1929259 0.0587442 0.0587442 0.1220315 0.2347337 0.0898391 0.0000000 0.2347337 1.4446247 0.3013619 
GCA036784925_Maine_S_alpinus 0.1939568 0.1939568 0.2345429 0.2345429 0.1609922 0.1609922 0.1585207 0.0000010 0.1975098 0.2347337 0.0000000 1.7691777 0.5521720 
GCF013265735_Rainbow_Trout   1.5072511 1.5072511 1.5735810 1.5735810 1.2158409 1.2158409 1.4584932 1.7691777 1.2839680 1.4446247 1.7691777 0.0000000 1.6521711 
GCF029448725_Brook_Trout     0.4328627 0.4328627 0.4863326 0.4863326 0.3065960 0.3065960 0.3898619 0.5521720 0.3480061 0.3013619 0.5521720 1.6521711 0.0000000 
