12
251140_Ward_Creek          0.0000000 0.0000010 0.0937286 0.1979582 8.9999986 0.1800104 0.0937286 0.2814475 0.1800104 0.2814925 1.5145823 0.1645788 
260512_Pybus_Point         0.0000010 0.0000000 0.0937286 0.1979582 8.9999986 0.1800104 0.0937286 0.2814475 0.1800104 0.2814925 1.5145823 0.1645788 
353246_Cottonwood_Creek    0.0937286 0.0937286 0.0000000 0.1261679 8.9999983 0.1095519 0.0000010 0.1835943 0.1095519 0.2008521 1.2767701 0.0943348 
353379_Skagit_River        0.1979582 0.1979582 0.1261679 0.0000000 8.9999988 0.0148559 0.1261679 0.0572216 0.0148559 0.2793026 1.4281084 0.1635026 
353381_Dungeness_River     8.9999986 8.9999986 8.9999983 8.9999988 0.0000000 8.9999988 8.9999983 8.9999984 8.9999988 8.9999988 8.9999985 8.9999988 
353401_Peace_River         0.1800104 0.1800104 0.1095519 0.0148559 8.9999988 0.0000000 0.1095519 0.0572216 0.0000010 0.2596103 1.3929273 0.1459525 
353407_Noatok              0.0937286 0.0937286 0.0000010 0.1261679 8.9999983 0.1095519 0.0000000 0.1835943 0.1095519 0.2008521 1.2767701 0.0943348 
92319_Little_Lost          0.2814475 0.2814475 0.1835943 0.0572216 8.9999984 0.0572216 0.1835943 0.0000000 0.0572216 0.3976578 2.2944877 0.1852864 
94280_St_Joe               0.1800104 0.1800104 0.1095519 0.0148559 8.9999988 0.0000010 0.1095519 0.0572216 0.0000000 0.2596103 1.3929273 0.1459525 
GCA016432855_Lake_Trout    0.2814925 0.2814925 0.2008521 0.2793026 8.9999988 0.2596103 0.2008521 0.3976578 0.2596103 0.0000000 1.6424061 0.1658241 
GCF013265735_Rainbow_Trout 1.5145823 1.5145823 1.2767701 1.4281084 8.9999985 1.3929273 1.2767701 2.2944877 1.3929273 1.6424061 0.0000000 1.3192401 
GCF029448725_Brook_Trout   0.1645788 0.1645788 0.0943348 0.1635026 8.9999988 0.1459525 0.0943348 0.1852864 0.1459525 0.1658241 1.3192401 0.0000000 
