13
251140_Ward_Creek              0.0000000 0.0000010 0.0939496 0.4317390 1.2322251 0.4317390 0.1388790 0.4531947 0.0477322 0.0236151 0.0236151 1.0619347 0.0868011 
260512_Pybus_Point             0.0000010 0.0000000 0.0939496 0.4317390 1.2322251 0.4317390 0.1388790 0.4531947 0.0477322 0.0236151 0.0236151 1.0619347 0.0868011 
353220_Fish_Creek              0.0939496 0.0939496 0.0000000 0.2769027 8.9999986 0.2769027 0.0383082 0.2946884 0.1508949 0.1232671 0.1232671 1.5341070 0.2011171 
353379_Skagit_River            0.4317390 0.4317390 0.2769027 0.0000000 8.9999983 0.0000010 0.3001809 0.0124165 0.4714242 0.4371055 0.4371055 1.2935517 0.5605425 
353381_Dungeness_River         1.2322251 1.2322251 8.9999986 8.9999983 0.0000000 8.9999983 8.9999988 8.9999981 1.5288057 1.7251448 1.7251448 5.2042879 2.3014794 
353401_Peace_River             0.4317390 0.4317390 0.2769027 0.0000010 8.9999983 0.0000000 0.3001809 0.0124165 0.4714242 0.4371055 0.4371055 1.2935517 0.5605425 
353410_Horizon_Lake            0.1388790 0.1388790 0.0383082 0.3001809 8.9999988 0.3001809 0.0000000 0.3187238 0.1681633 0.1088227 0.1088227 1.6685998 0.2205453 
92319_Little_Lost              0.4531947 0.4531947 0.2946884 0.0124165 8.9999981 0.0124165 0.3187238 0.0000000 0.4933188 0.4589975 0.4589975 1.3149637 0.5847600 
GCA016432855_Lake_Trout        0.0477322 0.0477322 0.1508949 0.4714242 1.5288057 0.4714242 0.1681633 0.4933188 0.0000000 0.0480032 0.0480032 1.1009270 0.1124412 
GCA036784925_Maine_S_alpinus   0.0236151 0.0236151 0.1232671 0.4371055 1.7251448 0.4371055 0.1088227 0.4589975 0.0480032 0.0000000 0.0000010 1.0873980 0.0873338 
GCA045679555_Iceland_A_alpinus 0.0236151 0.0236151 0.1232671 0.4371055 1.7251448 0.4371055 0.1088227 0.4589975 0.0480032 0.0000010 0.0000000 1.0873980 0.0873338 
GCF013265735_Rainbow_Trout     1.0619347 1.0619347 1.5341070 1.2935517 5.2042879 1.2935517 1.6685998 1.3149637 1.1009270 1.0873980 1.0873980 0.0000000 1.1964956 
GCF029448725_Brook_Trout       0.0868011 0.0868011 0.2011171 0.5605425 2.3014794 0.5605425 0.2205453 0.5847600 0.1124412 0.0873338 0.0873338 1.1964956 0.0000000 
