14
251140_Ward_Creek              0.0000000 0.0000010 0.0044961 0.0045102 0.0466980 0.0322881 0.0322881 0.0136455 0.0090443 0.0090160 0.0417404 0.0417404 0.0806083 0.0090160 
260512_Pybus_Point             0.0000010 0.0000000 0.0044961 0.0045102 0.0466980 0.0322881 0.0322881 0.0136455 0.0090443 0.0090160 0.0417404 0.0417404 0.0806083 0.0090160 
261935_Kenai_River             0.0044961 0.0044961 0.0000000 0.0090443 0.0000010 0.0276005 0.0276005 0.0090718 0.0045102 0.0044961 0.0370005 0.0370005 0.0756543 0.0044961 
353219_Peterson_Creek          0.0045102 0.0045102 0.0090443 0.0000000 0.0994442 0.0371210 0.0371210 0.0183011 0.0136455 0.0136023 0.0368817 0.0368817 0.0858801 0.0136023 
353246_Cottonwood_Creek        0.0466980 0.0466980 0.0000010 0.0994442 0.0000000 0.2848281 0.2848281 0.0000010 0.0000010 0.0466980 0.4282395 0.4282395 0.4598956 0.0466980 
353379_Skagit_River            0.0322881 0.0322881 0.0276005 0.0371210 0.2848281 0.0000000 0.0000010 0.0276005 0.0228650 0.0322881 0.0562999 0.0562999 0.0959643 0.0322881 
353401_Peace_River             0.0322881 0.0322881 0.0276005 0.0371210 0.2848281 0.0000010 0.0000000 0.0276005 0.0228650 0.0322881 0.0562999 0.0562999 0.0959643 0.0322881 
353407_Noatok                  0.0136455 0.0136455 0.0090718 0.0183011 0.0000010 0.0276005 0.0276005 0.0000000 0.0045102 0.0136455 0.0370005 0.0370005 0.0756543 0.0136455 
353410_Horizon_Lake            0.0090443 0.0090443 0.0045102 0.0136455 0.0000010 0.0228650 0.0228650 0.0045102 0.0000000 0.0090443 0.0321841 0.0321841 0.0704933 0.0090443 
GCA016432855_Lake_Trout        0.0090160 0.0090160 0.0044961 0.0136023 0.0466980 0.0322881 0.0322881 0.0136455 0.0090443 0.0000000 0.0417404 0.0417404 0.0806083 0.0000010 
GCA036784925_Maine_S_alpinus   0.0417404 0.0417404 0.0370005 0.0368817 0.4282395 0.0562999 0.0562999 0.0370005 0.0321841 0.0417404 0.0000000 0.0000010 0.1061640 0.0417404 
GCA045679555_Iceland_A_alpinus 0.0417404 0.0417404 0.0370005 0.0368817 0.4282395 0.0562999 0.0562999 0.0370005 0.0321841 0.0417404 0.0000010 0.0000000 0.1061640 0.0417404 
GCF013265735_Rainbow_Trout     0.0806083 0.0806083 0.0756543 0.0858801 0.4598956 0.0959643 0.0959643 0.0756543 0.0704933 0.0806083 0.1061640 0.1061640 0.0000000 0.0806083 
GCF029448725_Brook_Trout       0.0090160 0.0090160 0.0044961 0.0136023 0.0466980 0.0322881 0.0322881 0.0136455 0.0090443 0.0000010 0.0417404 0.0417404 0.0806083 0.0000000 
