11
251140_Ward_Creek              0.0000000 0.0000010 0.0525632 0.0754331 0.0096271 0.0533128 0.0096271 0.0031943 0.0563906 0.0778547 0.0296209 
260512_Pybus_Point             0.0000010 0.0000000 0.0525632 0.0754331 0.0096271 0.0533128 0.0096271 0.0031943 0.0563906 0.0778547 0.0296209 
353379_Skagit_River            0.0525632 0.0525632 0.0000000 0.0814767 0.0416987 0.1320644 0.0416987 0.0524807 0.1173747 0.1263732 0.0833143 
353381_Dungeness_River         0.0754331 0.0754331 0.0814767 0.0000000 0.0814767 0.7219313 0.0814767 0.0752367 0.1813113 0.1906913 0.1220016 
353401_Peace_River             0.0096271 0.0096271 0.0416987 0.0814767 0.0000000 0.0411107 0.0000010 0.0096133 0.0668781 0.0850478 0.0363771 
92319_Little_Lost              0.0533128 0.0533128 0.1320644 0.7219313 0.0411107 0.0000000 0.0411107 0.0533128 0.1666994 0.0899998 0.0172793 
94280_St_Joe                   0.0096271 0.0096271 0.0416987 0.0814767 0.0000010 0.0411107 0.0000000 0.0096133 0.0668781 0.0850478 0.0363771 
GCA016432855_Lake_Trout        0.0031943 0.0031943 0.0524807 0.0752367 0.0096133 0.0533128 0.0096133 0.0000000 0.0598974 0.0778547 0.0296209 
GCA045679555_Iceland_A_alpinus 0.0563906 0.0563906 0.1173747 0.1813113 0.0668781 0.1666994 0.0668781 0.0598974 0.0000000 0.1297950 0.0892895 
GCF013265735_Rainbow_Trout     0.0778547 0.0778547 0.1263732 0.1906913 0.0850478 0.0899998 0.0850478 0.0778547 0.1297950 0.0000000 0.0600485 
GCF029448725_Brook_Trout       0.0296209 0.0296209 0.0833143 0.1220016 0.0363771 0.0172793 0.0363771 0.0296209 0.0892895 0.0600485 0.0000000 
