12
251140_Ward_Creek          0.0000000 0.0000010 0.0094480 0.0094480 0.0386576 0.0530754 0.0386576 0.0190850 0.0488200 0.0436289 0.1325381 0.0337176 
260512_Pybus_Point         0.0000010 0.0000000 0.0094480 0.0094480 0.0386576 0.0530754 0.0386576 0.0190850 0.0488200 0.0436289 0.1325381 0.0337176 
261935_Kenai_River         0.0094480 0.0094480 0.0000000 0.0000010 0.0288089 0.0000010 0.0288089 0.0094828 0.0388048 0.0337176 0.1205990 0.0239317 
353213_Cropley_Lake        0.0094480 0.0094480 0.0000010 0.0000000 0.0288089 0.0000010 0.0288089 0.0094828 0.0388048 0.0337176 0.1205990 0.0239317 
353379_Skagit_River        0.0386576 0.0386576 0.0288089 0.0288089 0.0000000 0.1125128 0.0000010 0.0388048 0.0094828 0.0238426 0.1083582 0.0142159 
353381_Dungeness_River     0.0530754 0.0530754 0.0000010 0.0000010 0.1125128 0.0000000 0.1125128 0.0542118 0.1797675 0.1753929 1.3524804 0.1125128 
353401_Peace_River         0.0386576 0.0386576 0.0288089 0.0288089 0.0000010 0.1125128 0.0000000 0.0388048 0.0094828 0.0238426 0.1083582 0.0142159 
353407_Noatok              0.0190850 0.0190850 0.0094828 0.0094828 0.0388048 0.0542118 0.0388048 0.0000000 0.0490086 0.0437954 0.1331380 0.0338454 
92319_Little_Lost          0.0488200 0.0488200 0.0388048 0.0388048 0.0094828 0.1797675 0.0094828 0.0490086 0.0000000 0.0337176 0.1205990 0.0239317 
GCA016432855_Lake_Trout    0.0436289 0.0436289 0.0337176 0.0337176 0.0238426 0.1753929 0.0238426 0.0437954 0.0337176 0.0000000 0.1141907 0.0094480 
GCF013265735_Rainbow_Trout 0.1325381 0.1325381 0.1205990 0.1205990 0.1083582 1.3524804 0.1083582 0.1331380 0.1205990 0.1141907 0.0000000 0.1025692 
GCF029448725_Brook_Trout   0.0337176 0.0337176 0.0239317 0.0239317 0.0142159 0.1125128 0.0142159 0.0338454 0.0239317 0.0094480 0.1025692 0.0000000 
