13
251140_Ward_Creek              0.0000000 2.8784732 2.3378956 2.3378956 2.2169842 3.9418316 2.2169842 2.8784732 2.0199178 2.3378956 2.8784732 2.5631968 2.1319018 
260512_Pybus_Point             2.8784732 0.0000000 0.1086018 0.1086018 0.5242413 0.5746316 0.5242413 0.6330432 1.2103509 0.3730411 0.6330432 3.6718591 1.0014062 
261935_Kenai_River             2.3378956 0.1086018 0.0000000 0.0000010 0.3315030 0.3582088 0.3315030 0.3730411 0.9242524 0.2110701 0.3730411 3.2477137 0.6747015 
353213_Cropley_Lake            2.3378956 0.1086018 0.0000010 0.0000000 0.3315030 0.3582088 0.3315030 0.3730411 0.9242524 0.2110701 0.3730411 3.2477137 0.6747015 
353379_Skagit_River            2.2169842 0.5242413 0.3315030 0.3315030 0.0000000 0.3582088 0.0000010 0.5242413 1.0159035 0.3315030 0.5242413 3.0588342 0.8105563 
353381_Dungeness_River         3.9418316 0.5746316 0.3582088 0.3582088 0.3582088 0.0000000 0.3582088 0.5746316 1.0708812 0.3582088 0.5746316 3.1156859 0.8728492 
353401_Peace_River             2.2169842 0.5242413 0.3315030 0.3315030 0.0000010 0.3582088 0.0000000 0.5242413 1.0159035 0.3315030 0.5242413 3.0588342 0.8105563 
353410_Horizon_Lake            2.8784732 0.6330432 0.3730411 0.3730411 0.5242413 0.5746316 0.5242413 0.0000000 1.2103509 0.1086018 0.0000010 3.6718591 1.0014062 
GCA016432855_Lake_Trout        2.0199178 1.2103509 0.9242524 0.9242524 1.0159035 1.0708812 1.0159035 1.2103509 0.0000000 0.9242524 1.2103509 3.2477137 0.4572919 
GCA036784925_Maine_S_alpinus   2.3378956 0.3730411 0.2110701 0.2110701 0.3315030 0.3582088 0.3315030 0.1086018 0.9242524 0.0000000 0.1086018 3.2477137 0.6747015 
GCA045679555_Iceland_A_alpinus 2.8784732 0.6330432 0.3730411 0.3730411 0.5242413 0.5746316 0.5242413 0.0000010 1.2103509 0.1086018 0.0000000 3.6718591 1.0014062 
GCF013265735_Rainbow_Trout     2.5631968 3.6718591 3.2477137 3.2477137 3.0588342 3.1156859 3.0588342 3.6718591 3.2477137 3.2477137 3.6718591 0.0000000 3.8702887 
GCF029448725_Brook_Trout       2.1319018 1.0014062 0.6747015 0.6747015 0.8105563 0.8728492 0.8105563 1.0014062 0.4572919 0.6747015 1.0014062 3.8702887 0.0000000 
