15
251140_Ward_Creek            0.0000000 0.0000010 0.0029750 0.0022068 0.0044220 0.0150006 0.2715655 0.0150006 0.0044220 0.0022068 0.0180279 0.0089629 0.6942353 0.0272298 0.0149829 
260512_Pybus_Point           0.0000010 0.0000000 0.0029750 0.0022068 0.0044220 0.0150006 0.2715655 0.0150006 0.0044220 0.0022068 0.0180279 0.0089629 0.6942353 0.0272298 0.0149829 
261935_Kenai_River           0.0029750 0.0029750 0.0000000 0.0029750 0.0029750 0.0119684 0.2823642 0.0119684 0.0029750 0.0029750 0.0149829 0.0059588 0.7631393 0.0241387 0.0119542 
353213_Cropley_Lake          0.0022068 0.0022068 0.0029750 0.0000000 0.0022068 0.0150006 0.2715655 0.0150006 0.0022068 0.0000010 0.0180279 0.0089629 0.6942353 0.0272298 0.0149829 
353246_Cottonwood_Creek      0.0044220 0.0044220 0.0029750 0.0022068 0.0000000 0.0150006 0.2715655 0.0150006 0.0044220 0.0022068 0.0180279 0.0089629 0.6942353 0.0272298 0.0149829 
353379_Skagit_River          0.0150006 0.0150006 0.0119684 0.0150006 0.0150006 0.0000000 0.3136374 0.0000010 0.0150006 0.0150006 0.0029715 0.0059588 0.7491422 0.0180065 0.0119542 
353381_Dungeness_River       0.2715655 0.2715655 0.2823642 0.2715655 0.2715655 0.3136374 0.0000000 0.3136374 0.2715655 0.2715655 0.3239380 0.3034429 0.7131949 0.3263084 0.3136374 
353401_Peace_River           0.0150006 0.0150006 0.0119684 0.0150006 0.0150006 0.0000010 0.3136374 0.0000000 0.0150006 0.0150006 0.0029715 0.0059588 0.7491422 0.0180065 0.0119542 
353407_Noatok                0.0044220 0.0044220 0.0029750 0.0022068 0.0044220 0.0150006 0.2715655 0.0150006 0.0000000 0.0022068 0.0180279 0.0089629 0.6942353 0.0272298 0.0149829 
353410_Horizon_Lake          0.0022068 0.0022068 0.0029750 0.0000010 0.0022068 0.0150006 0.2715655 0.0150006 0.0022068 0.0000000 0.0180279 0.0089629 0.6942353 0.0272298 0.0149829 
92319_Little_Lost            0.0180279 0.0180279 0.0149829 0.0180279 0.0180279 0.0029715 0.3239380 0.0029715 0.0180279 0.0180279 0.0000000 0.0089523 0.7604190 0.0210392 0.0149651 
GCA016432855_Lake_Trout      0.0089629 0.0089629 0.0059588 0.0089629 0.0089629 0.0059588 0.3034429 0.0059588 0.0089629 0.0089629 0.0089523 0.0000000 0.7517983 0.0180279 0.0059517 
GCA036784925_Maine_S_alpinus 0.6942353 0.6942353 0.7631393 0.6942353 0.6942353 0.7491422 0.7131949 0.7491422 0.6942353 0.6942353 0.7604190 0.7517983 0.0000000 0.7491422 0.7746063 
GCF013265735_Rainbow_Trout   0.0272298 0.0272298 0.0241387 0.0272298 0.0272298 0.0180065 0.3263084 0.0180065 0.0272298 0.0272298 0.0210392 0.0180279 0.7491422 0.0000000 0.0241099 
GCF029448725_Brook_Trout     0.0149829 0.0149829 0.0119542 0.0149829 0.0149829 0.0119542 0.3136374 0.0119542 0.0149829 0.0149829 0.0149651 0.0059517 0.7746063 0.0241099 0.0000000 
