15
251140_Ward_Creek              0.0000000 0.0000010 0.0121206 0.0000010 0.1849432 0.3044565 0.0000010 0.3044565 0.1849432 0.1934390 0.1777060 0.1858038 0.1858038 0.1305967 0.2172140 
260512_Pybus_Point             0.0000010 0.0000000 0.0136048 0.0000010 0.1849432 0.3044565 0.0000010 0.3044565 0.1849432 0.1934390 0.2027439 0.2121987 0.2121987 0.1396103 0.2487632 
261935_Kenai_River             0.0121206 0.0136048 0.0000000 0.0121206 0.1934390 0.3146702 0.0256393 0.3146702 0.1934390 0.1849432 0.1852111 0.1933919 0.1933919 0.1446355 0.2250663 
353213_Cropley_Lake            0.0000010 0.0000010 0.0121206 0.0000000 0.1849432 0.3044565 0.0000010 0.3044565 0.1849432 0.1934390 0.1777060 0.1858038 0.1858038 0.1305967 0.2172140 
353246_Cottonwood_Creek        0.1849432 0.1849432 0.1934390 0.1849432 0.0000000 0.1255888 0.5421794 0.1255888 0.0000010 0.0061534 0.0123791 0.0186795 0.0186795 0.2256625 0.0442629 
353379_Skagit_River            0.3044565 0.3044565 0.3146702 0.3044565 0.1255888 0.0000000 1.3486416 0.0000010 0.1255888 0.1330479 0.1233972 0.1459891 0.1459891 0.3226759 0.1615901 
353381_Dungeness_River         0.0000010 0.0000010 0.0256393 0.0000010 0.5421794 1.3486416 0.0000000 1.3486416 0.5421794 0.5738999 0.4224715 0.4474900 0.4474900 0.2689322 0.5430960 
353401_Peace_River             0.3044565 0.3044565 0.3146702 0.3044565 0.1255888 0.0000010 1.3486416 0.0000000 0.1255888 0.1330479 0.1233972 0.1459891 0.1459891 0.3226759 0.1615901 
353407_Noatok                  0.1849432 0.1849432 0.1934390 0.1849432 0.0000010 0.1255888 0.5421794 0.1255888 0.0000000 0.0061534 0.0123791 0.0186795 0.0186795 0.2256625 0.0442629 
353410_Horizon_Lake            0.1934390 0.1934390 0.1849432 0.1934390 0.0061534 0.1330479 0.5738999 0.1330479 0.0061534 0.0000000 0.0186270 0.0249837 0.0249837 0.2344184 0.0507478 
GCA016432855_Lake_Trout        0.1777060 0.2027439 0.1852111 0.1777060 0.0123791 0.1233972 0.4224715 0.1233972 0.0123791 0.0186270 0.0000000 0.0277541 0.0277541 0.2025227 0.0391722 
GCA036784925_Maine_S_alpinus   0.1858038 0.2121987 0.1933919 0.1858038 0.0186795 0.1459891 0.4474900 0.1459891 0.0186795 0.0249837 0.0277541 0.0000000 0.0000010 0.2259253 0.0565839 
GCA045679555_Iceland_A_alpinus 0.1858038 0.2121987 0.1933919 0.1858038 0.0186795 0.1459891 0.4474900 0.1459891 0.0186795 0.0249837 0.0277541 0.0000010 0.0000000 0.2259253 0.0565839 
GCF013265735_Rainbow_Trout     0.1305967 0.1396103 0.1446355 0.1305967 0.2256625 0.3226759 0.2689322 0.3226759 0.2256625 0.2344184 0.2025227 0.2259253 0.2259253 0.0000000 0.2421748 
GCF029448725_Brook_Trout       0.2172140 0.2487632 0.2250663 0.2172140 0.0442629 0.1615901 0.5430960 0.1615901 0.0442629 0.0507478 0.0391722 0.0565839 0.0565839 0.2421748 0.0000000 
