17
251140_Ward_Creek              0.0000000 0.6031114 0.6031114 0.1187411 0.1187411 0.6808460 1.0057567 0.6756815 0.6584163 0.6729324 0.6756815 0.6756815 0.7371648 0.6708176 0.6708176 0.7351354 0.9047727 
260512_Pybus_Point             0.6031114 0.0000000 0.0000010 0.3633614 0.3633614 0.0723371 0.2981456 0.0723371 0.0632580 0.0680786 0.0699976 0.0699976 0.0970560 0.0680034 0.0680034 0.2021188 0.1401683 
261935_Kenai_River             0.6031114 0.0000010 0.0000000 0.3633614 0.3633614 0.0723371 0.2981456 0.0723371 0.0632580 0.0680786 0.0699976 0.0699976 0.0970560 0.0680034 0.0680034 0.2021188 0.1401683 
353219_Peterson_Creek          0.1187411 0.3633614 0.3633614 0.0000000 0.0000010 0.4215992 1.0201801 0.4178220 0.4065516 0.4157192 0.4178220 0.4178220 0.4579456 0.4148848 0.4148848 0.5561943 0.5463781 
353220_Fish_Creek              0.1187411 0.3633614 0.3633614 0.0000010 0.0000000 0.4215992 1.0201801 0.4178220 0.4065516 0.4157192 0.4178220 0.4178220 0.4579456 0.4148848 0.4148848 0.5561943 0.5463781 
353379_Skagit_River            0.6808460 0.0723371 0.0723371 0.4215992 0.4215992 0.0000000 0.1263354 0.0038264 0.0253322 0.0293404 0.0019114 0.0019114 0.0373098 0.0293133 0.0293133 0.1572781 0.0692968 
353381_Dungeness_River         1.0057567 0.2981456 0.2981456 1.0201801 1.0201801 0.1263354 0.0000000 0.1263354 0.0605954 0.0735915 0.1196404 0.1196404 0.1461892 0.0733714 0.0733714 0.2550022 0.2741279 
353401_Peace_River             0.6756815 0.0723371 0.0723371 0.4178220 0.4178220 0.0038264 0.1263354 0.0000000 0.0253322 0.0293404 0.0019114 0.0019114 0.0373098 0.0293133 0.0293133 0.1572781 0.0692968 
353407_Noatok                  0.6584163 0.0632580 0.0632580 0.4065516 0.4065516 0.0253322 0.0605954 0.0253322 0.0000000 0.0076810 0.0233609 0.0233609 0.0331754 0.0076741 0.0076741 0.1379504 0.0606758 
353410_Horizon_Lake            0.6729324 0.0680786 0.0680786 0.4157192 0.4157192 0.0293404 0.0735915 0.0293404 0.0076810 0.0000000 0.0273577 0.0273577 0.0372197 0.0038298 0.0038298 0.1473763 0.0673005 
92319_Little_Lost              0.6756815 0.0699976 0.0699976 0.4178220 0.4178220 0.0019114 0.1196404 0.0019114 0.0233609 0.0273577 0.0000000 0.0000010 0.0353117 0.0273325 0.0273325 0.1549589 0.0671264 
94280_St_Joe                   0.6756815 0.0699976 0.0699976 0.4178220 0.4178220 0.0019114 0.1196404 0.0019114 0.0233609 0.0273577 0.0000010 0.0000000 0.0353117 0.0273325 0.0273325 0.1549589 0.0671264 
GCA016432855_Lake_Trout        0.7371648 0.0970560 0.0970560 0.4579456 0.4579456 0.0373098 0.1461892 0.0373098 0.0331754 0.0372197 0.0353117 0.0353117 0.0000000 0.0371850 0.0371850 0.1457298 0.0391864 
GCA036784925_Maine_S_alpinus   0.6708176 0.0680034 0.0680034 0.4148848 0.4148848 0.0293133 0.0733714 0.0293133 0.0076741 0.0038298 0.0273325 0.0273325 0.0371850 0.0000000 0.0000010 0.1472139 0.0672317 
GCA045679555_Iceland_A_alpinus 0.6708176 0.0680034 0.0680034 0.4148848 0.4148848 0.0293133 0.0733714 0.0293133 0.0076741 0.0038298 0.0273325 0.0273325 0.0371850 0.0000010 0.0000000 0.1472139 0.0672317 
GCF013265735_Rainbow_Trout     0.7351354 0.2021188 0.2021188 0.5561943 0.5561943 0.1572781 0.2550022 0.1572781 0.1379504 0.1473763 0.1549589 0.1549589 0.1457298 0.1472139 0.1472139 0.0000000 0.1745035 
GCF029448725_Brook_Trout       0.9047727 0.1401683 0.1401683 0.5463781 0.5463781 0.0692968 0.2741279 0.0692968 0.0606758 0.0673005 0.0671264 0.0671264 0.0391864 0.0672317 0.0672317 0.1745035 0.0000000 
