13
251140_Ward_Creek            0.0000000 0.0000010 0.0307981 0.0232292 0.0267177 0.0454972 0.0036043 0.0442699 0.0267177 0.0349026 0.0036043 0.1010266 0.0379895 
260512_Pybus_Point           0.0000010 0.0000000 0.0307981 0.0232292 0.0267177 0.0454972 0.0036043 0.0442699 0.0267177 0.0349026 0.0036043 0.1010266 0.0379895 
353379_Skagit_River          0.0307981 0.0307981 0.0000000 0.0659865 0.0030602 0.0720494 0.0268844 0.0921113 0.0030602 0.0265120 0.0268844 0.0711740 0.0216465 
353381_Dungeness_River       0.0232292 0.0232292 0.0659865 0.0000000 0.0602450 0.0845839 0.0279564 0.1979518 0.0602450 0.0664819 0.0279564 0.1623892 0.0748556 
353401_Peace_River           0.0267177 0.0267177 0.0030602 0.0602450 0.0000000 0.0674642 0.0228463 0.0813309 0.0000010 0.0230262 0.0228463 0.0674723 0.0184256 
353407_Noatok                0.0454972 0.0454972 0.0720494 0.0845839 0.0674642 0.0000000 0.0416073 0.0809457 0.0674642 0.0766610 0.0416073 0.1337322 0.0831454 
353410_Horizon_Lake          0.0036043 0.0036043 0.0268844 0.0279564 0.0228463 0.0416073 0.0000000 0.0442699 0.0228463 0.0309490 0.0000010 0.0967398 0.0341078 
92319_Little_Lost            0.0442699 0.0442699 0.0921113 0.1979518 0.0813309 0.0809457 0.0442699 0.0000000 0.0813309 0.1093715 0.0442699 0.2737819 0.1359844 
94280_St_Joe                 0.0267177 0.0267177 0.0030602 0.0602450 0.0000010 0.0674642 0.0228463 0.0813309 0.0000000 0.0230262 0.0228463 0.0674723 0.0184256 
GCA016432855_Lake_Trout      0.0349026 0.0349026 0.0265120 0.0664819 0.0230262 0.0766610 0.0309490 0.1093715 0.0230262 0.0000000 0.0309490 0.0822823 0.0297160 
GCA036784925_Maine_S_alpinus 0.0036043 0.0036043 0.0268844 0.0279564 0.0228463 0.0416073 0.0000010 0.0442699 0.0228463 0.0309490 0.0000000 0.0967398 0.0341078 
GCF013265735_Rainbow_Trout   0.1010266 0.1010266 0.0711740 0.1623892 0.0674723 0.1337322 0.0967398 0.2737819 0.0674723 0.0822823 0.0967398 0.0000000 0.0771307 
GCF029448725_Brook_Trout     0.0379895 0.0379895 0.0216465 0.0748556 0.0184256 0.0831454 0.0341078 0.1359844 0.0184256 0.0297160 0.0341078 0.0771307 0.0000000 
