15
251140_Ward_Creek            0.0000000 0.0170816 0.0267374 0.0170816 0.0131797 0.0424965 0.5787915 0.0365152 0.0267374 0.0209177 0.0365152 0.0345350 0.0209177 0.0886748 0.0823775 
260512_Pybus_Point           0.0170816 0.0000000 0.0094205 0.0000010 0.0065573 0.0247685 0.5010558 0.0189572 0.0094205 0.0037523 0.0189572 0.0170336 0.0037523 0.0686186 0.0629015 
261935_Kenai_River           0.0267374 0.0094205 0.0000000 0.0094205 0.0131797 0.0151476 0.5217783 0.0094205 0.0000010 0.0094205 0.0094205 0.0075241 0.0094205 0.0752161 0.0693111 
353213_Cropley_Lake          0.0170816 0.0000010 0.0094205 0.0000000 0.0065573 0.0247685 0.5010558 0.0189572 0.0094205 0.0037523 0.0189572 0.0170336 0.0037523 0.0686186 0.0629015 
353246_Cottonwood_Creek      0.0131797 0.0065573 0.0131797 0.0065573 0.0000000 0.0311563 0.9833726 0.0243364 0.0131797 0.0065573 0.0243364 0.0220818 0.0065573 0.0813072 0.0766881 
353379_Skagit_River          0.0424965 0.0247685 0.0151476 0.0247685 0.0311563 0.0000000 0.5233437 0.0056455 0.0151476 0.0247685 0.0056455 0.0151370 0.0247685 0.0841348 0.0779721 
353381_Dungeness_River       0.5787915 0.5010558 0.5217783 0.5010558 0.9833726 0.5233437 0.0000000 0.5121085 0.5217783 0.5010558 0.5121085 0.5105929 0.5010558 0.5380348 0.8235431 
353401_Peace_River           0.0365152 0.0189572 0.0094205 0.0189572 0.0243364 0.0056455 0.5121085 0.0000000 0.0094205 0.0189572 0.0000010 0.0094138 0.0189572 0.0773891 0.0714248 
353407_Noatok                0.0267374 0.0094205 0.0000010 0.0094205 0.0131797 0.0151476 0.5217783 0.0094205 0.0000000 0.0094205 0.0094205 0.0075241 0.0094205 0.0752161 0.0693111 
353410_Horizon_Lake          0.0209177 0.0037523 0.0094205 0.0037523 0.0065573 0.0247685 0.5010558 0.0189572 0.0094205 0.0000000 0.0189572 0.0170336 0.0000010 0.0643223 0.0629015 
92319_Little_Lost            0.0365152 0.0189572 0.0094205 0.0189572 0.0243364 0.0056455 0.5121085 0.0000010 0.0094205 0.0189572 0.0000000 0.0094138 0.0189572 0.0773891 0.0714248 
GCA016432855_Lake_Trout      0.0345350 0.0170336 0.0075241 0.0170336 0.0220818 0.0151370 0.5105929 0.0094138 0.0075241 0.0170336 0.0094138 0.0000000 0.0170336 0.0751575 0.0650477 
GCA036784925_Maine_S_alpinus 0.0209177 0.0037523 0.0094205 0.0037523 0.0065573 0.0247685 0.5010558 0.0189572 0.0094205 0.0000010 0.0189572 0.0170336 0.0000000 0.0643223 0.0629015 
GCF013265735_Rainbow_Trout   0.0886748 0.0686186 0.0752161 0.0686186 0.0813072 0.0841348 0.5380348 0.0773891 0.0752161 0.0643223 0.0773891 0.0751575 0.0643223 0.0000000 0.1308982 
GCF029448725_Brook_Trout     0.0823775 0.0629015 0.0693111 0.0629015 0.0766881 0.0779721 0.8235431 0.0714248 0.0693111 0.0629015 0.0714248 0.0650477 0.0629015 0.1308982 0.0000000 
