17
251140_Ward_Creek              0.0000000 0.0000010 0.0480430 0.0250986 0.0229850 0.0010166 0.0453722 8.5203512 0.0093559 0.0241187 0.0046274 0.0093559 0.0092779 0.0057874 0.0057874 0.0318070 0.0260625 
260512_Pybus_Point             0.0000010 0.0000000 0.0480430 0.0250986 0.0229850 0.0010166 0.0453722 8.5203512 0.0093559 0.0241187 0.0046274 0.0093559 0.0092779 0.0057874 0.0057874 0.0318070 0.0260625 
261935_Kenai_River             0.0480430 0.0480430 0.0000000 0.0740143 0.0750093 0.0491860 0.0827339 9.0000000 0.0549478 0.0730923 0.0558008 0.0549478 0.0609265 0.0570741 0.0570741 0.0816377 0.0792171 
353213_Cropley_Lake            0.0250986 0.0250986 0.0740143 0.0000000 0.0020537 0.0261571 0.0234371 9.0000000 0.0357813 0.0010290 0.0306680 0.0357813 0.0354769 0.0318650 0.0318650 0.0593188 0.0531793 
353219_Peterson_Creek          0.0229850 0.0229850 0.0750093 0.0020537 0.0000000 0.0240414 0.0209233 9.0000000 0.0368996 0.0010291 0.0317840 0.0368996 0.0365863 0.0329792 0.0329792 0.0604062 0.0542773 
353246_Cottonwood_Creek        0.0010166 0.0010166 0.0491860 0.0261571 0.0240414 0.0000000 0.0465923 8.5203512 0.0105310 0.0251795 0.0057874 0.0105310 0.0104432 0.0069485 0.0069485 0.0330031 0.0272621 
353379_Skagit_River            0.0453722 0.0453722 0.0827339 0.0234371 0.0209233 0.0465923 0.0000000 9.0000000 0.0344534 0.0223336 0.0488829 0.0344534 0.0537923 0.0501032 0.0501032 0.0731582 0.0695715 
353381_Dungeness_River         8.5203512 8.5203512 9.0000000 9.0000000 9.0000000 8.5203512 9.0000000 0.0000000 8.3816453 9.0000000 8.3415539 8.3816453 8.6861859 8.3157493 8.3621412 7.5652031 9.0000000 
353401_Peace_River             0.0093559 0.0093559 0.0549478 0.0357813 0.0368996 0.0105310 0.0344534 8.3816453 0.0000000 0.0346966 0.0096108 0.0000010 0.0128328 0.0106839 0.0106839 0.0367674 0.0285980 
353407_Noatok                  0.0241187 0.0241187 0.0730923 0.0010290 0.0010291 0.0251795 0.0223336 9.0000000 0.0346966 0.0000000 0.0295795 0.0346966 0.0344005 0.0307796 0.0307796 0.0582921 0.0521349 
353410_Horizon_Lake            0.0046274 0.0046274 0.0558008 0.0306680 0.0317840 0.0057874 0.0488829 8.3415539 0.0096108 0.0295795 0.0000000 0.0096108 0.0095376 0.0010536 0.0010536 0.0319056 0.0259572 
92319_Little_Lost              0.0093559 0.0093559 0.0549478 0.0357813 0.0368996 0.0105310 0.0344534 8.3816453 0.0000010 0.0346966 0.0096108 0.0000000 0.0128328 0.0106839 0.0106839 0.0367674 0.0285980 
GCA016432855_Lake_Trout        0.0092779 0.0092779 0.0609265 0.0354769 0.0365863 0.0104432 0.0537923 8.6861859 0.0128328 0.0344005 0.0095376 0.0128328 0.0000000 0.0106025 0.0106025 0.0319098 0.0283550 
GCA036784925_Maine_S_alpinus   0.0057874 0.0057874 0.0570741 0.0318650 0.0329792 0.0069485 0.0501032 8.3157493 0.0106839 0.0307796 0.0010536 0.0106839 0.0106025 0.0000000 0.0021081 0.0331055 0.0271519 
GCA045679555_Iceland_A_alpinus 0.0057874 0.0057874 0.0570741 0.0318650 0.0329792 0.0069485 0.0501032 8.3621412 0.0106839 0.0307796 0.0010536 0.0106839 0.0106025 0.0021081 0.0000000 0.0331055 0.0271519 
GCF013265735_Rainbow_Trout     0.0318070 0.0318070 0.0816377 0.0593188 0.0604062 0.0330031 0.0731582 7.5652031 0.0367674 0.0582921 0.0319056 0.0367674 0.0319098 0.0331055 0.0331055 0.0000000 0.0494800 
GCF029448725_Brook_Trout       0.0260625 0.0260625 0.0792171 0.0531793 0.0542773 0.0272621 0.0695715 9.0000000 0.0285980 0.0521349 0.0259572 0.0285980 0.0283550 0.0271519 0.0271519 0.0494800 0.0000000 
