16
251140_Ward_Creek              0.0000000 0.0000010 0.0098840 0.1947720 0.2060711 0.2253261 0.0158742 0.0098840 0.0138503 0.0078910 0.0158742 0.1989576 0.0138424 0.0138424 1.3690011 0.0467998 
260512_Pybus_Point             0.0000010 0.0000000 0.0098840 0.1947720 0.2060711 0.2253261 0.0158742 0.0098840 0.0138503 0.0078910 0.0158742 0.1989576 0.0138424 0.0138424 1.3690011 0.0467998 
261935_Kenai_River             0.0098840 0.0098840 0.0000000 0.2036779 0.1962987 0.2360869 0.0134758 0.0000010 0.0076560 0.0057428 0.0134758 0.2002238 0.0076518 0.0076518 1.2808485 0.0433973 
353246_Cottonwood_Creek        0.1947720 0.1947720 0.2036779 0.0000000 0.0121490 0.0022914 0.2148123 0.2036779 0.2088163 0.2034800 0.2148123 0.2352160 0.2086748 0.2086748 1.3485705 0.2570611 
353379_Skagit_River            0.2060711 0.2060711 0.1962987 0.0121490 0.0000000 0.0115412 0.2017381 0.1962987 0.2012394 0.1909458 0.2017381 0.2349150 0.2011077 0.2011077 1.2544497 0.2473772 
353381_Dungeness_River         0.2253261 0.2253261 0.2360869 0.0022914 0.0115412 0.0000000 0.2494458 0.2360869 0.2421808 0.2358174 0.2494458 0.2752147 0.2419896 0.2419896 1.9443063 0.2899630 
353401_Peace_River             0.0158742 0.0158742 0.0134758 0.2148123 0.2017381 0.2494458 0.0000000 0.0134758 0.0173416 0.0076696 0.0000010 0.2087132 0.0173319 0.0173319 1.2852335 0.0495039 
353407_Noatok                  0.0098840 0.0098840 0.0000010 0.2036779 0.1962987 0.2360869 0.0134758 0.0000000 0.0076560 0.0057428 0.0134758 0.2002238 0.0076518 0.0076518 1.2808485 0.0433973 
353410_Horizon_Lake            0.0138503 0.0138503 0.0076560 0.2088163 0.2012394 0.2421808 0.0173416 0.0076560 0.0000000 0.0095799 0.0173416 0.2054601 0.0038102 0.0038102 1.2946430 0.0473875 
92319_Little_Lost              0.0078910 0.0078910 0.0057428 0.2034800 0.1909458 0.2358174 0.0076696 0.0057428 0.0095799 0.0000000 0.0076696 0.1972233 0.0095745 0.0095745 1.2672949 0.0413396 
94280_St_Joe                   0.0158742 0.0158742 0.0134758 0.2148123 0.2017381 0.2494458 0.0000010 0.0134758 0.0173416 0.0076696 0.0000000 0.2087132 0.0173319 0.0173319 1.2852335 0.0495039 
GCA016432855_Lake_Trout        0.1989576 0.1989576 0.2002238 0.2352160 0.2349150 0.2752147 0.2087132 0.2002238 0.2054601 0.1972233 0.2087132 0.0000000 0.2053179 0.2053179 0.6147194 0.2304509 
GCA036784925_Maine_S_alpinus   0.0138424 0.0138424 0.0076518 0.2086748 0.2011077 0.2419896 0.0173319 0.0076518 0.0038102 0.0095745 0.0173319 0.2053179 0.0000000 0.0000010 1.2940378 0.0473606 
GCA045679555_Iceland_A_alpinus 0.0138424 0.0138424 0.0076518 0.2086748 0.2011077 0.2419896 0.0173319 0.0076518 0.0038102 0.0095745 0.0173319 0.2053179 0.0000010 0.0000000 1.2940378 0.0473606 
GCF013265735_Rainbow_Trout     1.3690011 1.3690011 1.2808485 1.3485705 1.2544497 1.9443063 1.2852335 1.2808485 1.2946430 1.2672949 1.2852335 0.6147194 1.2940378 1.2940378 0.0000000 1.4069651 
GCF029448725_Brook_Trout       0.0467998 0.0467998 0.0433973 0.2570611 0.2473772 0.2899630 0.0495039 0.0433973 0.0473875 0.0413396 0.0495039 0.2304509 0.0473606 0.0473606 1.4069651 0.0000000 
