16
251140_Ward_Creek              0.0000000 0.0056165 0.0332644 0.0000010 0.6717773 0.0073876 0.0498989 0.0332644 0.0108614 0.0899859 0.0498989 0.3860143 0.0163576 0.0163967 0.4645718 0.2918177 
260512_Pybus_Point             0.0056165 0.0000000 0.0404079 0.0056165 0.7358291 0.0000010 0.0518654 0.0404079 0.0169501 0.0616013 0.0518654 0.4062126 0.0226946 0.0227513 0.4743576 0.3052284 
261935_Kenai_River             0.0332644 0.0404079 0.0000000 0.0332644 0.7170455 0.0377179 0.0616746 0.0000010 0.0331830 0.1053073 0.0616746 0.4068802 0.0388734 0.0389696 0.4882654 0.2917318 
353213_Cropley_Lake            0.0000010 0.0056165 0.0332644 0.0000000 0.6717773 0.0073876 0.0498989 0.0332644 0.0108614 0.0899859 0.0498989 0.3860143 0.0163576 0.0163967 0.4645718 0.2918177 
353379_Skagit_River            0.6717773 0.7358291 0.7170455 0.6717773 0.0000000 1.6581166 0.5584675 0.7170455 0.6655973 1.1040725 0.5584675 0.4935455 0.6464793 0.6523478 1.7146679 0.9196954 
353381_Dungeness_River         0.0073876 0.0000010 0.0377179 0.0073876 1.6581166 0.0000000 0.0529820 0.0377179 0.0148091 0.0668699 0.0529820 0.5795136 0.0223368 0.0224100 0.6763855 0.3906244 
353401_Peace_River             0.0498989 0.0518654 0.0616746 0.0498989 0.5584675 0.0529820 0.0000000 0.0616746 0.0497750 0.0267664 0.0000010 0.3950161 0.0440600 0.0441687 0.4976258 0.2914688 
353407_Noatok                  0.0332644 0.0404079 0.0000010 0.0332644 0.7170455 0.0377179 0.0616746 0.0000000 0.0331830 0.1053073 0.0616746 0.4068802 0.0388734 0.0389696 0.4882654 0.2917318 
353410_Horizon_Lake            0.0108614 0.0169501 0.0331830 0.0108614 0.6655973 0.0148091 0.0497750 0.0331830 0.0000000 0.0896971 0.0497750 0.3843490 0.0163187 0.0163576 0.4622975 0.2907843 
92319_Little_Lost              0.0899859 0.0616013 0.1053073 0.0899859 1.1040725 0.0668699 0.0267664 0.1053073 0.0896971 0.0000000 0.0267664 0.5656805 0.0823630 0.0826258 0.5880518 0.4033250 
94280_St_Joe                   0.0498989 0.0518654 0.0616746 0.0498989 0.5584675 0.0529820 0.0000010 0.0616746 0.0497750 0.0267664 0.0000000 0.3950161 0.0440600 0.0441687 0.4976258 0.2914688 
GCA016432855_Lake_Trout        0.3860143 0.4062126 0.4068802 0.3860143 0.4935455 0.5795136 0.3950161 0.4068802 0.3843490 0.5656805 0.3950161 0.0000000 0.3938184 0.3955474 0.8243413 0.4058163 
GCA036784925_Maine_S_alpinus   0.0163576 0.0226946 0.0388734 0.0163576 0.6464793 0.0223368 0.0440600 0.0388734 0.0163187 0.0823630 0.0440600 0.3938184 0.0000000 0.0108601 0.4729016 0.2986750 
GCA045679555_Iceland_A_alpinus 0.0163967 0.0227513 0.0389696 0.0163967 0.6523478 0.0224100 0.0441687 0.0389696 0.0163576 0.0826258 0.0441687 0.3955474 0.0108601 0.0000000 0.4752597 0.2997483 
GCF013265735_Rainbow_Trout     0.4645718 0.4743576 0.4882654 0.4645718 1.7146679 0.6763855 0.4976258 0.4882654 0.4622975 0.5880518 0.4976258 0.8243413 0.4729016 0.4752597 0.0000000 0.6441304 
GCF029448725_Brook_Trout       0.2918177 0.3052284 0.2917318 0.2918177 0.9196954 0.3906244 0.2914688 0.2917318 0.2907843 0.4033250 0.2914688 0.4058163 0.2986750 0.2997483 0.6441304 0.0000000 
