17
251140_Ward_Creek              0.0000000 0.0094938 0.0094938 0.0191093 0.0000010 0.0094938 0.0191093 0.3282167 0.0094938 0.3282167 0.0191093 0.0288497 0.4185335 0.0387183 0.0387183 0.4348639 0.1685375 
260512_Pybus_Point             0.0094938 0.0000000 0.0191093 0.0094938 0.0094938 0.0000010 0.0094938 0.3088608 0.0191093 0.3088608 0.0094938 0.0191093 0.4022285 0.0288497 0.0288497 0.4172160 0.1568186 
261935_Kenai_River             0.0094938 0.0191093 0.0000000 0.0288497 0.0094938 0.0191093 0.0288497 0.3480854 0.0191093 0.3480854 0.0288497 0.0387183 0.4352008 0.0487184 0.0487184 0.4529370 0.1804423 
353213_Cropley_Lake            0.0191093 0.0094938 0.0288497 0.0000000 0.0191093 0.0094938 0.0191093 0.3282167 0.0288497 0.3282167 0.0191093 0.0288497 0.4185335 0.0387183 0.0387183 0.4348639 0.1685375 
353219_Peterson_Creek          0.0000010 0.0094938 0.0094938 0.0191093 0.0000000 0.0094938 0.0191093 0.3282167 0.0094938 0.3282167 0.0191093 0.0288497 0.4185335 0.0387183 0.0387183 0.4348639 0.1685375 
353220_Fish_Creek              0.0094938 0.0000010 0.0191093 0.0094938 0.0094938 0.0000000 0.0094938 0.3088608 0.0191093 0.3088608 0.0094938 0.0191093 0.4022285 0.0288497 0.0288497 0.4172160 0.1568186 
353246_Cottonwood_Creek        0.0191093 0.0094938 0.0288497 0.0191093 0.0191093 0.0094938 0.0000000 0.3282167 0.0094938 0.3282167 0.0191093 0.0288497 0.4185335 0.0387183 0.0387183 0.4172160 0.1685375 
353379_Skagit_River            0.3282167 0.3088608 0.3480854 0.3282167 0.3282167 0.3088608 0.3282167 0.0000000 0.3480854 0.0000010 0.2771498 0.2715860 0.4135288 0.2899918 0.2899918 1.1372606 0.4974707 
353381_Dungeness_River         0.0094938 0.0191093 0.0191093 0.0288497 0.0094938 0.0191093 0.0094938 0.3480854 0.0000000 0.3480854 0.0288497 0.0387183 0.4352008 0.0487184 0.0487184 0.4348639 0.1804423 
353401_Peace_River             0.3282167 0.3088608 0.3480854 0.3282167 0.3282167 0.3088608 0.3282167 0.0000010 0.3480854 0.0000000 0.2771498 0.2715860 0.4135288 0.2899918 0.2899918 1.1372606 0.4974707 
353407_Noatok                  0.0191093 0.0094938 0.0288497 0.0191093 0.0191093 0.0094938 0.0191093 0.2771498 0.0288497 0.2771498 0.0000000 0.0094938 0.3724915 0.0191093 0.0191093 0.3847391 0.1408802 
353410_Horizon_Lake            0.0288497 0.0191093 0.0387183 0.0288497 0.0288497 0.0191093 0.0288497 0.2715860 0.0387183 0.2715860 0.0094938 0.0000000 0.3706443 0.0094938 0.0094938 0.3831192 0.1339162 
GCA016432855_Lake_Trout        0.4185335 0.4022285 0.4352008 0.4185335 0.4185335 0.4022285 0.4185335 0.4135288 0.4352008 0.4135288 0.3724915 0.3706443 0.0000000 0.3862705 0.3862705 0.9335287 0.2157615 
GCA036784925_Maine_S_alpinus   0.0387183 0.0288497 0.0487184 0.0387183 0.0387183 0.0288497 0.0387183 0.2899918 0.0487184 0.2899918 0.0191093 0.0094938 0.3862705 0.0000000 0.0000010 0.3999739 0.1452800 
GCA045679555_Iceland_A_alpinus 0.0387183 0.0288497 0.0487184 0.0387183 0.0387183 0.0288497 0.0387183 0.2899918 0.0487184 0.2899918 0.0191093 0.0094938 0.3862705 0.0000010 0.0000000 0.3999739 0.1452800 
GCF013265735_Rainbow_Trout     0.4348639 0.4172160 0.4529370 0.4348639 0.4348639 0.4172160 0.4172160 1.1372606 0.4348639 1.1372606 0.3847391 0.3831192 0.9335287 0.3999739 0.3999739 0.0000000 0.4889527 
GCF029448725_Brook_Trout       0.1685375 0.1568186 0.1804423 0.1685375 0.1685375 0.1568186 0.1685375 0.4974707 0.1804423 0.4974707 0.1408802 0.1339162 0.2157615 0.1452800 0.1452800 0.4889527 0.0000000 
