7
251140_Ward_Creek          0.0000000 0.0000010 0.0845966 0.0845966 0.2326162 9.0000000 0.1799630 
260512_Pybus_Point         0.0000010 0.0000000 0.0845966 0.0845966 0.2326162 9.0000000 0.1799630 
353379_Skagit_River        0.0845966 0.0845966 0.0000000 0.0000010 0.1307650 9.0000000 0.0845966 
353401_Peace_River         0.0845966 0.0845966 0.0000010 0.0000000 0.1307650 9.0000000 0.0845966 
GCA016432855_Lake_Trout    0.2326162 0.2326162 0.1307650 0.1307650 0.0000000 9.0000000 0.2326162 
GCF013265735_Rainbow_Trout 9.0000000 9.0000000 9.0000000 9.0000000 9.0000000 0.0000000 9.0000000 
GCF029448725_Brook_Trout   0.1799630 0.1799630 0.0845966 0.0845966 0.2326162 9.0000000 0.0000000 
