10
251140_Ward_Creek          0.0000000 0.0000010 0.0082371 0.0041086 0.1953128 0.0041086 0.0082371 0.0255061 0.0467951 0.0166094 
260512_Pybus_Point         0.0000010 0.0000000 0.0082371 0.0041086 0.1953128 0.0041086 0.0082371 0.0255061 0.0467951 0.0166094 
261935_Kenai_River         0.0082371 0.0082371 0.0000000 0.0041086 0.1953128 0.0041086 0.0000010 0.0255061 0.0467951 0.0166094 
353379_Skagit_River        0.0041086 0.0041086 0.0041086 0.0000000 0.1953128 0.0000010 0.0041086 0.0190551 0.0424300 0.0124254 
353381_Dungeness_River     0.1953128 0.1953128 0.1953128 0.1953128 0.0000000 0.1953128 0.1953128 1.3163278 0.2976138 0.2204638 
353401_Peace_River         0.0041086 0.0041086 0.0041086 0.0000010 0.1953128 0.0000000 0.0041086 0.0190551 0.0424300 0.0124254 
353407_Noatok              0.0082371 0.0082371 0.0000010 0.0041086 0.1953128 0.0041086 0.0000000 0.0255061 0.0467951 0.0166094 
92319_Little_Lost          0.0255061 0.0255061 0.0255061 0.0190551 1.3163278 0.0190551 0.0255061 0.0000000 0.0728264 0.0387435 
GCF013265735_Rainbow_Trout 0.0467951 0.0467951 0.0467951 0.0424300 0.2976138 0.0424300 0.0467951 0.0728264 0.0000000 0.0513446 
GCF029448725_Brook_Trout   0.0166094 0.0166094 0.0166094 0.0124254 0.2204638 0.0124254 0.0166094 0.0387435 0.0513446 0.0000000 
