19
251140_Ward_Creek              0.0000000 0.0070587 0.0080711 0.0080748 0.0070587 0.0090887 0.0261424 0.0251857 0.0248040 0.0100989 0.0100989 0.0334515 0.0261424 0.0261424 0.0080711 0.0103602 0.1742405 0.0277777 0.0248040 
260512_Pybus_Point             0.0070587 0.0000000 0.0009910 0.0009915 0.0000010 0.0019850 0.0355412 0.0088088 0.0341814 0.0029776 0.0029776 0.0462129 0.0355412 0.0367367 0.0009910 0.0012659 0.1861216 0.0385292 0.0341814 
261935_Kenai_River             0.0080711 0.0009910 0.0000000 0.0019850 0.0009910 0.0009915 0.0342022 0.0088088 0.0328451 0.0019841 0.0019841 0.0443957 0.0342022 0.0354014 0.0000010 0.0000010 0.1841389 0.0371758 0.0328451 
353213_Cropley_Lake            0.0080748 0.0009915 0.0019850 0.0000000 0.0009915 0.0029804 0.0355412 0.0088088 0.0341814 0.0039739 0.0039739 0.0462129 0.0355412 0.0367367 0.0019850 0.0012659 0.1861216 0.0385292 0.0341814 
353219_Peterson_Creek          0.0070587 0.0000010 0.0009910 0.0009915 0.0000000 0.0019850 0.0355412 0.0088088 0.0341814 0.0029776 0.0029776 0.0462129 0.0355412 0.0367367 0.0009910 0.0012659 0.1861216 0.0385292 0.0341814 
353246_Cottonwood_Creek        0.0090887 0.0019850 0.0009915 0.0029804 0.0019850 0.0000000 0.0355628 0.0110342 0.0342022 0.0029790 0.0029790 0.0443957 0.0355628 0.0367590 0.0009915 0.0012666 0.1862813 0.0385529 0.0342022 
353379_Skagit_River            0.0261424 0.0355412 0.0342022 0.0355412 0.0355412 0.0355628 0.0000000 0.0417701 0.0012813 0.0355412 0.0355412 0.0017180 0.0000010 0.0155382 0.0342022 0.0343378 0.1438568 0.0143935 0.0012813 
353381_Dungeness_River         0.0251857 0.0088088 0.0088088 0.0088088 0.0088088 0.0110342 0.0417701 0.0000000 0.0417701 0.0088088 0.0110230 0.0756738 0.0417701 0.0486162 0.0088088 0.0088088 0.3645686 0.0496509 0.0417701 
353401_Peace_River             0.0248040 0.0341814 0.0328451 0.0341814 0.0341814 0.0342022 0.0012813 0.0417701 0.0000000 0.0341814 0.0341814 0.0000010 0.0012813 0.0142258 0.0328451 0.0329751 0.1418308 0.0130686 0.0000010 
353407_Noatok                  0.0100989 0.0029776 0.0019841 0.0039739 0.0029776 0.0029790 0.0355412 0.0088088 0.0341814 0.0000000 0.0019841 0.0462129 0.0355412 0.0367367 0.0019841 0.0012659 0.1861216 0.0385292 0.0341814 
353410_Horizon_Lake            0.0100989 0.0029776 0.0019841 0.0039739 0.0029776 0.0029790 0.0355412 0.0110230 0.0341814 0.0019841 0.0000000 0.0462129 0.0355412 0.0367367 0.0019841 0.0012659 0.1821599 0.0385292 0.0341814 
92319_Little_Lost              0.0334515 0.0462129 0.0443957 0.0462129 0.0462129 0.0443957 0.0017180 0.0756738 0.0000010 0.0462129 0.0462129 0.0000000 0.0017180 0.0156065 0.0443957 0.0443957 0.2128020 0.0158531 0.0000010 
94280_St_Joe                   0.0261424 0.0355412 0.0342022 0.0355412 0.0355412 0.0355628 0.0000010 0.0417701 0.0012813 0.0355412 0.0355412 0.0017180 0.0000000 0.0155382 0.0342022 0.0343378 0.1438568 0.0143935 0.0012813 
GCA016432855_Lake_Trout        0.0261424 0.0367367 0.0354014 0.0367367 0.0367367 0.0367590 0.0155382 0.0486162 0.0142258 0.0367367 0.0367367 0.0156065 0.0155382 0.0000000 0.0354014 0.0355412 0.1575743 0.0130176 0.0142258 
GCA036784925_Maine_S_alpinus   0.0080711 0.0009910 0.0000010 0.0019850 0.0009910 0.0009915 0.0342022 0.0088088 0.0328451 0.0019841 0.0019841 0.0443957 0.0342022 0.0354014 0.0000000 0.0000010 0.1841389 0.0371758 0.0328451 
GCA045679555_Iceland_A_alpinus 0.0103602 0.0012659 0.0000010 0.0012659 0.0012659 0.0012666 0.0343378 0.0088088 0.0329751 0.0012659 0.0012659 0.0443957 0.0343378 0.0355412 0.0000010 0.0000000 0.1851449 0.0373245 0.0329751 
GCF013265735_Rainbow_Trout     0.1742405 0.1861216 0.1841389 0.1861216 0.1861216 0.1862813 0.1438568 0.3645686 0.1418308 0.1861216 0.1821599 0.2128020 0.1438568 0.1575743 0.1841389 0.1851449 0.0000000 0.1523382 0.1418308 
GCF029448725_Brook_Trout       0.0277777 0.0385292 0.0371758 0.0385292 0.0385292 0.0385529 0.0143935 0.0496509 0.0130686 0.0385292 0.0385292 0.0158531 0.0143935 0.0130176 0.0371758 0.0373245 0.1523382 0.0000000 0.0130686 
Methow_River_99895             0.0248040 0.0341814 0.0328451 0.0341814 0.0341814 0.0342022 0.0012813 0.0417701 0.0000010 0.0341814 0.0341814 0.0000010 0.0012813 0.0142258 0.0328451 0.0329751 0.1418308 0.0130686 0.0000000 
