20
251140_Ward_Creek              0.0000000 0.0187546 0.0271428 0.0281910 0.0161965 0.0676993 0.0921640 0.0449079 0.1917398 0.0425179 0.1185463 0.0251830 0.0600219 0.0396146 0.0674513 0.0266558 0.0281415 0.3444696 0.0538709 0.0457149 
260512_Pybus_Point             0.0187546 0.0000000 0.0110103 0.0108420 0.0013463 0.0920509 0.0928302 0.1276271 0.1334363 0.1123956 0.1811451 0.0097306 0.1427857 0.1241019 0.2945012 0.1866283 0.1866882 0.6070998 0.2431618 0.1098465 
261935_Kenai_River             0.0271428 0.0110103 0.0000000 0.0210100 0.0091240 0.1123456 0.0883491 0.1278149 0.1236199 0.1165292 0.1709191 0.0107167 0.1415651 0.1238239 0.2958002 0.1839507 0.1890014 0.4778748 0.2423567 0.0955684 
353213_Cropley_Lake            0.0281910 0.0108420 0.0210100 0.0000000 0.0115753 0.1120346 0.0901538 0.1132412 0.1480819 0.1081167 0.1763887 0.0185460 0.1280720 0.1121391 0.2897594 0.1805895 0.1822748 0.5633667 0.2397496 0.1016763 
353219_Peterson_Creek          0.0161965 0.0013463 0.0091240 0.0115753 0.0000000 0.0992920 0.0846758 0.1229768 0.1309349 0.1120359 0.1844036 0.0092164 0.1362314 0.1194125 0.2932735 0.1788461 0.1805273 0.5727929 0.2423601 0.1065379 
353220_Fish_Creek              0.0676993 0.0920509 0.1123456 0.1120346 0.0992920 0.0000000 0.0422636 0.1789152 0.2444942 0.1673651 0.1073355 0.0720805 0.2174643 0.1908684 0.2757279 0.1773348 0.1807936 0.5971332 0.2253520 0.1674497 
353246_Cottonwood_Creek        0.0921640 0.0928302 0.0883491 0.0901538 0.0846758 0.0422636 0.0000000 0.2410341 0.3418788 0.2232159 0.1432382 0.0975076 0.2482703 0.2198893 0.3195415 0.2090642 0.2132376 0.5572767 0.2582333 0.1749499 
353379_Skagit_River            0.0449079 0.1276271 0.1278149 0.1132412 0.1229768 0.1789152 0.2410341 0.0000000 0.4672369 0.0086634 0.1219148 0.1173857 0.0199898 0.0098099 0.0624961 0.0348778 0.0399318 0.3821088 0.0509148 0.0150603 
353381_Dungeness_River         0.1917398 0.1334363 0.1236199 0.1480819 0.1309349 0.2444942 0.3418788 0.4672369 0.0000000 0.3853646 0.5021426 0.1413712 0.5294367 0.4094964 0.7881059 0.4863314 0.4837569 0.7873088 0.6104251 0.2867988 
353401_Peace_River             0.0425179 0.1123956 0.1165292 0.1081167 0.1120359 0.1673651 0.2232159 0.0086634 0.3853646 0.0000000 0.1129534 0.1084243 0.0107051 0.0064608 0.0523897 0.0294852 0.0327927 0.3814159 0.0509232 0.0065812 
353407_Noatok                  0.1185463 0.1811451 0.1709191 0.1763887 0.1844036 0.1073355 0.1432382 0.1219148 0.5021426 0.1129534 0.0000000 0.1827424 0.1612470 0.1399074 0.1366946 0.1083515 0.1133976 0.3722426 0.1320699 0.1079977 
353410_Horizon_Lake            0.0251830 0.0097306 0.0107167 0.0185460 0.0092164 0.0720805 0.0975076 0.1173857 0.1413712 0.1084243 0.1827424 0.0000000 0.1302732 0.1142155 0.2933921 0.1709349 0.1758423 0.5711351 0.2446513 0.1019804 
92319_Little_Lost              0.0600219 0.1427857 0.1415651 0.1280720 0.1362314 0.2174643 0.2482703 0.0199898 0.5294367 0.0107051 0.1612470 0.1302732 0.0000000 0.0134081 0.0741426 0.0408847 0.0460795 0.4077165 0.0653899 0.0171129 
94280_St_Joe                   0.0396146 0.1241019 0.1238239 0.1121391 0.1194125 0.1908684 0.2198893 0.0098099 0.4094964 0.0064608 0.1399074 0.1142155 0.0134081 0.0000000 0.0619584 0.0340743 0.0387856 0.3565334 0.0470920 0.0124420 
GCA016432855_Lake_Trout        0.0674513 0.2945012 0.2958002 0.2897594 0.2932735 0.2757279 0.3195415 0.0624961 0.7881059 0.0523897 0.1366946 0.2933921 0.0741426 0.0619584 0.0000000 0.0621160 0.0601443 0.2861828 0.0697870 0.0451276 
GCA036784925_Maine_S_alpinus   0.0266558 0.1866283 0.1839507 0.1805895 0.1788461 0.1773348 0.2090642 0.0348778 0.4863314 0.0294852 0.1083515 0.1709349 0.0408847 0.0340743 0.0621160 0.0000000 0.0103640 0.3146789 0.0608156 0.0358684 
GCA045679555_Iceland_A_alpinus 0.0281415 0.1866882 0.1890014 0.1822748 0.1805273 0.1807936 0.2132376 0.0399318 0.4837569 0.0327927 0.1133976 0.1758423 0.0460795 0.0387856 0.0601443 0.0103640 0.0000000 0.3215752 0.0591768 0.0400664 
GCF013265735_Rainbow_Trout     0.3444696 0.6070998 0.4778748 0.5633667 0.5727929 0.5971332 0.5572767 0.3821088 0.7873088 0.3814159 0.3722426 0.5711351 0.4077165 0.3565334 0.2861828 0.3146789 0.3215752 0.0000000 0.2557212 0.2458284 
GCF029448725_Brook_Trout       0.0538709 0.2431618 0.2423567 0.2397496 0.2423601 0.2253520 0.2582333 0.0509148 0.6104251 0.0509232 0.1320699 0.2446513 0.0653899 0.0470920 0.0697870 0.0608156 0.0591768 0.2557212 0.0000000 0.0483422 
Methow_River_99895             0.0457149 0.1098465 0.0955684 0.1016763 0.1065379 0.1674497 0.1749499 0.0150603 0.2867988 0.0065812 0.1079977 0.1019804 0.0171129 0.0124420 0.0451276 0.0358684 0.0400664 0.2458284 0.0483422 0.0000000 
