17
251140_Ward_Creek              0.0000000 0.0058228 0.0097261 0.0038779 0.0000010 0.0019348 0.0116819 0.0215869 0.0113112 0.0215869 0.0097261 0.0136272 0.0406833 0.0175763 0.0195448 0.0563925 0.0136510 
260512_Pybus_Point             0.0058228 0.0000000 0.0116906 0.0019336 0.0058228 0.0038758 0.0136513 0.0215729 0.0112940 0.0215729 0.0116906 0.0155996 0.0368840 0.0195614 0.0175785 0.0585062 0.0156269 
261935_Kenai_River             0.0097261 0.0116906 0.0000000 0.0097334 0.0097261 0.0077698 0.0019363 0.0143356 0.0286024 0.0143356 0.0000010 0.0077629 0.0294128 0.0116812 0.0136390 0.0501887 0.0077764 
353213_Cropley_Lake            0.0038779 0.0019336 0.0097334 0.0000000 0.0038779 0.0019363 0.0116906 0.0191546 0.0056323 0.0191546 0.0097334 0.0136374 0.0368840 0.0175895 0.0195595 0.0564363 0.0136613 
353219_Peterson_Creek          0.0000010 0.0058228 0.0097261 0.0038779 0.0000000 0.0019348 0.0116819 0.0215869 0.0113112 0.0215869 0.0097261 0.0136272 0.0406833 0.0175763 0.0195448 0.0563925 0.0136510 
353220_Fish_Creek              0.0019348 0.0038758 0.0077698 0.0019363 0.0019348 0.0000000 0.0097210 0.0191546 0.0056323 0.0191546 0.0077698 0.0116638 0.0368840 0.0156011 0.0175653 0.0542977 0.0116842 
353246_Cottonwood_Creek        0.0116819 0.0136513 0.0019363 0.0116906 0.0116819 0.0097210 0.0000000 0.0167442 0.0286024 0.0167442 0.0019363 0.0097123 0.0331461 0.0136403 0.0156015 0.0522440 0.0097292 
353379_Skagit_River            0.0215869 0.0215729 0.0143356 0.0191546 0.0215869 0.0191546 0.0167442 0.0000000 0.0405885 0.0000010 0.0143356 0.0191333 0.0071904 0.0215887 0.0264377 0.0641815 0.0191745 
353381_Dungeness_River         0.0113112 0.0112940 0.0286024 0.0056323 0.0113112 0.0056323 0.0286024 0.0405885 0.0000000 0.0405885 0.0286024 0.0401340 0.3524868 0.0401490 0.0580142 0.1212190 0.0343480 
353401_Peace_River             0.0215869 0.0215729 0.0143356 0.0191546 0.0215869 0.0191546 0.0167442 0.0000010 0.0405885 0.0000000 0.0143356 0.0191333 0.0071904 0.0215887 0.0264377 0.0641815 0.0191745 
353407_Noatok                  0.0097261 0.0116906 0.0000010 0.0097334 0.0097261 0.0077698 0.0019363 0.0143356 0.0286024 0.0143356 0.0000000 0.0077629 0.0294128 0.0116812 0.0136390 0.0501887 0.0077764 
353410_Horizon_Lake            0.0136272 0.0155996 0.0077629 0.0136374 0.0136272 0.0116638 0.0097123 0.0191333 0.0401340 0.0191333 0.0077629 0.0000000 0.0368202 0.0155870 0.0097047 0.0501071 0.0116737 
92319_Little_Lost              0.0406833 0.0368840 0.0294128 0.0368840 0.0406833 0.0368840 0.0331461 0.0071904 0.3524868 0.0071904 0.0294128 0.0368202 0.0000000 0.0406878 0.0444442 0.1001141 0.0369432 
GCA016432855_Lake_Trout        0.0175763 0.0195614 0.0116812 0.0175895 0.0175763 0.0156011 0.0136403 0.0215887 0.0401490 0.0215887 0.0116812 0.0155870 0.0406878 0.0000000 0.0195461 0.0584561 0.0116588 
GCA045679555_Iceland_A_alpinus 0.0195448 0.0175785 0.0136390 0.0195595 0.0195448 0.0175653 0.0156015 0.0264377 0.0580142 0.0264377 0.0136390 0.0097047 0.0444442 0.0195461 0.0000000 0.0563511 0.0175802 
GCF013265735_Rainbow_Trout     0.0563925 0.0585062 0.0501887 0.0564363 0.0563925 0.0542977 0.0522440 0.0641815 0.1212190 0.0641815 0.0501887 0.0501071 0.1001141 0.0584561 0.0563511 0.0000000 0.0543453 
GCF029448725_Brook_Trout       0.0136510 0.0156269 0.0077764 0.0136613 0.0136510 0.0116842 0.0097292 0.0191745 0.0343480 0.0191745 0.0077764 0.0116737 0.0369432 0.0116588 0.0175802 0.0543453 0.0000000 
