17
251140_Ward_Creek              0.0000000 0.0128079 0.0395655 0.0000010 0.0000010 0.0128079 0.2110155 0.1591542 0.2110155 0.2788744 0.1115376 0.2868843 0.3194956 0.1135469 0.0824283 2.0946545 0.6846264 
260512_Pybus_Point             0.0128079 0.0000000 0.0535496 0.0128079 0.0130525 0.0259820 0.2303244 0.2275823 0.2303244 0.3000912 0.1275277 0.3119099 0.3423494 0.1299045 0.0976990 2.1571750 0.7214532 
261935_Kenai_River             0.0395655 0.0535496 0.0000000 0.0395655 0.0403445 0.0259824 0.2304370 0.0471218 0.2304370 0.3002294 0.1275916 0.3120755 0.3425036 0.1299708 0.0977486 2.1562921 0.7216222 
353213_Cropley_Lake            0.0000010 0.0128079 0.0395655 0.0000000 0.0000010 0.0128079 0.2110155 0.1591542 0.2110155 0.2788744 0.1115376 0.2868843 0.3194956 0.1135469 0.0824283 2.0946545 0.6846264 
353219_Peterson_Creek          0.0000010 0.0130525 0.0403445 0.0000010 0.0000000 0.0130525 0.2110155 0.1727138 0.2110155 0.2788744 0.1115376 0.2868843 0.3194956 0.1135469 0.0824283 2.0946545 0.6846264 
353246_Cottonwood_Creek        0.0128079 0.0259820 0.0259824 0.0128079 0.0130525 0.0000000 0.2303244 0.0995861 0.2303244 0.3000912 0.1275277 0.3119099 0.3423494 0.1299045 0.0976990 2.1571750 0.7214532 
353379_Skagit_River            0.2110155 0.2303244 0.2304370 0.2110155 0.2110155 0.2303244 0.0000000 1.0125373 0.0000010 0.2061701 0.2420629 0.0297863 0.2088510 0.2474837 0.2086338 1.9734494 0.5319195 
353381_Dungeness_River         0.1591542 0.2275823 0.0471218 0.1591542 0.1727138 0.0995861 1.0125373 0.0000000 1.0125373 1.5483161 0.5334260 1.2218203 1.6159332 0.6160635 0.3787820 3.0173654 2.3014606 
353401_Peace_River             0.2110155 0.2303244 0.2304370 0.2110155 0.2110155 0.2303244 0.0000010 1.0125373 0.0000000 0.2061701 0.2420629 0.0297863 0.2088510 0.2474837 0.2086338 1.9734494 0.5319195 
353407_Noatok                  0.2788744 0.3000912 0.3002294 0.2788744 0.2788744 0.3000912 0.2061701 1.5483161 0.2061701 0.0000000 0.3928636 0.2784700 0.3108882 0.4039144 0.3550309 2.0633885 0.6560288 
353410_Horizon_Lake            0.1115376 0.1275277 0.1275916 0.1115376 0.1115376 0.1275277 0.2420629 0.5334260 0.2420629 0.3928636 0.0000000 0.3235533 0.4393193 0.0537585 0.0260921 2.0010556 0.8297422 
92319_Little_Lost              0.2868843 0.3119099 0.3120755 0.2868843 0.2868843 0.3119099 0.0297863 1.2218203 0.0297863 0.2784700 0.3235533 0.0000000 0.2596536 0.3329675 0.2827085 1.8801533 0.6898324 
GCA016432855_Lake_Trout        0.3194956 0.3423494 0.3425036 0.3194956 0.3194956 0.3423494 0.2088510 1.6159332 0.2088510 0.3108882 0.4393193 0.2596536 0.0000000 0.4527011 0.3998035 2.0857067 0.3907996 
GCA036784925_Maine_S_alpinus   0.1135469 0.1299045 0.1299708 0.1135469 0.1135469 0.1299045 0.2474837 0.6160635 0.2474837 0.4039144 0.0537585 0.3329675 0.4527011 0.0000000 0.0264943 2.1251645 0.8688724 
GCA045679555_Iceland_A_alpinus 0.0824283 0.0976990 0.0977486 0.0824283 0.0824283 0.0976990 0.2086338 0.3787820 0.2086338 0.3550309 0.0260921 0.2827085 0.3998035 0.0264943 0.0000000 2.0136884 0.7867312 
GCF013265735_Rainbow_Trout     2.0946545 2.1571750 2.1562921 2.0946545 2.0946545 2.1571750 1.9734494 3.0173654 1.9734494 2.0633885 2.0010556 1.8801533 2.0857067 2.1251645 2.0136884 0.0000000 2.1576992 
GCF029448725_Brook_Trout       0.6846264 0.7214532 0.7216222 0.6846264 0.6846264 0.7214532 0.5319195 2.3014606 0.5319195 0.6560288 0.8297422 0.6898324 0.3907996 0.8688724 0.7867312 2.1576992 0.0000000 
