9
251140_Ward_Creek          0.0000000 0.0000010 0.0123953 0.0123953 0.0122857 0.0682041 0.0128740 0.1505235 0.0377549 
260512_Pybus_Point         0.0000010 0.0000000 0.0123953 0.0123953 0.0122857 0.0682041 0.0128740 0.1505235 0.0377549 
353379_Skagit_River        0.0123953 0.0123953 0.0000000 0.0000010 0.0249785 0.0000010 0.0000010 0.1673594 0.0247550 
353401_Peace_River         0.0123953 0.0123953 0.0000010 0.0000000 0.0249785 0.0000010 0.0000010 0.1673594 0.0247550 
353410_Horizon_Lake        0.0122857 0.0122857 0.0249785 0.0249785 0.0000000 0.1424788 0.0259511 0.1656047 0.0507284 
92319_Little_Lost          0.0682041 0.0682041 0.0000010 0.0000010 0.1424788 0.0000000 0.0000010 1.6832196 0.0649570 
GCA016432855_Lake_Trout    0.0128740 0.0128740 0.0000010 0.0000010 0.0259511 0.0000010 0.0000000 0.1746860 0.0257100 
GCF013265735_Rainbow_Trout 0.1505235 0.1505235 0.1673594 0.1673594 0.1656047 1.6832196 0.1746860 0.0000000 0.1986892 
GCF029448725_Brook_Trout   0.0377549 0.0377549 0.0247550 0.0247550 0.0507284 0.0649570 0.0257100 0.1986892 0.0000000 
