13
251140_Ward_Creek              0.0000000 0.0000010 0.0276700 0.8839292 0.0270794 0.0224255 0.0134110 0.0270794 0.0270071 0.0210174 0.0224255 0.1275654 0.0416864 
260512_Pybus_Point             0.0000010 0.0000000 0.0276700 0.8839292 0.0270794 0.0224255 0.0134110 0.0270794 0.0270071 0.0210174 0.0224255 0.1275654 0.0416864 
353379_Skagit_River            0.0276700 0.0276700 0.0000000 1.0583962 0.0000010 0.0307433 0.0275959 0.0000010 0.0416885 0.0360863 0.0307433 0.1484929 0.0572486 
353381_Dungeness_River         0.8839292 0.8839292 1.0583962 0.0000000 0.9942447 1.3594394 0.9135439 0.9942447 0.9705172 1.0698829 1.3594394 1.9709087 1.1041448 
353401_Peace_River             0.0270794 0.0270794 0.0000010 0.9942447 0.0000000 0.0300156 0.0270085 0.0000010 0.0407951 0.0352832 0.0300156 0.1447575 0.0559870 
353407_Noatok                  0.0224255 0.0224255 0.0307433 1.3594394 0.0300156 0.0000000 0.0223607 0.0300156 0.0375525 0.0000010 0.0000010 0.1363958 0.0542761 
353410_Horizon_Lake            0.0134110 0.0134110 0.0275959 0.9135439 0.0270085 0.0223607 0.0000000 0.0270085 0.0133762 0.0209605 0.0223607 0.1103910 0.0275220 
92319_Little_Lost              0.0270794 0.0270794 0.0000010 0.9942447 0.0000010 0.0300156 0.0270085 0.0000000 0.0407951 0.0352832 0.0300156 0.1447575 0.0559870 
GCA016432855_Lake_Trout        0.0270071 0.0270071 0.0416885 0.9705172 0.0407951 0.0375525 0.0133762 0.0407951 0.0000000 0.0351839 0.0375525 0.1103910 0.0275220 
GCA036784925_Maine_S_alpinus   0.0210174 0.0210174 0.0360863 1.0698829 0.0352832 0.0000010 0.0209605 0.0352832 0.0351839 0.0000000 0.0000010 0.1356810 0.0507487 
GCA045679555_Iceland_A_alpinus 0.0224255 0.0224255 0.0307433 1.3594394 0.0300156 0.0000010 0.0223607 0.0300156 0.0375525 0.0000010 0.0000000 0.1363958 0.0542761 
GCF013265735_Rainbow_Trout     0.1275654 0.1275654 0.1484929 1.9709087 0.1447575 0.1363958 0.1103910 0.1447575 0.1103910 0.1356810 0.1363958 0.0000000 0.1386511 
GCF029448725_Brook_Trout       0.0416864 0.0416864 0.0572486 1.1041448 0.0559870 0.0542761 0.0275220 0.0559870 0.0275220 0.0507487 0.0542761 0.1386511 0.0000000 
