9
251140_Ward_Creek          0.0000000 0.0000010 0.1406191 0.1993968 0.1406191 0.3745286 0.0073528 0.2674352 0.0073528 
260512_Pybus_Point         0.0000010 0.0000000 0.1406191 0.1993968 0.1406191 0.3745286 0.0073528 0.2674352 0.0073528 
353379_Skagit_River        0.1406191 0.1406191 0.0000000 0.0050732 0.0000010 0.0316998 0.1498148 0.0990013 0.1498148 
353381_Dungeness_River     0.1993968 0.1993968 0.0050732 0.0000000 0.0050732 0.0766293 0.2124743 0.1103713 0.2124743 
353401_Peace_River         0.1406191 0.1406191 0.0000010 0.0050732 0.0000000 0.0316998 0.1498148 0.0990013 0.1498148 
92319_Little_Lost          0.3745286 0.3745286 0.0316998 0.0766293 0.0316998 0.0000000 0.3994859 0.2537222 0.3869285 
GCA016432855_Lake_Trout    0.0073528 0.0073528 0.1498148 0.2124743 0.1498148 0.3994859 0.0000000 0.2674352 0.0073528 
GCF013265735_Rainbow_Trout 0.2674352 0.2674352 0.0990013 0.1103713 0.0990013 0.2537222 0.2674352 0.0000000 0.2786580 
GCF029448725_Brook_Trout   0.0073528 0.0073528 0.1498148 0.2124743 0.1498148 0.3869285 0.0073528 0.2786580 0.0000000 
