15
251140_Ward_Creek              0.0000000 0.0032966 0.0000010 0.0067415 0.0032966 0.0132747 0.0000010 0.0132747 0.0066076 0.0099339 0.0200007 0.0066076 0.0066076 0.1020306 0.0236240 
260512_Pybus_Point             0.0032966 0.0000000 0.0032966 0.0101349 0.0066076 0.0166304 0.0329723 0.0166304 0.0099339 0.0132747 0.0233872 0.0099339 0.0099339 0.1058089 0.0270604 
261935_Kenai_River             0.0000010 0.0032966 0.0000000 0.0067415 0.0032966 0.0132747 0.0000010 0.0132747 0.0066076 0.0099339 0.0200007 0.0066076 0.0066076 0.1020306 0.0236240 
353213_Cropley_Lake            0.0067415 0.0101349 0.0067415 0.0000000 0.0101349 0.0135444 0.0411062 0.0135444 0.0067415 0.0101349 0.0204094 0.0067415 0.0067415 0.1042341 0.0241122 
353246_Cottonwood_Creek        0.0032966 0.0066076 0.0032966 0.0101349 0.0000000 0.0166304 0.0329723 0.0166304 0.0032966 0.0132747 0.0233872 0.0099339 0.0099339 0.1058089 0.0270604 
353379_Skagit_River            0.0132747 0.0166304 0.0132747 0.0135444 0.0166304 0.0000000 0.0000010 0.0000010 0.0132747 0.0133334 0.0200905 0.0110948 0.0110948 0.0788980 0.0225073 
353381_Dungeness_River         0.0000010 0.0329723 0.0000010 0.0411062 0.0329723 0.0000010 0.0000000 0.0000010 0.0329723 0.0329723 0.1036120 0.0000010 0.0000010 0.5832781 0.2011980 
353401_Peace_River             0.0132747 0.0166304 0.0132747 0.0135444 0.0166304 0.0000010 0.0000010 0.0000000 0.0132747 0.0133334 0.0200905 0.0110948 0.0110948 0.0788980 0.0225073 
353407_Noatok                  0.0066076 0.0099339 0.0066076 0.0067415 0.0032966 0.0132747 0.0329723 0.0132747 0.0000000 0.0099339 0.0200007 0.0066076 0.0066076 0.1020306 0.0236240 
353410_Horizon_Lake            0.0099339 0.0132747 0.0099339 0.0101349 0.0132747 0.0133334 0.0329723 0.0133334 0.0099339 0.0000000 0.0155787 0.0022059 0.0022059 0.0764550 0.0179507 
GCA016432855_Lake_Trout        0.0200007 0.0233872 0.0200007 0.0204094 0.0233872 0.0200905 0.1036120 0.0200905 0.0200007 0.0155787 0.0000000 0.0133334 0.0133334 0.0788980 0.0202259 
GCA036784925_Maine_S_alpinus   0.0066076 0.0099339 0.0066076 0.0067415 0.0099339 0.0110948 0.0000010 0.0110948 0.0066076 0.0022059 0.0133334 0.0000000 0.0000010 0.0740200 0.0156835 
GCA045679555_Iceland_A_alpinus 0.0066076 0.0099339 0.0066076 0.0067415 0.0099339 0.0110948 0.0000010 0.0110948 0.0066076 0.0022059 0.0133334 0.0000010 0.0000000 0.0740200 0.0156835 
GCF013265735_Rainbow_Trout     0.1020306 0.1058089 0.1020306 0.1042341 0.1058089 0.0788980 0.5832781 0.0788980 0.1020306 0.0764550 0.0788980 0.0740200 0.0740200 0.0000000 0.1232837 
GCF029448725_Brook_Trout       0.0236240 0.0270604 0.0236240 0.0241122 0.0270604 0.0225073 0.2011980 0.0225073 0.0236240 0.0179507 0.0202259 0.0156835 0.0156835 0.1232837 0.0000000 
