19
251140_Ward_Creek              0.0000000 8.9999983 8.9999983 8.9999986 8.9999983 2.0562896 2.0618924 8.9999984 8.9999986 4.9886250 2.5413582 8.9999983 4.1085733 8.9999984 2.3082748 2.2978739 2.2978739 8.9999989 2.1456712 
260512_Pybus_Point             8.9999983 0.0000000 0.8975964 8.9999983 0.8975964 1.8009374 8.9999986 2.2649859 0.4926227 2.1157910 2.2649859 3.6685753 1.6948086 2.2649859 1.6504701 2.1348723 2.1348723 4.0741049 1.6538366 
261935_Kenai_River             8.9999983 0.8975964 0.0000000 8.9999983 0.8975964 8.9999986 1.8009374 2.2649859 0.4926227 2.1157910 2.2649859 3.6685753 1.6948086 2.2649859 1.6652152 2.1348723 2.1348723 4.0741049 1.6656998 
353213_Cropley_Lake            8.9999986 8.9999983 8.9999983 0.0000000 8.9999983 8.9999989 2.0618924 0.6864772 8.9999986 0.8167450 2.5413582 0.5440404 4.1085733 0.6864772 1.3881309 0.9235663 0.9235663 2.7583678 1.1334031 
353219_Peterson_Creek          8.9999983 0.8975964 0.8975964 8.9999983 0.0000000 1.8009374 1.8009374 2.2649859 0.4926227 2.5449160 2.2649859 3.6685753 1.6948086 2.2649859 1.6504701 2.1348723 2.1348723 7.9429461 1.6538366 
353220_Fish_Creek              2.0562896 1.8009374 8.9999986 8.9999989 1.8009374 0.0000000 3.6685753 3.0809003 2.0659018 2.6782942 3.0809003 1.7972601 2.2649859 3.0809003 2.0228266 1.6774943 1.6774943 5.1656209 1.9270937 
353246_Cottonwood_Creek        2.0618924 8.9999986 1.8009374 2.0618924 1.8009374 3.6685753 0.0000000 3.0809003 2.0659018 2.6782942 1.6934130 8.9999982 2.2649859 3.0809003 1.9105926 2.7406928 2.7406928 5.1656209 1.8590993 
353379_Skagit_River            8.9999984 2.2649859 2.2649859 0.6864772 2.2649859 3.0809003 3.0809003 0.0000000 2.5410739 0.0714822 8.9999987 0.7045719 8.9999990 0.0000010 1.1067203 0.5951810 0.5951810 2.4593453 0.9399191 
353381_Dungeness_River         8.9999986 0.4926227 0.4926227 8.9999986 0.4926227 2.0659018 2.0659018 2.5410739 0.0000000 2.2649859 2.5410739 8.9999983 1.7250484 2.5410739 1.6567310 2.3001770 2.3001770 4.8054094 1.6590683 
353401_Peace_River             4.9886250 2.1157910 2.1157910 0.8167450 2.5449160 2.6782942 2.6782942 0.0714822 2.2649859 0.0000000 8.9999986 0.8024410 2.0810530 0.0714822 1.1649149 0.7028221 0.7028221 2.5644196 0.9920191 
353407_Noatok                  2.5413582 2.2649859 2.2649859 2.5413582 2.2649859 3.0809003 1.6934130 8.9999987 2.5410739 8.9999986 0.0000000 4.9886250 8.9999989 8.9999987 2.4258235 8.9999985 8.9999985 8.9999983 2.2109776 
353410_Horizon_Lake            8.9999983 3.6685753 3.6685753 0.5440404 3.6685753 1.7972601 8.9999982 0.7045719 8.9999983 0.8024410 4.9886250 0.0000000 3.0809003 0.7045719 1.2478404 0.4003659 0.4003659 2.3180399 1.0749689 
92319_Little_Lost              4.1085733 1.6948086 1.6948086 4.1085733 1.6948086 2.2649859 2.2649859 8.9999990 1.7250484 2.0810530 8.9999989 3.0809003 0.0000000 8.9999990 2.0123545 4.1445577 4.1445577 6.9255291 1.9214719 
94280_St_Joe                   8.9999984 2.2649859 2.2649859 0.6864772 2.2649859 3.0809003 3.0809003 0.0000010 2.5410739 0.0714822 8.9999987 0.7045719 8.9999990 0.0000000 1.1067203 0.5951810 0.5951810 2.4593453 0.9399191 
GCA016432855_Lake_Trout        2.3082748 1.6504701 1.6652152 1.3881309 1.6504701 2.0228266 1.9105926 1.1067203 1.6567310 1.1649149 2.4258235 1.2478404 2.0123545 1.1067203 0.0000000 1.2082879 1.2082879 2.2627745 1.0370966 
GCA036784925_Maine_S_alpinus   2.2978739 2.1348723 2.1348723 0.9235663 2.1348723 1.6774943 2.7406928 0.5951810 2.3001770 0.7028221 8.9999985 0.4003659 4.1445577 0.5951810 1.2082879 0.0000000 0.0000010 2.2596090 1.0344038 
GCA045679555_Iceland_A_alpinus 2.2978739 2.1348723 2.1348723 0.9235663 2.1348723 1.6774943 2.7406928 0.5951810 2.3001770 0.7028221 8.9999985 0.4003659 4.1445577 0.5951810 1.2082879 0.0000010 0.0000000 2.2596090 1.0344038 
GCF013265735_Rainbow_Trout     8.9999989 4.0741049 4.0741049 2.7583678 7.9429461 5.1656209 5.1656209 2.4593453 4.8054094 2.5644196 8.9999983 2.3180399 6.9255291 2.4593453 2.2627745 2.2596090 2.2596090 0.0000000 2.0268943 
GCF029448725_Brook_Trout       2.1456712 1.6538366 1.6656998 1.1334031 1.6538366 1.9270937 1.8590993 0.9399191 1.6590683 0.9920191 2.2109776 1.0749689 1.9214719 0.9399191 1.0370966 1.0344038 1.0344038 2.0268943 0.0000000 
