10
251140_Ward_Creek          0.0000000 0.0000010 0.0170089 0.0168818 0.0346388 0.0000010 0.0346388 0.1498885 1.4449032 0.0577627 
260512_Pybus_Point         0.0000010 0.0000000 0.0170089 0.0168818 0.0346388 0.0000010 0.0346388 0.1498885 1.4449032 0.0577627 
261935_Kenai_River         0.0170089 0.0170089 0.0000000 0.0343177 0.0528397 0.0244162 0.0528397 0.1718471 1.5854293 0.0784699 
353220_Fish_Creek          0.0168818 0.0168818 0.0343177 0.0000000 0.0524286 0.0241551 0.0524286 0.1703616 1.3593800 0.0777875 
353379_Skagit_River        0.0346388 0.0346388 0.0528397 0.0524286 0.0000000 0.0501234 0.0000010 0.1504407 1.4609161 0.0579704 
353381_Dungeness_River     0.0000010 0.0000010 0.0244162 0.0241551 0.0501234 0.0000000 0.0501234 0.2254123 1.5203132 0.0879540 
353401_Peace_River         0.0346388 0.0346388 0.0528397 0.0524286 0.0000010 0.0501234 0.0000000 0.1504407 1.4609161 0.0579704 
GCA016432855_Lake_Trout    0.1498885 0.1498885 0.1718471 0.1703616 0.1504407 0.2254123 0.1504407 0.0000000 2.2477156 0.1899308 
GCF013265735_Rainbow_Trout 1.4449032 1.4449032 1.5854293 1.3593800 1.4609161 1.5203132 1.4609161 2.2477156 0.0000000 1.4821966 
GCF029448725_Brook_Trout   0.0577627 0.0577627 0.0784699 0.0777875 0.0579704 0.0879540 0.0579704 0.1899308 1.4821966 0.0000000 
