18
251140_Ward_Creek              0.0000000 8.9999984 8.9999985 0.0000010 0.0000010 8.9999989 0.1014298 0.4702576 0.3978807 0.4702576 8.9999981 0.0959395 8.9999981 0.8625193 0.3376358 2.3474525 4.7981905 1.0627879 
260512_Pybus_Point             8.9999984 0.0000000 0.2403669 8.9999989 8.9999989 0.2965102 8.9999986 8.9999980 3.8362025 8.9999980 0.3812154 8.9999989 1.9304865 4.2446557 8.9999987 2.1697689 4.5040712 4.4522091 
261935_Kenai_River             8.9999985 0.2403669 0.0000000 8.9999989 8.9999989 0.2965102 8.9999986 8.9999988 2.4232155 8.9999988 0.1063225 8.9999983 1.1987129 3.1029297 3.4536204 1.7579461 4.7589319 3.2988386 
353213_Cropley_Lake            0.0000010 8.9999989 8.9999989 0.0000000 0.0000010 4.9277538 0.0925456 1.3303023 0.1154553 1.3303023 3.7555500 0.0902116 8.9999985 0.5644131 0.3032211 0.7073116 3.3627751 0.7944392 
353219_Peterson_Creek          0.0000010 8.9999989 8.9999989 0.0000010 0.0000000 4.9277538 0.0925456 1.3303023 0.1154553 1.3303023 3.7555500 0.0902116 8.9999985 0.5644131 0.3032211 0.7073116 3.3627751 0.7944392 
353220_Fish_Creek              8.9999989 0.2965102 0.2965102 4.9277538 4.9277538 0.0000000 5.2367210 6.3445067 2.1697689 6.3445067 0.4337663 4.9277538 1.6718007 2.8494454 2.9294776 1.8025606 3.8065714 2.9848006 
353246_Cottonwood_Creek        0.1014298 8.9999986 8.9999986 0.0925456 0.0925456 5.2367210 0.0000000 1.5119226 0.2544947 1.5119226 8.9999987 0.0925456 8.9999980 0.5934412 0.3142493 0.7687878 3.7134991 0.8458226 
353379_Skagit_River            0.4702576 8.9999980 8.9999988 1.3303023 1.3303023 6.3445067 1.5119226 0.0000000 2.0066395 0.0000010 8.9999988 1.1923245 8.9999990 1.0080488 0.9497859 2.0644088 3.7253142 1.2425251 
353381_Dungeness_River         0.3978807 3.8362025 2.4232155 0.1154553 0.1154553 2.1697689 0.2544947 2.0066395 0.0000000 2.0066395 2.1697689 0.2442458 4.6086289 0.9380407 0.5649255 0.4708926 3.0210566 1.1628753 
353401_Peace_River             0.4702576 8.9999980 8.9999988 1.3303023 1.3303023 6.3445067 1.5119226 0.0000010 2.0066395 0.0000000 8.9999988 1.1923245 8.9999990 1.0080488 0.9497859 2.0644088 3.7253142 1.2425251 
353407_Noatok                  8.9999981 0.3812154 0.1063225 3.7555500 3.7555500 0.4337663 8.9999987 8.9999988 2.1697689 8.9999988 0.0000000 8.9999989 1.1987129 3.1029297 3.4536204 1.7579461 4.7589319 3.2988386 
353410_Horizon_Lake            0.0959395 8.9999989 8.9999983 0.0902116 0.0902116 4.9277538 0.0925456 1.1923245 0.2442458 1.1923245 8.9999989 0.0000000 8.9999989 0.5644131 0.3032211 0.7073116 3.6235099 0.7944392 
92319_Little_Lost              8.9999981 1.9304865 1.1987129 8.9999985 8.9999985 1.6718007 8.9999980 8.9999990 4.6086289 8.9999990 1.1987129 8.9999989 0.0000000 3.7791117 8.9999988 3.8123562 4.7471084 3.9143367 
GCA016432855_Lake_Trout        0.8625193 4.2446557 3.1029297 0.5644131 0.5644131 2.8494454 0.5934412 1.0080488 0.9380407 1.0080488 3.1029297 0.5644131 3.7791117 0.0000000 0.3836982 0.8790746 2.9463644 0.4383275 
GCA036784925_Maine_S_alpinus   0.3376358 8.9999987 3.4536204 0.3032211 0.3032211 2.9294776 0.3142493 0.9497859 0.5649255 0.9497859 3.4536204 0.3032211 8.9999988 0.3836982 0.0000000 0.1885500 3.2775838 0.5726291 
GCA045679555_Iceland_A_alpinus 2.3474525 2.1697689 1.7579461 0.7073116 0.7073116 1.8025606 0.7687878 2.0644088 0.4708926 2.0644088 1.7579461 0.7073116 3.8123562 0.8790746 0.1885500 0.0000000 2.8639599 1.1189231 
GCF013265735_Rainbow_Trout     4.7981905 4.5040712 4.7589319 3.3627751 3.3627751 3.8065714 3.7134991 3.7253142 3.0210566 3.7253142 4.7589319 3.6235099 4.7471084 2.9463644 3.2775838 2.8639599 0.0000000 3.0246284 
GCF029448725_Brook_Trout       1.0627879 4.4522091 3.2988386 0.7944392 0.7944392 2.9848006 0.8458226 1.2425251 1.1628753 1.2425251 3.2988386 0.7944392 3.9143367 0.4383275 0.5726291 1.1189231 3.0246284 0.0000000 
