18
251140_Ward_Creek              0.0000000 0.1663360 0.8920747 0.9206370 0.0123318 3.4124477 0.0123318 0.5469676 2.1795108 0.5702090 0.0380864 0.5148464 0.5702090 0.5328584 0.0380864 0.0247781 1.0845237 0.5627402 
260512_Pybus_Point             0.1663360 0.0000000 0.5038013 0.0372907 0.1851776 0.0369846 0.1851776 0.9988586 1.3200085 1.0313655 0.2255775 0.9414262 1.0313655 0.5726304 0.2255775 0.2010296 1.4509000 1.9157517 
261935_Kenai_River             0.8920747 0.5038013 0.0000000 0.0319491 0.8569026 1.0405291 0.8569026 1.6462447 0.3222639 1.6750151 0.8809795 1.5650521 1.6750151 1.5999649 0.8809795 0.8801416 1.8862107 1.7033804 
353213_Cropley_Lake            0.9206370 0.0372907 0.0319491 0.0000000 0.8839051 0.0398923 0.8839051 1.6377545 0.3662260 1.6672066 0.9937515 1.5553520 1.6672066 1.0232390 0.9937515 0.9077157 1.5110161 1.9711540 
353219_Peterson_Creek          0.0123318 0.1851776 0.8569026 0.8839051 0.0000000 3.5168273 0.0000010 0.5241583 2.1527697 0.5469676 0.0251626 0.4930170 0.5469676 0.5101259 0.0251626 0.0122816 1.0416334 0.5399608 
353220_Fish_Creek              3.4124477 0.0369846 1.0405291 0.0398923 3.5168273 0.0000000 3.5168273 4.3142895 2.1337883 4.1781466 6.7011983 3.8181355 4.1781466 1.7512135 6.7011983 3.2707303 5.5018478 4.8728238 
353246_Cottonwood_Creek        0.0123318 0.1851776 0.8569026 0.8839051 0.0000010 3.5168273 0.0000000 0.5241583 2.1527697 0.5469676 0.0251626 0.4930170 0.5469676 0.5101259 0.0251626 0.0122816 1.0416334 0.5399608 
353379_Skagit_River            0.5469676 0.9988586 1.6462447 1.6377545 0.5241583 4.3142895 0.5241583 0.0000000 1.0170935 0.0350464 0.5750128 0.0113659 0.0350464 0.0731550 0.5750128 0.5367578 0.6014415 0.2168245 
353381_Dungeness_River         2.1795108 1.3200085 0.3222639 0.3662260 2.1527697 2.1337883 2.1527697 1.0170935 0.0000000 1.0544406 2.3666956 0.9513901 1.0544406 1.0932760 2.3666956 2.1437163 1.6419623 1.4494497 
353401_Peace_River             0.5702090 1.0313655 1.6750151 1.6672066 0.5469676 4.1781466 0.5469676 0.0350464 1.0544406 0.0000000 0.5990779 0.0229158 0.0000010 0.0860901 0.5990779 0.5594000 0.6344685 0.2337025 
353410_Horizon_Lake            0.0380864 0.2255775 0.8809795 0.9937515 0.0251626 6.7011983 0.0251626 0.5750128 2.3666956 0.5990779 0.0000000 0.5412948 0.5990779 0.5606315 0.0000010 0.0376349 1.1577112 0.5909137 
92319_Little_Lost              0.5148464 0.9414262 1.5650521 1.5553520 0.4930170 3.8181355 0.4930170 0.0113659 0.9513901 0.0229158 0.5412948 0.0000000 0.0229158 0.0597437 0.5412948 0.5056033 0.5552931 0.1975003 
94280_St_Joe                   0.5702090 1.0313655 1.6750151 1.6672066 0.5469676 4.1781466 0.5469676 0.0350464 1.0544406 0.0000010 0.5990779 0.0229158 0.0000000 0.0860901 0.5990779 0.5594000 0.6344685 0.2337025 
GCA016432855_Lake_Trout        0.5328584 0.5726304 1.5999649 1.0232390 0.5101259 1.7512135 0.5101259 0.0731550 1.0932760 0.0860901 0.5606315 0.0597437 0.0860901 0.0000000 0.5606315 0.5229269 0.6422531 0.1724027 
GCA036784925_Maine_S_alpinus   0.0380864 0.2255775 0.8809795 0.9937515 0.0251626 6.7011983 0.0251626 0.5750128 2.3666956 0.5990779 0.0000010 0.5412948 0.5990779 0.5606315 0.0000000 0.0376349 1.1577112 0.5909137 
GCA045679555_Iceland_A_alpinus 0.0247781 0.2010296 0.8801416 0.9077157 0.0122816 3.2707303 0.0122816 0.5367578 2.1437163 0.5594000 0.0376349 0.5056033 0.5594000 0.5229269 0.0376349 0.0000000 1.0479883 0.5522732 
GCF013265735_Rainbow_Trout     1.0845237 1.4509000 1.8862107 1.5110161 1.0416334 5.5018478 1.0416334 0.6014415 1.6419623 0.6344685 1.1577112 0.5552931 0.6344685 0.6422531 1.1577112 1.0479883 0.0000000 1.2007627 
GCF029448725_Brook_Trout       0.5627402 1.9157517 1.7033804 1.9711540 0.5399608 4.8728238 0.5399608 0.2168245 1.4494497 0.2337025 0.5909137 0.1975003 0.2337025 0.1724027 0.5909137 0.5522732 1.2007627 0.0000000 
