10
251140_Ward_Creek            0.0000000 0.0000010 0.2886645 0.2886645 0.2519426 0.0271943 0.2540571 0.0271943 0.7895509 0.2927063 
260512_Pybus_Point           0.0000010 0.0000000 0.2886645 0.2886645 0.2519426 0.0271943 0.2540571 0.0271943 0.7895509 0.2927063 
353379_Skagit_River          0.2886645 0.2886645 0.0000000 0.0000010 0.5673620 0.2497123 0.3726331 0.2497123 1.6960904 0.6338422 
353401_Peace_River           0.2886645 0.2886645 0.0000010 0.0000000 0.5673620 0.2497123 0.3726331 0.2497123 1.6960904 0.6338422 
353407_Noatok                0.2519426 0.2519426 0.5673620 0.5673620 0.0000000 0.2147108 0.5238685 0.2147108 1.5207950 0.5793548 
353410_Horizon_Lake          0.0271943 0.0271943 0.2497123 0.2497123 0.2147108 0.0000000 0.2164031 0.0000010 0.7098460 0.2529934 
GCA016432855_Lake_Trout      0.2540571 0.2540571 0.3726331 0.3726331 0.5238685 0.2164031 0.0000000 0.2164031 0.6590340 0.2190067 
GCA036784925_Maine_S_alpinus 0.0271943 0.0271943 0.2497123 0.2497123 0.2147108 0.0000010 0.2164031 0.0000000 0.7098460 0.2529934 
GCF013265735_Rainbow_Trout   0.7895509 0.7895509 1.6960904 1.6960904 1.5207950 0.7098460 0.6590340 0.7098460 0.0000000 0.5893857 
GCF029448725_Brook_Trout     0.2927063 0.2927063 0.6338422 0.6338422 0.5793548 0.2529934 0.2190067 0.2529934 0.5893857 0.0000000 
