10
251140_Ward_Creek          0.0000000 0.0000010 0.0082418 0.1642902 0.0000010 0.1642902 0.0082418 0.0082418 0.0596906 0.0082418 
260512_Pybus_Point         0.0000010 0.0000000 0.0082418 0.1642902 0.0000010 0.1642902 0.0082418 0.0082418 0.0596906 0.0082418 
353246_Cottonwood_Creek    0.0082418 0.0082418 0.0000000 0.1745643 0.0411062 0.1745643 0.0000010 0.0165752 0.0686192 0.0165752 
353379_Skagit_River        0.1642902 0.1642902 0.1745643 0.0000000 2.4141569 0.0000010 0.1745643 0.1541549 0.2393523 0.1745643 
353381_Dungeness_River     0.0000010 0.0000010 0.0411062 2.4141569 0.0000000 2.4141569 0.0411062 0.0411062 0.2326162 0.0411062 
353401_Peace_River         0.1642902 0.1642902 0.1745643 0.0000010 2.4141569 0.0000000 0.1745643 0.1541549 0.2393523 0.1745643 
353407_Noatok              0.0082418 0.0082418 0.0000010 0.1745643 0.0411062 0.1745643 0.0000000 0.0165752 0.0686192 0.0165752 
GCA016432855_Lake_Trout    0.0082418 0.0082418 0.0165752 0.1541549 0.0411062 0.1541549 0.0165752 0.0000000 0.0686192 0.0165752 
GCF013265735_Rainbow_Trout 0.0596906 0.0596906 0.0686192 0.2393523 0.2326162 0.2393523 0.0686192 0.0686192 0.0000000 0.0686192 
GCF029448725_Brook_Trout   0.0082418 0.0082418 0.0165752 0.1745643 0.0411062 0.1745643 0.0165752 0.0165752 0.0686192 0.0000000 
