17
251140_Ward_Creek              0.0000000 0.0000010 0.0062836 0.0160092 0.0160092 0.0295756 0.0062614 0.0000010 0.0062614 0.0261164 0.0031187 1.5490409 0.0292778 0.0193585 0.0160092 0.1161368 0.0396613 
260512_Pybus_Point             0.0000010 0.0000000 0.0062836 0.0160092 0.0160092 0.0295756 0.0062614 0.0000010 0.0062614 0.0261164 0.0031187 1.5490409 0.0292778 0.0193585 0.0160092 0.1161368 0.0396613 
261935_Kenai_River             0.0062836 0.0062836 0.0000000 0.0227599 0.0227599 0.0250973 0.0062614 0.0040709 0.0062614 0.0192872 0.0031187 1.6549803 0.0292778 0.0193585 0.0160092 0.1207373 0.0396613 
353213_Cropley_Lake            0.0160092 0.0160092 0.0227599 0.0000000 0.0000010 0.0080835 0.0226752 0.0081828 0.0226752 0.0094620 0.0193585 1.5490409 0.0257292 0.0031187 0.0126651 0.1425750 0.0359344 
353219_Peterson_Creek          0.0160092 0.0160092 0.0227599 0.0000010 0.0000000 0.0080835 0.0226752 0.0081828 0.0226752 0.0094620 0.0193585 1.5490409 0.0257292 0.0031187 0.0126651 0.1425750 0.0359344 
353246_Cottonwood_Creek        0.0295756 0.0295756 0.0250973 0.0080835 0.0080835 0.0000000 0.0339779 0.0166097 0.0339779 0.0000010 0.0295756 9.0000000 0.0378606 0.0080835 0.0206104 0.1870879 0.0515237 
353379_Skagit_River            0.0062614 0.0062614 0.0062614 0.0226752 0.0226752 0.0339779 0.0000000 0.0040523 0.0000010 0.0260185 0.0031078 1.5661142 0.0225078 0.0192872 0.0159510 0.1110275 0.0326608 
353381_Dungeness_River         0.0000010 0.0000010 0.0040709 0.0081828 0.0081828 0.0166097 0.0040523 0.0000000 0.0040523 0.0166097 0.0000010 9.0000000 0.0206708 0.0081828 0.0040523 0.1365553 0.0337422 
353401_Peace_River             0.0062614 0.0062614 0.0062614 0.0226752 0.0226752 0.0339779 0.0000010 0.0040523 0.0000000 0.0260185 0.0031078 1.5661142 0.0225078 0.0192872 0.0159510 0.1110275 0.0326608 
353407_Noatok                  0.0261164 0.0261164 0.0192872 0.0094620 0.0094620 0.0000010 0.0260185 0.0166097 0.0260185 0.0000000 0.0226752 1.5832601 0.0290591 0.0062614 0.0158932 0.1525341 0.0393576 
353410_Horizon_Lake            0.0031187 0.0031187 0.0031187 0.0193585 0.0193585 0.0295756 0.0031078 0.0000010 0.0031078 0.0226752 0.0000000 1.5661142 0.0258249 0.0160092 0.0127109 0.1155570 0.0360715 
92319_Little_Lost              1.5490409 1.5490409 1.6549803 1.5490409 1.5490409 9.0000000 1.5661142 9.0000000 1.5661142 1.5832601 1.5661142 0.0000000 1.5661142 1.5661142 1.5661142 5.6934975 1.6549803 
GCA016432855_Lake_Trout        0.0292778 0.0292778 0.0292778 0.0257292 0.0257292 0.0378606 0.0225078 0.0206708 0.0225078 0.0290591 0.0258249 1.5661142 0.0000000 0.0223428 0.0125747 0.1314249 0.0094283 
GCA036784925_Maine_S_alpinus   0.0193585 0.0193585 0.0193585 0.0031187 0.0031187 0.0080835 0.0192872 0.0081828 0.0192872 0.0062614 0.0160092 1.5661142 0.0223428 0.0000000 0.0094283 0.1418144 0.0324149 
GCA045679555_Iceland_A_alpinus 0.0160092 0.0160092 0.0160092 0.0126651 0.0126651 0.0206104 0.0159510 0.0040523 0.0159510 0.0158932 0.0127109 1.5661142 0.0125747 0.0094283 0.0000000 0.1266763 0.0223428 
GCF013265735_Rainbow_Trout     0.1161368 0.1161368 0.1207373 0.1425750 0.1425750 0.1870879 0.1110275 0.1365553 0.1110275 0.1525341 0.1155570 5.6934975 0.1314249 0.1418144 0.1266763 0.0000000 0.1467366 
GCF029448725_Brook_Trout       0.0396613 0.0396613 0.0396613 0.0359344 0.0359344 0.0515237 0.0326608 0.0337422 0.0326608 0.0393576 0.0360715 1.6549803 0.0094283 0.0324149 0.0223428 0.1467366 0.0000000 
