12
251140_Ward_Creek          0.0000000 0.0073801 0.0300739 0.0000010 0.0300739 0.0000010 0.0300739 0.0299620 0.0073801 0.0298508 0.2022943 0.0375952 
260512_Pybus_Point         0.0073801 0.0000000 0.0224707 0.0073801 0.0224707 0.0000010 0.0224707 0.0223875 0.0000010 0.0223049 0.1930039 0.0299620 
261935_Kenai_River         0.0300739 0.0224707 0.0000000 0.0300739 0.0458023 0.0678100 0.0458023 0.0148694 0.0224707 0.0454568 0.2230877 0.0534397 
353213_Cropley_Lake        0.0000010 0.0073801 0.0300739 0.0000000 0.0300739 0.0000010 0.0300739 0.0299620 0.0073801 0.0298508 0.2022943 0.0375952 
353379_Skagit_River        0.0300739 0.0224707 0.0458023 0.0300739 0.0000000 0.1053408 0.0000010 0.0301867 0.0224707 0.0300739 0.2040600 0.0378783 
353381_Dungeness_River     0.0000010 0.0000010 0.0678100 0.0000010 0.1053408 0.0000000 0.1053408 0.1035126 0.0000010 0.1017481 1.7292018 0.1405210 
353401_Peace_River         0.0300739 0.0224707 0.0458023 0.0300739 0.0000010 0.1053408 0.0000000 0.0301867 0.0224707 0.0300739 0.2040600 0.0378783 
353407_Noatok              0.0299620 0.0223875 0.0148694 0.0299620 0.0301867 0.1035126 0.0301867 0.0000000 0.0223875 0.0299620 0.2031731 0.0377362 
353410_Horizon_Lake        0.0073801 0.0000010 0.0224707 0.0073801 0.0224707 0.0000010 0.0224707 0.0223875 0.0000000 0.0223049 0.1930039 0.0299620 
GCA016432855_Lake_Trout    0.0298508 0.0223049 0.0454568 0.0298508 0.0300739 0.1017481 0.0300739 0.0299620 0.0223049 0.0000000 0.2022943 0.0375952 
GCF013265735_Rainbow_Trout 0.2022943 0.1930039 0.2230877 0.2022943 0.2040600 1.7292018 0.2040600 0.2031731 0.1930039 0.2022943 0.0000000 0.2125954 
GCF029448725_Brook_Trout   0.0375952 0.0299620 0.0534397 0.0375952 0.0378783 0.1405210 0.0378783 0.0377362 0.0299620 0.0375952 0.2125954 0.0000000 
