18
251140_Ward_Creek              0.0000000 0.0167856 0.0167856 0.0338582 0.0338582 0.4534687 0.2374247 0.3551224 0.4979966 0.2083326 2.3834998 0.3860683 0.6731643 0.2083326 0.1877200 2.6839956 0.9775949 0.3551224 
260512_Pybus_Point             0.0167856 0.0000000 0.0000010 0.0167856 0.0167856 0.4285455 0.1128304 0.3312108 0.5376419 0.2292669 2.4717116 0.3612323 0.6407627 0.1877200 0.1674363 2.7394119 0.9467060 0.3312108 
261935_Kenai_River             0.0167856 0.0000010 0.0000000 0.0167856 0.0167856 0.4285455 0.1128304 0.3312108 0.5376419 0.2292669 2.4717116 0.3612323 0.6407627 0.1877200 0.1674363 2.7394119 0.9467060 0.3312108 
353213_Cropley_Lake            0.0338582 0.0167856 0.0167856 0.0000000 0.0000010 0.4534687 0.0000010 0.3551224 0.5774931 0.2505136 2.3834998 0.3860683 0.6731643 0.2083326 0.1877200 2.6839956 0.9775949 0.3551224 
353219_Peterson_Creek          0.0338582 0.0167856 0.0167856 0.0000010 0.0000000 0.4534687 0.0000010 0.3551224 0.5774931 0.2505136 2.3834998 0.3860683 0.6731643 0.2083326 0.1877200 2.6839956 0.9775949 0.3551224 
353379_Skagit_River            0.4534687 0.4285455 0.4285455 0.4534687 0.4534687 0.0000000 2.1714841 0.1853690 0.7531974 0.3729169 0.2595893 0.2083326 0.5225837 0.4208813 0.3967931 2.1588274 0.8009284 0.1853690 
353381_Dungeness_River         0.2374247 0.1128304 0.1128304 0.0000010 0.0000010 2.1714841 0.0000000 2.4443032 2.1155417 1.2382208 2.3834998 2.4443032 3.8852414 1.0962659 1.0962659 5.5841268 3.0984145 2.4443032 
353401_Peace_River             0.3551224 0.3312108 0.3312108 0.3551224 0.3551224 0.1853690 2.4443032 0.0000000 0.8377604 0.4208813 1.6479212 0.0169464 0.3599498 0.3259262 0.3028652 2.1949106 0.6269379 0.0000010 
353407_Noatok                  0.4979966 0.5376419 0.5376419 0.5774931 0.5774931 0.7531974 2.1155417 0.8377604 0.0000000 0.2016009 4.2592270 0.9204126 0.6398234 0.4457667 0.4086991 2.2839116 1.2185236 0.8377604 
353410_Horizon_Lake            0.2083326 0.2292669 0.2292669 0.2505136 0.2505136 0.3729169 1.2382208 0.4208813 0.2016009 0.0000000 2.3183057 0.4534687 0.6231401 0.1423942 0.1235798 2.3530467 0.9120508 0.4208813 
92319_Little_Lost              2.3834998 2.4717116 2.4717116 2.3834998 2.3834998 0.2595893 2.3834998 1.6479212 4.2592270 2.3183057 0.0000000 1.6479212 2.7021787 2.1714841 2.1714841 4.0480274 2.4430260 1.6479212 
94280_St_Joe                   0.3860683 0.3612323 0.3612323 0.3860683 0.3860683 0.2083326 2.4443032 0.0169464 0.9204126 0.4534687 1.6479212 0.0000000 0.3938627 0.3551224 0.3312108 2.2966106 0.6749669 0.0169464 
GCA016432855_Lake_Trout        0.6731643 0.6407627 0.6407627 0.6731643 0.6731643 0.5225837 3.8852414 0.3599498 0.6398234 0.6231401 2.7021787 0.3938627 0.0000000 0.4996976 0.4694626 1.4308449 0.2504543 0.3599498 
GCA036784925_Maine_S_alpinus   0.2083326 0.1877200 0.1877200 0.2083326 0.2083326 0.4208813 1.0962659 0.3259262 0.4457667 0.1423942 2.1714841 0.3551224 0.4996976 0.0000000 0.0167856 2.3863214 0.7844559 0.3259262 
GCA045679555_Iceland_A_alpinus 0.1877200 0.1674363 0.1674363 0.1877200 0.1877200 0.3967931 1.0962659 0.3028652 0.4086991 0.1235798 2.1714841 0.3312108 0.4694626 0.0167856 0.0000000 2.4238465 0.7509450 0.3028652 
GCF013265735_Rainbow_Trout     2.6839956 2.7394119 2.7394119 2.6839956 2.6839956 2.1588274 5.5841268 2.1949106 2.2839116 2.3530467 4.0480274 2.2966106 1.4308449 2.3863214 2.4238465 0.0000000 1.6075715 2.1949106 
GCF029448725_Brook_Trout       0.9775949 0.9467060 0.9467060 0.9775949 0.9775949 0.8009284 3.0984145 0.6269379 1.2185236 0.9120508 2.4430260 0.6749669 0.2504543 0.7844559 0.7509450 1.6075715 0.0000000 0.6269379 
Methow_River_99895             0.3551224 0.3312108 0.3312108 0.3551224 0.3551224 0.1853690 2.4443032 0.0000010 0.8377604 0.4208813 1.6479212 0.0169464 0.3599498 0.3259262 0.3028652 2.1949106 0.6269379 0.0000000 
