9
251140_Ward_Creek          0.0000000 0.0000010 0.0224711 0.0000010 2.2623039 0.0000010 0.0000010 0.0464605 0.0224711 
260512_Pybus_Point         0.0000010 0.0000000 0.0224711 0.0000010 2.2623039 0.0000010 0.0000010 0.0464605 0.0224711 
353379_Skagit_River        0.0224711 0.0224711 0.0000000 0.0098520 0.3968565 0.0098520 0.0198010 0.0614993 0.0298497 
353401_Peace_River         0.0000010 0.0000010 0.0098520 0.0000000 0.3768351 0.0000010 0.0098520 0.0509847 0.0198010 
92319_Little_Lost          2.2623039 2.2623039 0.3968565 0.3768351 0.0000000 0.3768351 0.3571913 0.4499272 0.3768351 
94280_St_Joe               0.0000010 0.0000010 0.0098520 0.0000010 0.3768351 0.0000000 0.0098520 0.0509847 0.0198010 
GCA016432855_Lake_Trout    0.0000010 0.0000010 0.0198010 0.0098520 0.3571913 0.0098520 0.0000000 0.0405786 0.0098520 
GCF013265735_Rainbow_Trout 0.0464605 0.0464605 0.0614993 0.0509847 0.4499272 0.0509847 0.0405786 0.0000000 0.0509847 
GCF029448725_Brook_Trout   0.0224711 0.0224711 0.0298497 0.0198010 0.3768351 0.0198010 0.0098520 0.0509847 0.0000000 
