14
251140_Ward_Creek              0.0000000 0.0000010 0.0233456 0.0467546 0.0611645 0.0300588 0.0233339 0.0611645 0.0300588 0.1553069 0.0229319 0.0705252 0.8604352 0.1861171 
260512_Pybus_Point             0.0000010 0.0000000 0.0233456 0.0467546 0.0611645 0.0300588 0.0233339 0.0611645 0.0300588 0.1553069 0.0229319 0.0705252 0.8604352 0.1861171 
261935_Kenai_River             0.0233456 0.0233456 0.0000000 0.0722748 0.0953894 0.0624677 0.0480976 0.0953894 0.0624677 0.1874783 0.0472356 0.0969266 0.9483813 0.1834535 
353246_Cottonwood_Creek        0.0467546 0.0467546 0.0722748 0.0000000 0.1274229 0.0938679 0.0722779 0.1274229 0.0938679 0.2149070 0.0709642 0.1213850 0.9970822 0.2489753 
353379_Skagit_River            0.0611645 0.0611645 0.0953894 0.1274229 0.0000000 0.0294585 0.0294585 0.0000010 0.0294585 0.2008872 0.0931317 0.1604244 1.2014544 0.2426821 
353401_Peace_River             0.0300588 0.0300588 0.0624677 0.0938679 0.0294585 0.0000000 0.0000010 0.0294585 0.0000010 0.1643349 0.0610064 0.1260618 1.1350965 0.2039259 
353407_Noatok                  0.0233339 0.0233339 0.0480976 0.0722779 0.0294585 0.0000010 0.0000000 0.0294585 0.0000010 0.1252361 0.0472241 0.0969592 0.7805033 0.1541343 
92319_Little_Lost              0.0611645 0.0611645 0.0953894 0.1274229 0.0000010 0.0294585 0.0294585 0.0000000 0.0294585 0.2008872 0.0931317 0.1604244 1.2014544 0.2426821 
94280_St_Joe                   0.0300588 0.0300588 0.0624677 0.0938679 0.0294585 0.0000010 0.0000010 0.0294585 0.0000000 0.1643349 0.0610064 0.1260618 1.1350965 0.2039259 
GCA016432855_Lake_Trout        0.1553069 0.1553069 0.1874783 0.2149070 0.2008872 0.1643349 0.1252361 0.2008872 0.1643349 0.0000000 0.1837636 0.2434890 1.1505805 0.1260040 
GCA036784925_Maine_S_alpinus   0.0229319 0.0229319 0.0472356 0.0709642 0.0931317 0.0610064 0.0472241 0.0931317 0.0610064 0.1837636 0.0000000 0.0462102 0.9236964 0.2159712 
GCA045679555_Iceland_A_alpinus 0.0705252 0.0705252 0.0969266 0.1213850 0.1604244 0.1260618 0.0969592 0.1604244 0.1260618 0.2434890 0.0462102 0.0000000 0.8992513 0.2788410 
GCF013265735_Rainbow_Trout     0.8604352 0.8604352 0.9483813 0.9970822 1.2014544 1.1350965 0.7805033 1.2014544 1.1350965 1.1505805 0.9236964 0.8992513 0.0000000 1.3030910 
GCF029448725_Brook_Trout       0.1861171 0.1861171 0.1834535 0.2489753 0.2426821 0.2039259 0.1541343 0.2426821 0.2039259 0.1260040 0.2159712 0.2788410 1.3030910 0.0000000 
