13
251140_Ward_Creek              0.0000000 0.0000010 0.0266641 0.6925739 0.1142366 0.7181305 0.0533796 2.2040857 0.7181305 0.5576332 0.0263474 2.9068204 0.7470800 
260512_Pybus_Point             0.0000010 0.0000000 0.0266641 0.6925739 0.1142366 0.7181305 0.0533796 2.2040857 0.7181305 0.5576332 0.0263474 2.9068204 0.7470800 
353220_Fish_Creek              0.0266641 0.0266641 0.0000000 0.7726697 0.1469921 0.8055747 0.0821654 2.8336877 0.8055747 0.6214826 0.0540474 3.0794856 0.7804218 
353379_Skagit_River            0.6925739 0.6925739 0.7726697 0.0000000 1.0033588 0.1147546 0.6925739 0.4612305 0.1147546 0.4687766 0.7438471 2.8227219 1.2818637 
353381_Dungeness_River         0.1142366 0.1142366 0.1469921 1.0033588 0.0000000 1.0601893 0.1762589 3.1408310 1.0601893 0.8123813 0.0844718 3.0703532 1.1305345 
353401_Peace_River             0.7181305 0.7181305 0.8055747 0.1147546 1.0601893 0.0000000 0.7181305 1.1812184 0.0000010 0.5738000 0.7726697 2.9716394 1.3818757 
353407_Noatok                  0.0533796 0.0533796 0.0821654 0.6925739 0.1762589 0.7181305 0.0000000 2.2040857 0.7181305 0.6490709 0.0811086 2.9068204 0.8642317 
92319_Little_Lost              2.2040857 2.2040857 2.8336877 0.4612305 3.1408310 1.1812184 2.2040857 0.0000000 1.1812184 3.0363712 2.1801235 5.2293531 3.0007699 
94280_St_Joe                   0.7181305 0.7181305 0.8055747 0.1147546 1.0601893 0.0000010 0.7181305 1.1812184 0.0000000 0.5738000 0.7726697 2.9716394 1.3818757 
GCA016432855_Lake_Trout        0.5576332 0.5576332 0.6214826 0.4687766 0.8123813 0.5738000 0.6490709 3.0363712 0.5738000 0.0000000 0.6031308 2.0947213 0.8642317 
GCA045679555_Iceland_A_alpinus 0.0263474 0.0263474 0.0540474 0.7438471 0.0844718 0.7726697 0.0811086 2.1801235 0.7726697 0.6031308 0.0000000 2.9645619 0.8055747 
GCF013265735_Rainbow_Trout     2.9068204 2.9068204 3.0794856 2.8227219 3.0703532 2.9716394 2.9068204 5.2293531 2.9716394 2.0947213 2.9645619 0.0000000 4.0692229 
GCF029448725_Brook_Trout       0.7470800 0.7470800 0.7804218 1.2818637 1.1305345 1.3818757 0.8642317 3.0007699 1.3818757 0.8642317 0.8055747 4.0692229 0.0000000 
