20
251140_Ward_Creek              0.0000000 0.0472448 0.0211984 0.0156784 0.0000010 0.0007633 0.0030952 0.0216975 0.4405853 0.0227642 0.0175394 0.0215958 0.0120993 0.0216975 0.1845016 0.0254659 0.0263259 0.2300133 0.0938198 0.0226776 
260512_Pybus_Point             0.0472448 0.0000000 0.0231948 0.0201450 0.0430339 0.0485911 0.0484149 0.0378171 0.3646669 0.0390561 0.0220320 0.0286589 0.0454126 0.0378171 0.0891421 0.0422012 0.0406171 0.1687467 0.0409166 0.0389193 
261935_Kenai_River             0.0211984 0.0231948 0.0000000 0.0015903 0.0188100 0.0223492 0.0188329 0.0151036 0.3046653 0.0161109 0.0032038 0.0084370 0.0173391 0.0151036 0.1223813 0.0185992 0.0173372 0.2149198 0.0684480 0.0160493 
353213_Cropley_Lake            0.0156784 0.0201450 0.0015903 0.0000000 0.0139908 0.0166047 0.0174686 0.0128458 0.2439815 0.0136874 0.0013736 0.0061572 0.0142979 0.0128458 0.1232877 0.0157248 0.0158252 0.1833969 0.0577119 0.0136430 
353219_Peterson_Creek          0.0000010 0.0430339 0.0188100 0.0139908 0.0000000 0.0007644 0.0030995 0.0207629 0.3533701 0.0217748 0.0157386 0.0193536 0.0115295 0.0207629 0.1714885 0.0243267 0.0250596 0.2157834 0.0880456 0.0216954 
353220_Fish_Creek              0.0007633 0.0485911 0.0223492 0.0166047 0.0007644 0.0000000 0.0038830 0.0226776 0.4405853 0.0237555 0.0184788 0.0226599 0.0131589 0.0226776 0.1872043 0.0264927 0.0274363 0.2274804 0.0956662 0.0236651 
353246_Cottonwood_Creek        0.0030952 0.0484149 0.0188329 0.0174686 0.0030995 0.0038830 0.0000000 0.0196755 0.4596030 0.0207159 0.0174686 0.0260208 0.0099566 0.0196755 0.1792479 0.0253605 0.0262095 0.2301794 0.0900782 0.0206374 
353379_Skagit_River            0.0216975 0.0378171 0.0151036 0.0128458 0.0207629 0.0226776 0.0196755 0.0000000 0.3463428 0.0006869 0.0112646 0.0102803 0.0000010 0.0000010 0.1273144 0.0096472 0.0061444 0.1732167 0.0606273 0.0006848 
353381_Dungeness_River         0.4405853 0.3646669 0.3046653 0.2439815 0.3533701 0.4405853 0.4596030 0.3463428 0.0000000 0.3463428 0.2562935 0.2930309 0.5223612 0.3463428 0.1072293 0.3386963 0.3478531 0.2182330 0.5601470 0.3527149 
353401_Peace_River             0.0227642 0.0390561 0.0161109 0.0136874 0.0217748 0.0237555 0.0207159 0.0006869 0.3463428 0.0000000 0.0120910 0.0111455 0.0008028 0.0006869 0.1293917 0.0104535 0.0069576 0.1751839 0.0620641 0.0013789 
353407_Noatok                  0.0175394 0.0220320 0.0032038 0.0013736 0.0157386 0.0184788 0.0174686 0.0112646 0.2562935 0.0120910 0.0000000 0.0061572 0.0133572 0.0112646 0.1232877 0.0174009 0.0158252 0.1833969 0.0577119 0.0120521 
353410_Horizon_Lake            0.0215958 0.0286589 0.0084370 0.0061572 0.0193536 0.0226599 0.0260208 0.0102803 0.2930309 0.0111455 0.0061572 0.0000000 0.0123157 0.0102803 0.1254332 0.0149531 0.0121610 0.1989417 0.0680370 0.0111077 
92319_Little_Lost              0.0120993 0.0454126 0.0173391 0.0142979 0.0115295 0.0131589 0.0099566 0.0000010 0.5223612 0.0008028 0.0133572 0.0123157 0.0000000 0.0000010 0.1612175 0.0104992 0.0073227 0.1925964 0.0736037 0.0008001 
94280_St_Joe                   0.0216975 0.0378171 0.0151036 0.0128458 0.0207629 0.0226776 0.0196755 0.0000010 0.3463428 0.0006869 0.0112646 0.0102803 0.0000010 0.0000000 0.1273144 0.0096472 0.0061444 0.1732167 0.0606273 0.0006848 
GCA016432855_Lake_Trout        0.1845016 0.0891421 0.1223813 0.1232877 0.1714885 0.1872043 0.1792479 0.1273144 0.1072293 0.1293917 0.1232877 0.1254332 0.1612175 0.1273144 0.0000000 0.1397543 0.1378665 0.0540672 0.1152235 0.1294392 
GCA036784925_Maine_S_alpinus   0.0254659 0.0422012 0.0185992 0.0157248 0.0243267 0.0264927 0.0253605 0.0096472 0.3386963 0.0104535 0.0174009 0.0149531 0.0104992 0.0096472 0.1397543 0.0000000 0.0053331 0.1891874 0.0675133 0.0104204 
GCA045679555_Iceland_A_alpinus 0.0263259 0.0406171 0.0173372 0.0158252 0.0250596 0.0274363 0.0262095 0.0061444 0.3478531 0.0069576 0.0158252 0.0121610 0.0073227 0.0061444 0.1378665 0.0053331 0.0000000 0.2035699 0.0723041 0.0069349 
GCF013265735_Rainbow_Trout     0.2300133 0.1687467 0.2149198 0.1833969 0.2157834 0.2274804 0.2301794 0.1732167 0.2182330 0.1751839 0.1833969 0.1989417 0.1925964 0.1732167 0.0540672 0.1891874 0.2035699 0.0000000 0.1892254 0.1753383 
GCF029448725_Brook_Trout       0.0938198 0.0409166 0.0684480 0.0577119 0.0880456 0.0956662 0.0900782 0.0606273 0.5601470 0.0620641 0.0577119 0.0680370 0.0736037 0.0606273 0.1152235 0.0675133 0.0723041 0.1892254 0.0000000 0.0619136 
Methow_River_99895             0.0226776 0.0389193 0.0160493 0.0136430 0.0216954 0.0236651 0.0206374 0.0006848 0.3527149 0.0013789 0.0120521 0.0111077 0.0008001 0.0006848 0.1294392 0.0104204 0.0069349 0.1753383 0.0619136 0.0000000 
