6
251140_Ward_Creek          0.0000000 0.0000010 0.0000010 0.0247956 0.0769906 0.0247956 
260512_Pybus_Point         0.0000010 0.0000000 0.0000010 0.0247956 0.0769906 0.0247956 
353381_Dungeness_River     0.0000010 0.0000010 0.0000000 0.2326162 1.2070784 0.2326162 
GCA016432855_Lake_Trout    0.0247956 0.0247956 0.2326162 0.0000000 0.1045166 0.0504391 
GCF013265735_Rainbow_Trout 0.0769906 0.0769906 1.2070784 0.1045166 0.0000000 0.1045166 
GCF029448725_Brook_Trout   0.0247956 0.0247956 0.2326162 0.0504391 0.1045166 0.0000000 
