10
251140_Ward_Creek            0.0000000 0.0000010 0.0144235 0.0144235 0.0144235 0.0000010 0.0236238 0.0144235 0.1946334 0.0441301 
260512_Pybus_Point           0.0000010 0.0000000 0.0144235 0.0144235 0.0144235 0.0000010 0.0236238 0.0144235 0.1946334 0.0441301 
353379_Skagit_River          0.0144235 0.0144235 0.0000000 0.0000010 0.0291298 0.0000010 0.0000010 0.0291298 0.1763398 0.0291298 
353401_Peace_River           0.0144235 0.0144235 0.0000010 0.0000000 0.0291298 0.0000010 0.0000010 0.0291298 0.1763398 0.0291298 
353407_Noatok                0.0144235 0.0144235 0.0291298 0.0291298 0.0000000 0.0811602 0.0480164 0.0291298 0.2133844 0.0594370 
92319_Little_Lost            0.0000010 0.0000010 0.0000010 0.0000010 0.0811602 0.0000000 0.0000010 0.0811602 9.0000000 0.0811602 
GCA016432855_Lake_Trout      0.0236238 0.0236238 0.0000010 0.0000010 0.0480164 0.0000010 0.0000000 0.0480164 0.2783820 0.0480164 
GCA036784925_Maine_S_alpinus 0.0144235 0.0144235 0.0291298 0.0291298 0.0291298 0.0811602 0.0480164 0.0000000 0.2133844 0.0594370 
GCF013265735_Rainbow_Trout   0.1946334 0.1946334 0.1763398 0.1763398 0.2133844 9.0000000 0.2783820 0.2133844 0.0000000 0.2033082 
GCF029448725_Brook_Trout     0.0441301 0.0441301 0.0291298 0.0291298 0.0594370 0.0811602 0.0480164 0.0594370 0.2033082 0.0000000 
