10
251140_Ward_Creek          0.0000000 0.0000010 0.0401392 0.3379903 0.0401392 0.0411300 0.0321363 0.3357634 0.1011336 0.0483831 
260512_Pybus_Point         0.0000010 0.0000000 0.0401392 0.3379903 0.0401392 0.0411300 0.0321363 0.3357634 0.1011336 0.0483831 
353379_Skagit_River        0.0401392 0.0401392 0.0000000 0.5779109 0.0000010 0.0000010 0.0238699 0.3451335 0.0917552 0.0078465 
353381_Dungeness_River     0.3379903 0.3379903 0.5779109 0.0000000 0.5779109 0.6541393 0.5438268 0.8894417 0.2139060 0.6299411 
353401_Peace_River         0.0401392 0.0401392 0.0000010 0.5779109 0.0000000 0.0000010 0.0238699 0.3451335 0.0917552 0.0078465 
92319_Little_Lost          0.0411300 0.0411300 0.0000010 0.6541393 0.0000010 0.0000000 0.0244536 0.3557063 0.0941115 0.0080352 
GCA016432855_Lake_Trout    0.0321363 0.0321363 0.0238699 0.5438268 0.0238699 0.0244536 0.0000000 0.3357634 0.0834834 0.0319683 
GCF013265735_Rainbow_Trout 0.3357634 0.3357634 0.3451335 0.8894417 0.3451335 0.3557063 0.3357634 0.0000000 0.2392584 0.3570016 
GCF029448725_Brook_Trout   0.1011336 0.1011336 0.0917552 0.2139060 0.0917552 0.0941115 0.0834834 0.2392584 0.0000000 0.1005686 
Methow_River_99895         0.0483831 0.0483831 0.0078465 0.6299411 0.0078465 0.0080352 0.0319683 0.3570016 0.1005686 0.0000000 
