17
251140_Ward_Creek              0.0000000 0.0000010 0.2080751 0.1025357 0.2951681 0.3445978 0.3801120 0.6391072 1.7247918 0.2171577 0.2080751 1.7247918 1.6770744 0.1518740 0.0987893 2.0275261 2.2173343 
260512_Pybus_Point             0.0000010 0.0000000 0.2080751 0.1025357 0.2951681 0.3445978 0.3801120 0.6391072 1.7247918 0.2171577 0.2080751 1.7247918 1.6770744 0.1518740 0.0987893 2.0275261 2.2173343 
261935_Kenai_River             0.2080751 0.2080751 0.0000000 0.3445978 0.2954883 0.1027427 0.6081034 1.5613755 1.6877172 0.2173793 0.0000010 1.6877172 1.7007591 0.0481742 0.0988850 2.0272498 2.2164621 
353219_Peterson_Creek          0.1025357 0.1025357 0.3445978 0.0000000 0.1581999 0.5131802 0.3577276 0.6391072 1.3430529 0.3644154 0.3445978 1.3430529 1.9210399 0.2792963 0.2177608 1.8762376 2.4173394 
353220_Fish_Creek              0.2951681 0.2951681 0.2954883 0.1581999 0.0000000 0.4722985 0.6104810 4.5562734 1.6782466 0.1583462 0.2954883 1.6782466 2.4201150 0.2282319 0.1658143 2.0556584 2.7112584 
353246_Cottonwood_Creek        0.3445978 0.3445978 0.1027427 0.5131802 0.4722985 0.0000000 0.8260935 1.5774376 1.9761039 0.3648052 0.1027427 1.9761039 1.2721684 0.1589733 0.2179836 1.8760798 1.8888731 
353379_Skagit_River            0.3801120 0.3801120 0.6081034 0.3577276 0.6104810 0.8260935 0.0000000 3.2345105 1.9380226 0.7474383 0.6081034 1.9380226 2.1341209 0.6081034 0.5333108 1.9662995 2.5699309 
353381_Dungeness_River         0.6391072 0.6391072 1.5613755 0.6391072 4.5562734 1.5774376 3.2345105 0.0000000 8.9999988 2.8698214 1.5613755 8.9999988 3.3816017 1.5272410 1.4439101 2.3710890 8.9999981 
353401_Peace_River             1.7247918 1.7247918 1.6877172 1.3430529 1.6782466 1.9761039 1.9380226 8.9999988 0.0000000 1.9747311 1.6877172 0.0000010 1.3740152 1.6776752 1.6881571 1.4087989 1.3928560 
353407_Noatok                  0.2171577 0.2171577 0.2173793 0.3644154 0.1583462 0.3648052 0.7474383 2.8698214 1.9747311 0.0000000 0.2173793 1.9747311 2.0345660 0.1580592 0.1024689 2.2128823 2.4148430 
353410_Horizon_Lake            0.2080751 0.2080751 0.0000010 0.3445978 0.2954883 0.1027427 0.6081034 1.5613755 1.6877172 0.2173793 0.0000000 1.6877172 1.7007591 0.0481742 0.0988850 2.0272498 2.2164621 
92319_Little_Lost              1.7247918 1.7247918 1.6877172 1.3430529 1.6782466 1.9761039 1.9380226 8.9999988 0.0000010 1.9747311 1.6877172 0.0000000 1.3740152 1.6776752 1.6881571 1.4087989 1.3928560 
GCA016432855_Lake_Trout        1.6770744 1.6770744 1.7007591 1.9210399 2.4201150 1.2721684 2.1341209 3.3816017 1.3740152 2.0345660 1.7007591 1.3740152 0.0000000 1.6868079 1.7010064 1.5750429 0.9033151 
GCA036784925_Maine_S_alpinus   0.1518740 0.1518740 0.0481742 0.2792963 0.2282319 0.1589733 0.6081034 1.5272410 1.6776752 0.1580592 0.0481742 1.6776752 1.6868079 0.0000000 0.0480445 2.0587201 2.1369499 
GCA045679555_Iceland_A_alpinus 0.0987893 0.0987893 0.0988850 0.2177608 0.1658143 0.2179836 0.5333108 1.4439101 1.6881571 0.1024689 0.0988850 1.6881571 1.7010064 0.0480445 0.0000000 2.0912954 2.2064853 
GCF013265735_Rainbow_Trout     2.0275261 2.0275261 2.0272498 1.8762376 2.0556584 1.8760798 1.9662995 2.3710890 1.4087989 2.2128823 2.0272498 1.4087989 1.5750429 2.0587201 2.0912954 0.0000000 1.5785011 
GCF029448725_Brook_Trout       2.2173343 2.2173343 2.2164621 2.4173394 2.7112584 1.8888731 2.5699309 8.9999981 1.3928560 2.4148430 2.2164621 1.3928560 0.9033151 2.1369499 2.2064853 1.5785011 0.0000000 
