19
251140_Ward_Creek              0.0000000 0.0000010 0.0028561 0.0029547 0.0000010 0.0014761 0.0091466 0.0122699 0.0089101 0.0029576 0.0044400 0.0143809 0.0074120 0.0103947 0.0044400 0.0044400 0.0653508 0.0129500 0.0089024 
260512_Pybus_Point             0.0000010 0.0000000 0.0028561 0.0029547 0.0000010 0.0014761 0.0091466 0.0122699 0.0089101 0.0029576 0.0044400 0.0143809 0.0074120 0.0103947 0.0044400 0.0044400 0.0653508 0.0129500 0.0089024 
261935_Kenai_River             0.0028561 0.0028561 0.0000000 0.0059248 0.0029576 0.0044400 0.0091375 0.0164197 0.0089024 0.0000010 0.0014761 0.0143614 0.0074047 0.0103846 0.0044357 0.0044357 0.0652452 0.0129377 0.0088937 
353219_Peterson_Creek          0.0029547 0.0029547 0.0059248 0.0000000 0.0029547 0.0044357 0.0122164 0.0143313 0.0119012 0.0059248 0.0074120 0.0185324 0.0103947 0.0133869 0.0074120 0.0074120 0.0703848 0.0164214 0.0118896 
353220_Fish_Creek              0.0000010 0.0000010 0.0029576 0.0029547 0.0000000 0.0014761 0.0091466 0.0122699 0.0089101 0.0029576 0.0044400 0.0143809 0.0074120 0.0103947 0.0044400 0.0044400 0.0653508 0.0134133 0.0089024 
353246_Cottonwood_Creek        0.0014761 0.0014761 0.0044400 0.0044357 0.0014761 0.0000000 0.0106802 0.0143313 0.0104049 0.0044400 0.0059248 0.0164542 0.0089024 0.0118896 0.0059248 0.0059248 0.0678642 0.0149161 0.0103947 
353379_Skagit_River            0.0091466 0.0091466 0.0091375 0.0122164 0.0091466 0.0106802 0.0000000 0.0256979 0.0030384 0.0091375 0.0106695 0.0063605 0.0015164 0.0137414 0.0076072 0.0076072 0.0679831 0.0168577 0.0030354 
353381_Dungeness_River         0.0122699 0.0122699 0.0164197 0.0143313 0.0122699 0.0143313 0.0256979 0.0000000 0.0247779 0.0164197 0.0184934 0.0436652 0.0226558 0.0268372 0.0164197 0.0164197 0.1474098 0.0289749 0.0247441 
353401_Peace_River             0.0089101 0.0089101 0.0089024 0.0119012 0.0089101 0.0104049 0.0030384 0.0247779 0.0000000 0.0089024 0.0103947 0.0061340 0.0014776 0.0133869 0.0074120 0.0074120 0.0703848 0.0164214 0.0029576 
353407_Noatok                  0.0029576 0.0029576 0.0000010 0.0059248 0.0029576 0.0044400 0.0091375 0.0164197 0.0089024 0.0000000 0.0014761 0.0143614 0.0074047 0.0103846 0.0044357 0.0044357 0.0652452 0.0134001 0.0088937 
353410_Horizon_Lake            0.0044400 0.0044400 0.0014761 0.0074120 0.0044400 0.0059248 0.0106695 0.0184934 0.0103947 0.0014761 0.0000000 0.0164319 0.0088937 0.0118780 0.0059190 0.0059190 0.0677543 0.0149014 0.0103846 
92319_Little_Lost              0.0143809 0.0143809 0.0143614 0.0185324 0.0143809 0.0164542 0.0063605 0.0436652 0.0061340 0.0143614 0.0164319 0.0000000 0.0040794 0.0205873 0.0122956 0.0122956 0.1283787 0.0248296 0.0061267 
94280_St_Joe                   0.0074120 0.0074120 0.0074047 0.0103947 0.0074120 0.0089024 0.0015164 0.0226558 0.0014776 0.0074047 0.0088937 0.0040794 0.0000000 0.0118780 0.0059190 0.0059190 0.0677543 0.0149014 0.0014761 
GCA016432855_Lake_Trout        0.0103947 0.0103947 0.0103846 0.0133869 0.0103947 0.0118896 0.0137414 0.0268372 0.0133869 0.0103846 0.0118780 0.0205873 0.0118780 0.0000000 0.0088937 0.0088937 0.0652452 0.0146396 0.0133738 
GCA036784925_Maine_S_alpinus   0.0044400 0.0044400 0.0044357 0.0074120 0.0044400 0.0059248 0.0076072 0.0164197 0.0074120 0.0044357 0.0059190 0.0122956 0.0059190 0.0088937 0.0000000 0.0000010 0.0627428 0.0119012 0.0074047 
GCA045679555_Iceland_A_alpinus 0.0044400 0.0044400 0.0044357 0.0074120 0.0044400 0.0059248 0.0076072 0.0164197 0.0074120 0.0044357 0.0059190 0.0122956 0.0059190 0.0088937 0.0000010 0.0000000 0.0627428 0.0119012 0.0074047 
GCF013265735_Rainbow_Trout     0.0653508 0.0653508 0.0652452 0.0703848 0.0653508 0.0678642 0.0679831 0.1474098 0.0703848 0.0652452 0.0677543 0.1283787 0.0677543 0.0652452 0.0627428 0.0627428 0.0000000 0.0730312 0.0702706 
GCF029448725_Brook_Trout       0.0129500 0.0129500 0.0129377 0.0164214 0.0134133 0.0149161 0.0168577 0.0289749 0.0164214 0.0134001 0.0149014 0.0248296 0.0149014 0.0146396 0.0119012 0.0119012 0.0730312 0.0000000 0.0164053 
Methow_River_99895             0.0089024 0.0089024 0.0088937 0.0118896 0.0089024 0.0103947 0.0030354 0.0247441 0.0029576 0.0088937 0.0103846 0.0061267 0.0014761 0.0133738 0.0074047 0.0074047 0.0702706 0.0164053 0.0000000 
