16
251140_Ward_Creek              0.0000000 1.5661617 3.1623320 0.0000010 1.5661617 1.5896190 1.7732482 1.7732482 0.6027083 2.7155823 1.8575121 1.7638822 2.0377998 1.5896190 1.0887224 0.2741638 
260512_Pybus_Point             1.5661617 0.0000000 4.0882584 1.5661617 0.0000010 0.0154420 0.0971013 0.0971013 3.3559200 3.6622614 0.1006339 0.0802903 0.0988532 0.0154420 2.3850313 1.5032576 
261935_Kenai_River             3.1623320 4.0882584 0.0000000 3.1623320 4.0882584 3.8477233 3.4846474 3.4846474 8.9999984 0.1275788 3.6062964 3.6130006 4.4483484 3.8477233 2.4371289 1.4329612 
353213_Cropley_Lake            0.0000010 1.5661617 3.1623320 0.0000000 1.5661617 1.5896190 1.7732482 1.7732482 0.6027083 2.7155823 1.8575121 1.7638822 2.0377998 1.5896190 1.0887224 0.2741638 
353219_Peterson_Creek          1.5661617 0.0000010 4.0882584 1.5661617 0.0000000 0.0154420 0.0971013 0.0971013 3.3559200 3.6622614 0.1006339 0.0802903 0.0988532 0.0154420 2.3850313 1.5032576 
353220_Fish_Creek              1.5896190 0.0154420 3.8477233 1.5896190 0.0154420 0.0000000 0.1141667 0.1141667 3.2503825 3.5134858 0.1183515 0.0971013 0.1162789 0.0311212 2.3712066 1.5205886 
353379_Skagit_River            1.7732482 0.0971013 3.4846474 1.7732482 0.0971013 0.1141667 0.0000000 0.0000010 3.2499938 3.4846474 0.0000010 0.0154420 0.1719413 0.0802903 2.3554655 1.3532815 
353401_Peace_River             1.7732482 0.0971013 3.4846474 1.7732482 0.0971013 0.1141667 0.0000010 0.0000000 3.2499938 3.4846474 0.0000010 0.0154420 0.1719413 0.0802903 2.3554655 1.3532815 
353407_Noatok                  0.6027083 3.3559200 8.9999984 0.6027083 3.3559200 3.2503825 3.2499938 3.2499938 0.0000000 8.9999984 3.3540017 3.3445140 3.9645014 3.4824704 1.4688228 0.6404858 
353410_Horizon_Lake            2.7155823 3.6622614 0.1275788 2.7155823 3.6622614 3.5134858 3.4846474 3.4846474 8.9999984 0.0000000 3.6062964 3.6130006 4.4483484 3.8477233 2.4371289 1.4329612 
92319_Little_Lost              1.8575121 0.1006339 3.6062964 1.8575121 0.1006339 0.1183515 0.0000010 0.0000010 3.3540017 3.6062964 0.0000000 0.0159775 0.1786177 0.0831888 2.4056346 1.4344129 
GCA016432855_Lake_Trout        1.7638822 0.0802903 3.6130006 1.7638822 0.0802903 0.0971013 0.0154420 0.0154420 3.3445140 3.6130006 0.0159775 0.0000000 0.1534604 0.0637326 2.3704763 1.3271881 
GCA036784925_Maine_S_alpinus   2.0377998 0.0988532 4.4483484 2.0377998 0.0988532 0.1162789 0.1719413 0.1719413 3.9645014 4.4483484 0.1786177 0.1534604 0.0000000 0.0817030 2.5839248 1.7852379 
GCA045679555_Iceland_A_alpinus 1.5896190 0.0154420 3.8477233 1.5896190 0.0154420 0.0311212 0.0802903 0.0802903 3.4824704 3.8477233 0.0831888 0.0637326 0.0817030 0.0000000 2.3997730 1.4845631 
GCF013265735_Rainbow_Trout     1.0887224 2.3850313 2.4371289 1.0887224 2.3850313 2.3712066 2.3554655 2.3554655 1.4688228 2.4371289 2.4056346 2.3704763 2.5839248 2.3997730 0.0000000 0.8712680 
GCF029448725_Brook_Trout       0.2741638 1.5032576 1.4329612 0.2741638 1.5032576 1.5205886 1.3532815 1.3532815 0.6404858 1.4329612 1.4344129 1.3271881 1.7852379 1.4845631 0.8712680 0.0000000 
