13
251140_Ward_Creek              0.0000000 0.0000010 0.0053058 0.0106482 0.3074849 0.0053045 0.0057723 0.0053045 0.0180453 0.0053045 0.0053045 0.1322928 0.0547061 
260512_Pybus_Point             0.0000010 0.0000000 0.0053058 0.0106482 0.3074849 0.0053045 0.0057723 0.0053045 0.0180453 0.0053045 0.0053045 0.1322928 0.0547061 
353246_Cottonwood_Creek        0.0053058 0.0053058 0.0000000 0.0160345 0.3262027 0.0106508 0.0115935 0.0106508 0.0241665 0.0106508 0.0106508 0.1396239 0.0604232 
353379_Skagit_River            0.0106482 0.0106482 0.0160345 0.0000000 0.3447617 0.0052185 0.0174546 0.0052185 0.0297726 0.0160305 0.0160305 0.1469282 0.0537874 
353381_Dungeness_River         0.3074849 0.3074849 0.3262027 0.3447617 0.0000000 0.3258877 0.3987149 0.3258877 0.5390915 0.3074849 0.3074849 0.3633784 0.5100954 
353401_Peace_River             0.0053045 0.0053045 0.0106508 0.0052185 0.3258877 0.0000000 0.0115903 0.0000010 0.0237213 0.0106482 0.0106482 0.1395742 0.0482292 
353407_Noatok                  0.0057723 0.0057723 0.0115935 0.0174546 0.3987149 0.0115903 0.0000000 0.0115903 0.0266147 0.0115903 0.0115903 0.1472168 0.0659420 
92319_Little_Lost              0.0053045 0.0053045 0.0106508 0.0052185 0.3258877 0.0000010 0.0115903 0.0000000 0.0237213 0.0106482 0.0106482 0.1395742 0.0482292 
GCA016432855_Lake_Trout        0.0180453 0.0180453 0.0241665 0.0297726 0.5390915 0.0237213 0.0266147 0.0237213 0.0000000 0.0292375 0.0292375 0.1443165 0.0798157 
GCA036784925_Maine_S_alpinus   0.0053045 0.0053045 0.0106508 0.0160305 0.3074849 0.0106482 0.0115903 0.0106482 0.0292375 0.0000000 0.0000010 0.1411204 0.0604069 
GCA045679555_Iceland_A_alpinus 0.0053045 0.0053045 0.0106508 0.0160305 0.3074849 0.0106482 0.0115903 0.0106482 0.0292375 0.0000010 0.0000000 0.1411204 0.0604069 
GCF013265735_Rainbow_Trout     0.1322928 0.1322928 0.1396239 0.1469282 0.3633784 0.1395742 0.1472168 0.1395742 0.1443165 0.1411204 0.1411204 0.0000000 0.2077702 
GCF029448725_Brook_Trout       0.0547061 0.0547061 0.0604232 0.0537874 0.5100954 0.0482292 0.0659420 0.0482292 0.0798157 0.0604069 0.0604069 0.2077702 0.0000000 
