18
251140_Ward_Creek              0.0000000 0.0000010 0.0056315 0.0013587 0.0021255 0.0020452 0.0207185 0.1164760 0.0207185 0.0093355 0.0200432 0.0275094 0.0214899 0.0227376 0.0093826 0.0229086 0.0816639 0.0304407 
260512_Pybus_Point             0.0000010 0.0000000 0.0056315 0.0013587 0.0021255 0.0020452 0.0207185 0.1164760 0.0207185 0.0093355 0.0200432 0.0275094 0.0214899 0.0227376 0.0093826 0.0229086 0.0816639 0.0304407 
261935_Kenai_River             0.0056315 0.0056315 0.0000000 0.0048184 0.0050558 0.0048184 0.0246846 0.1746938 0.0246846 0.0093249 0.0230860 0.0345785 0.0256110 0.0277996 0.0111270 0.0280253 0.0947649 0.0370856 
353213_Cropley_Lake            0.0013587 0.0013587 0.0048184 0.0000000 0.0007069 0.0006802 0.0191932 0.1196029 0.0191932 0.0077595 0.0184552 0.0263797 0.0199606 0.0212679 0.0079205 0.0214271 0.0798346 0.0289243 
353220_Fish_Creek              0.0021255 0.0021255 0.0050558 0.0007069 0.0000000 0.0014189 0.0208607 0.1196029 0.0208607 0.0089501 0.0184552 0.0294292 0.0216665 0.0229598 0.0090334 0.0231396 0.0838465 0.0309989 
353246_Cottonwood_Creek        0.0020452 0.0020452 0.0048184 0.0006802 0.0014189 0.0000000 0.0200065 0.1217313 0.0200065 0.0085697 0.0193000 0.0276329 0.0207780 0.0220565 0.0086725 0.0222224 0.0809798 0.0297567 
353379_Skagit_River            0.0207185 0.0207185 0.0246846 0.0191932 0.0208607 0.0200065 0.0000000 0.1412825 0.0000010 0.0158276 0.0127052 0.0000010 0.0007117 0.0176250 0.0139037 0.0192773 0.0918951 0.0247169 
353381_Dungeness_River         0.1164760 0.1164760 0.1746938 0.1196029 0.1196029 0.1217313 0.1412825 0.0000000 0.1412825 0.1708448 0.1417364 0.2853145 0.1430380 0.1501581 0.1257453 0.1539646 0.3075233 0.1620480 
353401_Peace_River             0.0207185 0.0207185 0.0246846 0.0191932 0.0208607 0.0200065 0.0000010 0.1412825 0.0000000 0.0158276 0.0127052 0.0000010 0.0007117 0.0176250 0.0139037 0.0192773 0.0918951 0.0247169 
353407_Noatok                  0.0093355 0.0093355 0.0093249 0.0077595 0.0089501 0.0085697 0.0158276 0.1708448 0.0158276 0.0000000 0.0157217 0.0238533 0.0166882 0.0199995 0.0040567 0.0201213 0.0817182 0.0295014 
353410_Horizon_Lake            0.0200432 0.0200432 0.0230860 0.0184552 0.0184552 0.0193000 0.0127052 0.1417364 0.0127052 0.0157217 0.0000000 0.0184411 0.0135206 0.0090358 0.0152674 0.0111738 0.0907639 0.0169222 
92319_Little_Lost              0.0275094 0.0275094 0.0345785 0.0263797 0.0294292 0.0276329 0.0000010 0.2853145 0.0000010 0.0238533 0.0184411 0.0000000 0.0010442 0.0251165 0.0206701 0.0276931 0.1451333 0.0359836 
94280_St_Joe                   0.0214899 0.0214899 0.0256110 0.0199606 0.0216665 0.0207780 0.0007117 0.1430380 0.0007117 0.0166882 0.0135206 0.0010442 0.0000000 0.0183863 0.0146567 0.0200484 0.0929263 0.0255037 
GCA016432855_Lake_Trout        0.0227376 0.0227376 0.0277996 0.0212679 0.0229598 0.0220565 0.0176250 0.1501581 0.0176250 0.0199995 0.0090358 0.0251165 0.0183863 0.0000000 0.0215713 0.0118427 0.0853108 0.0111859 
GCA036784925_Maine_S_alpinus   0.0093826 0.0093826 0.0111270 0.0079205 0.0090334 0.0086725 0.0139037 0.1257453 0.0139037 0.0040567 0.0152674 0.0206701 0.0146567 0.0215713 0.0000000 0.0201783 0.0845124 0.0288327 
GCA045679555_Iceland_A_alpinus 0.0229086 0.0229086 0.0280253 0.0214271 0.0231396 0.0222224 0.0192773 0.1539646 0.0192773 0.0201213 0.0111738 0.0276931 0.0200484 0.0118427 0.0201783 0.0000000 0.0861856 0.0191823 
GCF013265735_Rainbow_Trout     0.0816639 0.0816639 0.0947649 0.0798346 0.0838465 0.0809798 0.0918951 0.3075233 0.0918951 0.0817182 0.0907639 0.1451333 0.0929263 0.0853108 0.0845124 0.0861856 0.0000000 0.0938117 
GCF029448725_Brook_Trout       0.0304407 0.0304407 0.0370856 0.0289243 0.0309989 0.0297567 0.0247169 0.1620480 0.0247169 0.0295014 0.0169222 0.0359836 0.0255037 0.0111859 0.0288327 0.0191823 0.0938117 0.0000000 
