19
251140_Ward_Creek              0.0000000 0.0639658 0.0000010 0.0476821 0.0155841 0.0315761 0.6081383 0.1168336 0.6023060 0.0315761 0.0315960 0.5668355 0.5668355 0.0316770 0.0156934 0.0319352 1.5853797 0.6701833 0.6023060 
260512_Pybus_Point             0.0639658 0.0000000 0.0639658 0.0154685 0.0474807 0.0312166 0.6633090 0.0644393 0.6568944 0.0312166 0.0634916 0.6198952 0.6198952 0.0636582 0.0473019 0.0641848 1.6729036 0.7289800 0.6568944 
261935_Kenai_River             0.0000010 0.0639658 0.0000000 0.0476821 0.0155841 0.0315761 0.6081383 0.1168336 0.6023060 0.0315761 0.0315960 0.5668355 0.5668355 0.0316770 0.0156934 0.0319352 1.5853797 0.6701833 0.6023060 
353219_Peterson_Creek          0.0476821 0.0154685 0.0476821 0.0000000 0.0314647 0.0155166 0.6314871 0.0644393 0.6254505 0.0155166 0.0473314 0.5895733 0.5895733 0.0474537 0.0313458 0.0478419 1.6066118 0.6945949 0.6254505 
353220_Fish_Creek              0.0155841 0.0474807 0.0155841 0.0314647 0.0000000 0.0156292 0.6397990 0.0990362 0.6335894 0.0156292 0.0476821 0.5969971 0.5969971 0.0478062 0.0315761 0.0482003 1.6536601 0.7044292 0.6335894 
353246_Cottonwood_Creek        0.0315761 0.0312166 0.0315761 0.0155166 0.0156292 0.0000000 0.6001153 0.0813257 0.5944419 0.0000010 0.0313458 0.5596405 0.5596405 0.0314255 0.0155701 0.0316796 1.5436704 0.6607473 0.5944419 
353379_Skagit_River            0.6081383 0.6633090 0.6081383 0.6314871 0.6397990 0.6001153 0.0000000 0.8023845 0.0338525 0.6001153 0.6003959 0.0167401 0.0167401 0.5397428 0.5697280 0.6132253 0.6013559 0.1739007 0.0338525 
353381_Dungeness_River         0.1168336 0.0644393 0.1168336 0.0644393 0.0990362 0.0813257 0.8023845 0.0000000 0.7937991 0.0813257 0.1159230 0.7495978 0.7495978 0.1162501 0.0986580 0.1172724 2.0991602 0.8838746 0.7937991 
353401_Peace_River             0.6023060 0.6568944 0.6023060 0.6254505 0.6335894 0.5944419 0.0338525 0.7937991 0.0000000 0.5944419 0.5947210 0.0166277 0.0166277 0.5347501 0.5644015 0.6072739 0.5956641 0.1725704 0.0000010 
353407_Noatok                  0.0315761 0.0312166 0.0315761 0.0155166 0.0156292 0.0000010 0.6001153 0.0813257 0.5944419 0.0000000 0.0313458 0.5596405 0.5596405 0.0314255 0.0155701 0.0316796 1.5436704 0.6607473 0.5944419 
353410_Horizon_Lake            0.0315960 0.0634916 0.0315960 0.0473314 0.0476821 0.0313458 0.6003959 0.1159230 0.5947210 0.0313458 0.0000000 0.5599187 0.5599187 0.0314453 0.0155799 0.0316997 1.5417934 0.6610240 0.5947210 
92319_Little_Lost              0.5668355 0.6198952 0.5668355 0.5895733 0.5969971 0.5596405 0.0167401 0.7495978 0.0166277 0.5596405 0.5599187 0.0000000 0.0000010 0.5019750 0.5306321 0.5712877 0.5607920 0.1513832 0.0166277 
94280_St_Joe                   0.5668355 0.6198952 0.5668355 0.5895733 0.5969971 0.5596405 0.0167401 0.7495978 0.0166277 0.5596405 0.5599187 0.0000010 0.0000000 0.5019750 0.5306321 0.5712877 0.5607920 0.1513832 0.0166277 
GCA016432855_Lake_Trout        0.0316770 0.0636582 0.0316770 0.0474537 0.0478062 0.0314255 0.5397428 0.1162501 0.5347501 0.0314255 0.0314453 0.5019750 0.5019750 0.0000000 0.0156189 0.0317812 1.4196715 0.5956407 0.5347501 
GCA036784925_Maine_S_alpinus   0.0156934 0.0473019 0.0156934 0.0313458 0.0315761 0.0155701 0.5697280 0.0986580 0.5644015 0.0155701 0.0155799 0.5306321 0.5306321 0.0156189 0.0000000 0.0157438 1.4801538 0.6279560 0.5644015 
GCA045679555_Iceland_A_alpinus 0.0319352 0.0641848 0.0319352 0.0478419 0.0482003 0.0316796 0.6132253 0.1172724 0.6072739 0.0316796 0.0316997 0.5712877 0.5712877 0.0317812 0.0157438 0.0000000 1.6189625 0.6763714 0.6072739 
GCF013265735_Rainbow_Trout     1.5853797 1.6729036 1.5853797 1.6066118 1.6536601 1.5436704 0.6013559 2.0991602 0.5956641 1.5436704 1.5417934 0.5607920 0.5607920 1.4196715 1.4801538 1.6189625 0.0000000 0.6289976 0.5956641 
GCF029448725_Brook_Trout       0.6701833 0.7289800 0.6701833 0.6945949 0.7044292 0.6607473 0.1739007 0.8838746 0.1725704 0.6607473 0.6610240 0.1513832 0.1513832 0.5956407 0.6279560 0.6763714 0.6289976 0.0000000 0.1725704 
Methow_River_99895             0.6023060 0.6568944 0.6023060 0.6254505 0.6335894 0.5944419 0.0338525 0.7937991 0.0000010 0.5944419 0.5947210 0.0166277 0.0166277 0.5347501 0.5644015 0.6072739 0.5956641 0.1725704 0.0000000 
