14
251140_Ward_Creek            0.0000000 0.0047198 5.0392326 0.0000010 0.0190271 0.0239405 0.0239405 0.0142330 0.0190329 0.1237769 0.1237769 0.0142330 0.0488803 0.0958621 
260512_Pybus_Point           0.0047198 0.0000000 5.0392326 0.0047198 0.0142287 0.0288040 0.0288040 0.0190271 0.0238536 0.1237769 0.1237769 0.0190271 0.0539142 0.0958621 
261935_Kenai_River           5.0392326 5.0392326 0.0000000 5.0392326 4.7380789 5.7302734 5.7302734 4.7380789 4.6431039 8.4461037 8.4461037 4.7380789 9.0000000 9.0000000 
353213_Cropley_Lake          0.0000010 0.0047198 5.0392326 0.0000000 0.0190271 0.0239405 0.0239405 0.0142330 0.0190329 0.1237769 0.1237769 0.0142330 0.0488803 0.0958621 
353246_Cottonwood_Creek      0.0190271 0.0142287 4.7380789 0.0190271 0.0000000 0.0140518 0.0140518 0.0046420 0.0093105 0.0929728 0.0929728 0.0046420 0.0382346 0.1237769 
353379_Skagit_River          0.0239405 0.0288040 5.7302734 0.0239405 0.0140518 0.0000000 0.0000010 0.0093439 0.0140561 0.0832771 0.0832771 0.0093439 0.0331799 0.1131818 
353401_Peace_River           0.0239405 0.0288040 5.7302734 0.0239405 0.0140518 0.0000010 0.0000000 0.0093439 0.0140561 0.0832771 0.0832771 0.0093439 0.0331799 0.1131818 
353407_Noatok                0.0142330 0.0190271 4.7380789 0.0142330 0.0046420 0.0093439 0.0093439 0.0000000 0.0046434 0.0929728 0.0929728 0.0000010 0.0333673 0.1237769 
353410_Horizon_Lake          0.0190329 0.0238536 4.6431039 0.0190329 0.0093105 0.0140561 0.0140561 0.0046434 0.0000000 0.1019574 0.1019574 0.0046434 0.0382465 0.1333511 
92319_Little_Lost            0.1237769 0.1237769 8.4461037 0.1237769 0.0929728 0.0832771 0.0832771 0.0929728 0.1019574 0.0000000 0.0000010 0.0929728 0.1198614 0.0236056 
GCA016432855_Lake_Trout      0.1237769 0.1237769 8.4461037 0.1237769 0.0929728 0.0832771 0.0832771 0.0929728 0.1019574 0.0000010 0.0000000 0.0929728 0.1198614 0.0236056 
GCA036784925_Maine_S_alpinus 0.0142330 0.0190271 4.7380789 0.0142330 0.0046420 0.0093439 0.0093439 0.0000010 0.0046434 0.0929728 0.0929728 0.0000000 0.0333673 0.1237769 
GCF013265735_Rainbow_Trout   0.0488803 0.0539142 9.0000000 0.0488803 0.0382346 0.0331799 0.0331799 0.0333673 0.0382465 0.1198614 0.1198614 0.0333673 0.0000000 0.1523958 
GCF029448725_Brook_Trout     0.0958621 0.0958621 9.0000000 0.0958621 0.1237769 0.1131818 0.1131818 0.1237769 0.1333511 0.0236056 0.0236056 0.1237769 0.1523958 0.0000000 
