13
251140_Ward_Creek          0.0000000 0.0000010 0.0540982 0.0246998 0.0246998 0.0246998 0.0500372 0.4452417 0.0500372 0.0500372 0.1042615 0.3713599 0.0507496 
260512_Pybus_Point         0.0000010 0.0000000 0.0540982 0.0246998 0.0246998 0.0246998 0.0500372 0.4452417 0.0500372 0.0500372 0.1042615 0.3713599 0.0507496 
261935_Kenai_River         0.0540982 0.0540982 0.0000000 0.0823011 0.0823011 0.0823011 0.1113238 0.6603063 0.1113238 0.0540982 0.1131132 0.4966811 0.1131132 
353213_Cropley_Lake        0.0246998 0.0246998 0.0823011 0.0000000 0.0500372 0.0500372 0.0760406 0.3905176 0.0760406 0.0760406 0.1321349 0.4092572 0.0771440 
353219_Peterson_Creek      0.0246998 0.0246998 0.0823011 0.0500372 0.0000000 0.0000010 0.0760406 0.5029657 0.0760406 0.0202076 0.1321349 0.4092572 0.0771440 
353246_Cottonwood_Creek    0.0246998 0.0246998 0.0823011 0.0500372 0.0000010 0.0000000 0.0760406 0.5029657 0.0760406 0.0202076 0.1321349 0.4092572 0.0771440 
353379_Skagit_River        0.0500372 0.0500372 0.1113238 0.0760406 0.0760406 0.0760406 0.0000000 0.5639298 0.0000010 0.1027422 0.1608001 0.4484809 0.1042615 
353381_Dungeness_River     0.4452417 0.4452417 0.6603063 0.3905176 0.5029657 0.5029657 0.5639298 0.0000000 0.5639298 0.5639298 0.7214745 1.7764606 0.5820259 
353401_Peace_River         0.0500372 0.0500372 0.1113238 0.0760406 0.0760406 0.0760406 0.0000010 0.5639298 0.0000000 0.1027422 0.1608001 0.4484809 0.1042615 
353407_Noatok              0.0500372 0.0500372 0.0540982 0.0760406 0.0202076 0.0202076 0.1027422 0.5639298 0.1027422 0.0000000 0.1608001 0.4484809 0.1042615 
GCA016432855_Lake_Trout    0.1042615 0.1042615 0.1131132 0.1321349 0.1321349 0.1321349 0.1608001 0.7214745 0.1608001 0.1608001 0.0000000 0.4576325 0.0500372 
GCF013265735_Rainbow_Trout 0.3713599 0.3713599 0.4966811 0.4092572 0.4092572 0.4092572 0.4484809 1.7764606 0.4484809 0.4484809 0.4576325 0.0000000 0.3785089 
GCF029448725_Brook_Trout   0.0507496 0.0507496 0.1131132 0.0771440 0.0771440 0.0771440 0.1042615 0.5820259 0.1042615 0.1042615 0.0500372 0.3785089 0.0000000 
