10
251140_Ward_Creek              0.0000000 0.0480975 0.0000010 0.1208165 0.0466299 0.1475431 0.0466299 0.0466299 0.8259345 0.2173400 
260512_Pybus_Point             0.0480975 0.0000000 0.0480975 0.0562127 0.0988827 0.2095063 0.0988827 0.0988827 1.0173749 0.2920888 
261935_Kenai_River             0.0000010 0.0480975 0.0000000 0.1208165 0.0466299 0.1475431 0.0466299 0.0466299 0.8259345 0.2173400 
353246_Cottonwood_Creek        0.1208165 0.0562127 0.1208165 0.0000000 0.1878325 0.3377176 0.1878325 0.1878325 1.2610641 0.4716841 
353407_Noatok                  0.0466299 0.0988827 0.0466299 0.1878325 0.0000000 0.2022517 0.0957421 0.0957421 0.9422036 0.2805006 
GCA016432855_Lake_Trout        0.1475431 0.2095063 0.1475431 0.3377176 0.2022517 0.0000000 0.2022517 0.2022517 0.9422036 0.2805006 
GCA036784925_Maine_S_alpinus   0.0466299 0.0988827 0.0466299 0.1878325 0.0957421 0.2022517 0.0000000 0.0000010 0.9422036 0.2805006 
GCA045679555_Iceland_A_alpinus 0.0466299 0.0988827 0.0466299 0.1878325 0.0957421 0.2022517 0.0000010 0.0000000 0.9422036 0.2805006 
GCF013265735_Rainbow_Trout     0.8259345 1.0173749 0.8259345 1.2610641 0.9422036 0.9422036 0.9422036 0.9422036 0.0000000 1.2610641 
GCF029448725_Brook_Trout       0.2173400 0.2920888 0.2173400 0.4716841 0.2805006 0.2805006 0.2805006 0.2805006 1.2610641 0.0000000 
