15
251140_Ward_Creek              0.0000000 0.0000010 0.0000010 0.0342611 0.1866839 0.0708436 0.1866839 0.0720494 0.0708436 2.6713838 0.1062842 0.6316902 0.0342611 0.5088624 0.8928169 
260512_Pybus_Point             0.0000010 0.0000000 0.0000010 0.0342611 0.1866839 0.0708436 0.1866839 0.0720494 0.0708436 2.6713838 0.1062842 0.6316902 0.0342611 0.5088624 0.8928169 
261935_Kenai_River             0.0000010 0.0000010 0.0000000 0.0000010 0.2409576 0.0901673 0.2409576 0.0921683 0.0901673 3.4407210 0.1351909 0.9193647 0.0432103 0.7090029 1.2431285 
353220_Fish_Creek              0.0342611 0.0342611 0.0000010 0.0000000 0.2279222 0.1081530 0.2279222 0.1100957 0.1081530 2.6142870 0.1440917 0.6972420 0.0696801 0.5661336 0.9551250 
353379_Skagit_River            0.1866839 0.1866839 0.2409576 0.2279222 0.0000000 0.1904270 0.0000010 0.2829250 0.1904270 2.6021908 0.0708436 0.8717075 0.1467610 0.4677544 0.8717075 
353381_Dungeness_River         0.0708436 0.0708436 0.0901673 0.1081530 0.1904270 0.0000000 0.1904270 0.1524535 0.0720494 3.1177269 0.1081530 0.6596079 0.0348048 0.5265032 0.9408339 
353401_Peace_River             0.1866839 0.1866839 0.2409576 0.2279222 0.0000010 0.1904270 0.0000000 0.2829250 0.1904270 2.6021908 0.0708436 0.8717075 0.1467610 0.4677544 0.8717075 
353407_Noatok                  0.0720494 0.0720494 0.0921683 0.1100957 0.2829250 0.1524535 0.2829250 0.0000000 0.1524535 3.3631256 0.1904270 0.8460495 0.1100957 0.6772028 1.1386739 
353410_Horizon_Lake            0.0708436 0.0708436 0.0901673 0.1081530 0.1904270 0.0720494 0.1904270 0.1524535 0.0000000 3.1177269 0.1081530 0.6596079 0.0348048 0.5265032 0.9408339 
92319_Little_Lost              2.6713838 2.6713838 3.4407210 2.6142870 2.6021908 3.1177269 2.6021908 3.3631256 3.1177269 0.0000000 2.9764219 2.5226624 2.7443423 5.1614479 2.5226624 
GCA016432855_Lake_Trout        0.1062842 0.1062842 0.1351909 0.1440917 0.0708436 0.1081530 0.0708436 0.1904270 0.1081530 2.9764219 0.0000000 0.6972420 0.0696801 0.3470430 0.6972420 
GCA036784925_Maine_S_alpinus   0.6316902 0.6316902 0.9193647 0.6972420 0.8717075 0.6596079 0.8717075 0.8460495 0.6596079 2.5226624 0.6972420 0.0000000 0.5671523 1.4645716 0.1564456 
GCA045679555_Iceland_A_alpinus 0.0342611 0.0342611 0.0432103 0.0696801 0.1467610 0.0348048 0.1467610 0.1100957 0.0348048 2.7443423 0.0696801 0.5671523 0.0000000 0.4531122 0.8285761 
GCF013265735_Rainbow_Trout     0.5088624 0.5088624 0.7090029 0.5661336 0.4677544 0.5265032 0.4677544 0.6772028 0.5265032 5.1614479 0.3470430 1.4645716 0.4531122 0.0000000 1.4645716 
GCF029448725_Brook_Trout       0.8928169 0.8928169 1.2431285 0.9551250 0.8717075 0.9408339 0.8717075 1.1386739 0.9408339 2.5226624 0.6972420 0.1564456 0.8285761 1.4645716 0.0000000 
