14
251140_Ward_Creek              0.0000000 0.0000010 0.3963346 0.7909052 2.3885513 0.3195722 0.3763529 0.2237905 0.7909052 1.1646131 0.0293039 0.0194422 1.1560774 0.3796924 
260512_Pybus_Point             0.0000010 0.0000000 0.3963346 0.7909052 2.3885513 0.3195722 0.3763529 0.2237905 0.7909052 1.1646131 0.0293039 0.0194422 1.1560774 0.3796924 
261935_Kenai_River             0.3963346 0.3963346 0.0000000 0.5015465 5.0771408 0.0959427 0.0289301 0.1480779 0.5015465 0.6806323 0.4111827 0.3963346 0.9269673 0.2617299 
353379_Skagit_River            0.7909052 0.7909052 0.5015465 0.0000000 1.9996379 0.0800180 0.4718317 0.3440338 0.0000010 0.2427620 0.8169423 0.7909052 1.6074863 0.4293195 
353381_Dungeness_River         2.3885513 2.3885513 5.0771408 1.9996379 0.0000000 2.8382522 4.1902088 5.3809131 1.9996379 2.9384910 2.3713483 2.3756622 6.6735958 4.2733554 
353401_Peace_River             0.3195722 0.3195722 0.0959427 0.0800180 2.8382522 0.0000000 0.0840527 0.0844417 0.0800180 0.2712095 0.3338199 0.3195722 0.6774555 0.1441198 
353407_Noatok                  0.3763529 0.3763529 0.0289301 0.4718317 4.1902088 0.0840527 0.0000000 0.1354642 0.4718317 0.6367522 0.3907474 0.3763529 0.8822388 0.2461268 
353410_Horizon_Lake            0.2237905 0.2237905 0.1480779 0.3440338 5.3809131 0.0844417 0.1354642 0.0000000 0.3440338 0.5256948 0.2363035 0.2237905 0.6831010 0.1364888 
92319_Little_Lost              0.7909052 0.7909052 0.5015465 0.0000010 1.9996379 0.0800180 0.4718317 0.3440338 0.0000000 0.2427620 0.8169423 0.7909052 1.6074863 0.4293195 
GCA016432855_Lake_Trout        1.1646131 1.1646131 0.6806323 0.2427620 2.9384910 0.2712095 0.6367522 0.5256948 0.2427620 0.0000000 1.1950406 1.1646131 1.8442542 0.4910717 
GCA036784925_Maine_S_alpinus   0.0293039 0.0293039 0.4111827 0.8169423 2.3713483 0.3338199 0.3907474 0.2363035 0.8169423 1.1950406 0.0000000 0.0096746 1.1769142 0.3942323 
GCA045679555_Iceland_A_alpinus 0.0194422 0.0194422 0.3963346 0.7909052 2.3756622 0.3195722 0.3763529 0.2237905 0.7909052 1.1646131 0.0096746 0.0000000 1.1560774 0.3796924 
GCF013265735_Rainbow_Trout     1.1560774 1.1560774 0.9269673 1.6074863 6.6735958 0.6774555 0.8822388 0.6831010 1.6074863 1.8442542 1.1769142 1.1560774 0.0000000 0.7354168 
GCF029448725_Brook_Trout       0.3796924 0.3796924 0.2617299 0.4293195 4.2733554 0.1441198 0.2461268 0.1364888 0.4293195 0.4910717 0.3942323 0.3796924 0.7354168 0.0000000 
