15
251140_Ward_Creek              0.0000000 0.0000010 0.0026116 0.0076407 0.0204510 0.0052299 2.5068768 0.0017410 0.0061440 0.0052299 0.0087819 0.0026133 0.0026133 0.0695788 0.0243619 
260512_Pybus_Point             0.0000010 0.0000000 0.0026116 0.0076407 0.0204510 0.0052299 2.5068768 0.0017410 0.0061440 0.0052299 0.0087819 0.0026133 0.0026133 0.0695788 0.0243619 
261935_Kenai_River             0.0026116 0.0026116 0.0000000 0.0095591 0.0226263 0.0078542 2.5358766 0.0043576 0.0081997 0.0078542 0.0114301 0.0052329 0.0052329 0.0726202 0.0271036 
353379_Skagit_River            0.0076407 0.0076407 0.0095591 0.0000000 0.0188749 0.0019044 3.3883550 0.0076428 0.0022734 0.0019044 0.0125247 0.0086048 0.0086048 0.0781655 0.0277606 
353381_Dungeness_River         0.0204510 0.0204510 0.0226263 0.0188749 0.0000000 0.0258993 4.1448540 0.0226352 0.0317461 0.0258993 0.0292553 0.0237341 0.0237341 0.0768782 0.0293499 
353401_Peace_River             0.0052299 0.0052299 0.0078542 0.0019044 0.0258993 0.0000000 2.4975827 0.0052312 0.0000010 0.0000010 0.0114300 0.0061074 0.0061074 0.0726131 0.0252727 
353407_Noatok                  2.5068768 2.5068768 2.5358766 3.3883550 4.1448540 2.4975827 0.0000000 2.4749784 5.5840533 2.4975827 2.5529004 2.4749784 2.4749784 2.5022302 2.4856110 
353410_Horizon_Lake            0.0017410 0.0017410 0.0043576 0.0076428 0.0226352 0.0052312 2.4749784 0.0000000 0.0061458 0.0052312 0.0087841 0.0008700 0.0008700 0.0695984 0.0243683 
92319_Little_Lost              0.0061440 0.0061440 0.0081997 0.0022734 0.0317461 0.0000010 5.5840533 0.0061458 0.0000000 0.0000010 0.0134489 0.0071761 0.0071761 0.0810633 0.0298757 
94280_St_Joe                   0.0052299 0.0052299 0.0078542 0.0019044 0.0258993 0.0000010 2.4975827 0.0052312 0.0000010 0.0000000 0.0114300 0.0061074 0.0061074 0.0726131 0.0252727 
GCA016432855_Lake_Trout        0.0087819 0.0087819 0.0114301 0.0125247 0.0292553 0.0114300 2.5529004 0.0087841 0.0134489 0.0114300 0.0000000 0.0096694 0.0096694 0.0699413 0.0225302 
GCA036784925_Maine_S_alpinus   0.0026133 0.0026133 0.0052329 0.0086048 0.0237341 0.0061074 2.4749784 0.0008700 0.0071761 0.0061074 0.0096694 0.0000000 0.0000010 0.0706365 0.0252895 
GCA045679555_Iceland_A_alpinus 0.0026133 0.0026133 0.0052329 0.0086048 0.0237341 0.0061074 2.4749784 0.0008700 0.0071761 0.0061074 0.0096694 0.0000010 0.0000000 0.0706365 0.0252895 
GCF013265735_Rainbow_Trout     0.0695788 0.0695788 0.0726202 0.0781655 0.0768782 0.0726131 2.5022302 0.0695984 0.0810633 0.0726131 0.0699413 0.0706365 0.0706365 0.0000000 0.0496609 
GCF029448725_Brook_Trout       0.0243619 0.0243619 0.0271036 0.0277606 0.0293499 0.0252727 2.4856110 0.0243683 0.0298757 0.0252727 0.0225302 0.0252895 0.0252895 0.0496609 0.0000000 
