17
251140_Ward_Creek              0.0000000 0.0000010 0.0061899 0.0061899 0.0061788 0.0061899 0.4848672 0.0061899 0.4848672 0.3963095 0.4314867 0.4572500 0.0378162 0.4314867 0.4314867 0.1117118 0.5312395 
260512_Pybus_Point             0.0000010 0.0000000 0.0063157 0.0063157 0.0063044 0.0063157 0.5091293 0.0063157 0.5091293 0.4151557 0.4527638 0.4799004 0.0385966 0.4527638 0.4527638 0.1142757 0.5620602 
261935_Kenai_River             0.0061899 0.0063157 0.0000000 0.0000010 0.0088398 0.0000010 0.4572500 0.0000010 0.4572500 0.3708024 0.4047667 0.1938140 0.0235638 0.1830433 0.4047667 0.1218733 0.4989882 
353213_Cropley_Lake            0.0061899 0.0063157 0.0000010 0.0000000 0.0088398 0.0000010 0.4572500 0.0000010 0.4572500 0.3708024 0.4047667 0.1938140 0.0235638 0.1830433 0.4047667 0.1218733 0.4989882 
353219_Peterson_Creek          0.0061788 0.0063044 0.0088398 0.0088398 0.0000000 0.0124108 0.5130232 0.0124108 0.5130232 0.4222966 0.4587365 0.2159279 0.0331075 0.2050117 0.4587365 0.1330168 0.5642064 
353220_Fish_Creek              0.0061899 0.0063157 0.0000010 0.0000010 0.0124108 0.0000000 0.4572500 0.0000010 0.4572500 0.3708024 0.4047667 0.4301603 0.0314374 0.4047667 0.4047667 0.1044450 0.4989882 
353379_Skagit_River            0.4848672 0.5091293 0.4572500 0.4572500 0.5130232 0.4572500 0.0000000 0.3378579 0.0000010 0.0412958 0.0560071 0.0134365 0.6177231 0.0560071 0.0560071 1.3564546 0.0930624 
353381_Dungeness_River         0.0061899 0.0063157 0.0000010 0.0000010 0.0124108 0.0000010 0.3378579 0.0000000 0.3378579 0.2774824 0.3003290 0.3186896 0.0314374 0.3003290 0.3003290 0.1044450 0.3548102 
353401_Peace_River             0.4848672 0.5091293 0.4572500 0.4572500 0.5130232 0.4572500 0.0000010 0.3378579 0.0000000 0.0412958 0.0560071 0.0134365 0.6177231 0.0560071 0.0560071 1.3564546 0.0930624 
353407_Noatok                  0.3963095 0.4151557 0.3708024 0.3708024 0.4222966 0.3708024 0.0412958 0.2774824 0.0412958 0.0000000 0.0136259 0.0273813 0.5162999 0.0136259 0.0136259 1.1477028 0.0451551 
353410_Horizon_Lake            0.4314867 0.4527638 0.4047667 0.4047667 0.4587365 0.4047667 0.0560071 0.3003290 0.0560071 0.0136259 0.0000000 0.0417712 0.5586268 0.0000010 0.0000010 1.2581969 0.0613414 
92319_Little_Lost              0.4572500 0.4799004 0.1938140 0.1938140 0.2159279 0.4301603 0.0134365 0.3186896 0.0134365 0.0273813 0.0417712 0.0000000 0.2524261 0.0240026 0.0417712 0.5755998 0.0770747 
GCA016432855_Lake_Trout        0.0378162 0.0385966 0.0235638 0.0235638 0.0331075 0.0314374 0.6177231 0.0314374 0.6177231 0.5162999 0.5586268 0.2524261 0.0000000 0.2411557 0.5586268 0.1506978 0.6897804 
GCA036784925_Maine_S_alpinus   0.4314867 0.4527638 0.1830433 0.1830433 0.2050117 0.4047667 0.0560071 0.3003290 0.0560071 0.0136259 0.0000010 0.0240026 0.2411557 0.0000000 0.0000010 0.5596203 0.0613414 
GCA045679555_Iceland_A_alpinus 0.4314867 0.4527638 0.4047667 0.4047667 0.4587365 0.4047667 0.0560071 0.3003290 0.0560071 0.0136259 0.0000010 0.0417712 0.5586268 0.0000010 0.0000000 1.2581969 0.0613414 
GCF013265735_Rainbow_Trout     0.1117118 0.1142757 0.1218733 0.1218733 0.1330168 0.1044450 1.3564546 0.1044450 1.3564546 1.1477028 1.2581969 0.5755998 0.1506978 0.5596203 1.2581969 0.0000000 1.4036007 
GCF029448725_Brook_Trout       0.5312395 0.5620602 0.4989882 0.4989882 0.5642064 0.4989882 0.0930624 0.3548102 0.0930624 0.0451551 0.0613414 0.0770747 0.6897804 0.0613414 0.0613414 1.4036007 0.0000000 
