19
251140_Ward_Creek              0.0000000 0.0164835 0.0873771 0.2267018 0.1631597 1.1849656 0.0164835 0.0873771 0.6195576 0.0873771 0.2477936 0.1456244 0.1456244 0.0889205 0.9251681 0.1246125 0.1246125 1.2301694 0.2477936 
260512_Pybus_Point             0.0164835 0.0000000 0.1058301 0.2477936 0.1437232 1.1408141 0.0000010 0.1058301 0.6195576 0.1058301 0.2691920 0.1653843 0.1653843 0.1077168 0.9251681 0.1437232 0.1437232 1.2301694 0.2691920 
261935_Kenai_River             0.0873771 0.1058301 0.0000000 0.2059297 0.2735569 1.0904199 0.1058301 0.1881469 0.6749151 0.1881469 0.2267018 0.2557493 0.1262117 0.1917380 1.1260700 0.2301602 0.2301602 1.4039263 0.3708106 
353213_Cropley_Lake            0.2267018 0.2477936 0.2059297 0.0000000 0.0848942 1.3087488 0.2477936 0.1230587 1.0402414 0.1230587 0.0162184 0.1437232 0.0676884 0.1252402 0.9811921 0.1230587 0.1230587 1.2310823 0.3293840 
353219_Peterson_Creek          0.1631597 0.1437232 0.2735569 0.0848942 0.0000000 1.5053508 0.1437232 0.0676884 1.0402414 0.0676884 0.1027723 0.1230587 0.1230587 0.0688436 0.8388259 0.1033002 0.1033002 1.0936644 0.2609720 
353220_Fish_Creek              1.1849656 1.1408141 1.0904199 1.3087488 1.5053508 0.0000000 1.1408141 1.4528013 4.2164109 1.4528013 1.3433673 1.7332469 1.0896360 1.5472651 2.9317930 1.5053508 1.5053508 3.4985785 1.7137951 
353246_Cottonwood_Creek        0.0164835 0.0000010 0.1058301 0.2477936 0.1437232 1.1408141 0.0000000 0.1058301 0.6195576 0.1058301 0.2691920 0.1653843 0.1653843 0.1077168 0.9251681 0.1437232 0.1437232 1.2301694 0.2691920 
353379_Skagit_River            0.0873771 0.1058301 0.1881469 0.1230587 0.0676884 1.4528013 0.1058301 0.0000000 0.8936724 0.0000010 0.1418785 0.0508845 0.0508845 0.0000010 0.8034516 0.0332575 0.0332575 1.0642205 0.2201559 
353381_Dungeness_River         0.6195576 0.6195576 0.6749151 1.0402414 1.0402414 4.2164109 0.6195576 0.8936724 0.0000000 0.8936724 1.0811821 1.0265151 0.8936724 0.9373176 0.3538441 0.8936724 0.8936724 0.5264114 1.2353317 
353401_Peace_River             0.0873771 0.1058301 0.1881469 0.1230587 0.0676884 1.4528013 0.1058301 0.0000010 0.8936724 0.0000000 0.1418785 0.0508845 0.0508845 0.0000010 0.8034516 0.0332575 0.0332575 1.0642205 0.2201559 
353407_Noatok                  0.2477936 0.2691920 0.2267018 0.0162184 0.1027723 1.3433673 0.2691920 0.1418785 1.0811821 0.1418785 0.0000000 0.1631597 0.0853465 0.1444138 1.0119030 0.1418785 0.1418785 1.2522792 0.3512753 
353410_Horizon_Lake            0.1456244 0.1653843 0.2557493 0.1437232 0.1230587 1.7332469 0.1653843 0.0508845 1.0265151 0.0508845 0.1631597 0.0000000 0.1058301 0.0517559 0.9144387 0.0166561 0.0166561 1.1829809 0.2440444 
92319_Little_Lost              0.1456244 0.1653843 0.1262117 0.0676884 0.1230587 1.0896360 0.1653843 0.0508845 0.8936724 0.0508845 0.0853465 0.1058301 0.0000000 0.0517559 0.9486907 0.0863487 0.0863487 1.2080419 0.2862231 
94280_St_Joe                   0.0889205 0.1077168 0.1917380 0.1252402 0.0688436 1.5472651 0.1077168 0.0000010 0.9373176 0.0000010 0.1444138 0.0517559 0.0517559 0.0000000 0.8282401 0.0338164 0.0338164 1.0956461 0.2241990 
GCA016432855_Lake_Trout        0.9251681 0.9251681 1.1260700 0.9811921 0.8388259 2.9317930 0.9251681 0.8034516 0.3538441 0.8034516 1.0119030 0.9144387 0.9486907 0.8282401 0.0000000 0.8388259 0.8388259 0.5104125 0.6652640 
GCA036784925_Maine_S_alpinus   0.1246125 0.1437232 0.2301602 0.1230587 0.1033002 1.5053508 0.1437232 0.0332575 0.8936724 0.0332575 0.1418785 0.0166561 0.0863487 0.0338164 0.8388259 0.0000000 0.0000010 1.0936644 0.2201559 
GCA045679555_Iceland_A_alpinus 0.1246125 0.1437232 0.2301602 0.1230587 0.1033002 1.5053508 0.1437232 0.0332575 0.8936724 0.0332575 0.1418785 0.0166561 0.0863487 0.0338164 0.8388259 0.0000010 0.0000000 1.0936644 0.2201559 
GCF013265735_Rainbow_Trout     1.2301694 1.2301694 1.4039263 1.2310823 1.0936644 3.4985785 1.2301694 1.0642205 0.5264114 1.0642205 1.2522792 1.1829809 1.2080419 1.0956461 0.5104125 1.0936644 1.0936644 0.0000000 1.2080419 
GCF029448725_Brook_Trout       0.2477936 0.2691920 0.3708106 0.3293840 0.2609720 1.7137951 0.2691920 0.2201559 1.2353317 0.2201559 0.3512753 0.2440444 0.2862231 0.2241990 0.6652640 0.2201559 0.2201559 1.2080419 0.0000000 
