18
251140_Ward_Creek              0.0000000 0.3738457 0.0303739 0.3679540 0.2695664 0.2695664 0.3301187 0.4266624 0.2276524 0.4266624 0.3245543 0.3994442 0.5399689 0.4537181 0.3279120 0.3541793 2.4148067 0.5148238 
260512_Pybus_Point             0.3738457 0.0000000 0.3941947 0.0460735 0.0138550 0.0138550 0.0387748 0.0958798 0.4080519 0.0958798 0.0351412 0.0822894 0.1846806 0.4006097 0.0532547 0.0604908 3.7959948 0.2211961 
261935_Kenai_River             0.0303739 0.3941947 0.0000000 0.3856039 0.3518726 0.3518726 0.3349705 0.4410894 0.2055866 0.4410894 0.3289222 0.3990704 0.5878028 0.4633885 0.3223359 0.3502664 2.5813482 0.6213702 
353213_Cropley_Lake            0.3679540 0.0460735 0.3856039 0.0000000 0.0443466 0.0443466 0.0709407 0.1254014 0.2616101 0.1254014 0.0675222 0.1087576 0.2270826 0.3966204 0.0810128 0.0876717 3.3895224 0.2442699 
353219_Peterson_Creek          0.2695664 0.0138550 0.3518726 0.0443466 0.0000000 0.0000010 0.0442179 0.0916850 0.3584074 0.0916850 0.0411635 0.0773030 0.1487972 0.3455756 0.0532996 0.0593326 2.8123150 0.1794060 
353220_Fish_Creek              0.2695664 0.0138550 0.3518726 0.0443466 0.0000010 0.0000000 0.0442179 0.0916850 0.3584074 0.0916850 0.0411635 0.0773030 0.1487972 0.3455756 0.0532996 0.0593326 2.8123150 0.1794060 
353246_Cottonwood_Creek        0.3301187 0.0387748 0.3349705 0.0709407 0.0442179 0.0442179 0.0000000 0.0587745 0.3454566 0.0587745 0.0028665 0.0485653 0.1058628 0.2993850 0.0261828 0.0320607 2.7598212 0.1981136 
353379_Skagit_River            0.4266624 0.0958798 0.4410894 0.1254014 0.0916850 0.0916850 0.0587745 0.0000000 0.4515190 0.0000010 0.0555297 0.0775240 0.0105079 0.3455502 0.0524848 0.0555943 3.0349977 0.2313867 
353381_Dungeness_River         0.2276524 0.4080519 0.2055866 0.2616101 0.3584074 0.3584074 0.3454566 0.4515190 0.0000000 0.4515190 0.3386365 0.4320266 1.3255407 0.5367624 0.3417855 0.3747606 4.0086650 0.6717196 
353401_Peace_River             0.4266624 0.0958798 0.4410894 0.1254014 0.0916850 0.0916850 0.0587745 0.0000010 0.4515190 0.0000000 0.0555297 0.0775240 0.0105079 0.3455502 0.0524848 0.0555943 3.0349977 0.2313867 
353407_Noatok                  0.3245543 0.0351412 0.3289222 0.0675222 0.0411635 0.0411635 0.0028665 0.0555297 0.3386365 0.0555297 0.0000000 0.0454091 0.0997917 0.2940941 0.0232149 0.0290724 2.7222305 0.1942748 
353410_Horizon_Lake            0.3994442 0.0822894 0.3990704 0.1087576 0.0773030 0.0773030 0.0485653 0.0775240 0.4320266 0.0775240 0.0454091 0.0000000 0.1448294 0.3337686 0.0331350 0.0392350 2.9989749 0.2166129 
92319_Little_Lost              0.5399689 0.1846806 0.5878028 0.2270826 0.1487972 0.1487972 0.1058628 0.0105079 1.3255407 0.0105079 0.0997917 0.1448294 0.0000000 0.7070168 0.0883997 0.0941885 3.5659289 0.4263675 
GCA016432855_Lake_Trout        0.4537181 0.4006097 0.4633885 0.3966204 0.3455756 0.3455756 0.2993850 0.3455502 0.5367624 0.3455502 0.2940941 0.3337686 0.7070168 0.0000000 0.2732893 0.2940941 2.4639352 0.2650030 
GCA036784925_Maine_S_alpinus   0.3279120 0.0532547 0.3223359 0.0810128 0.0532996 0.0532996 0.0261828 0.0524848 0.3417855 0.0524848 0.0232149 0.0331350 0.0883997 0.2732893 0.0000000 0.0115159 2.5208836 0.1874428 
GCA045679555_Iceland_A_alpinus 0.3541793 0.0604908 0.3502664 0.0876717 0.0593326 0.0593326 0.0320607 0.0555943 0.3747606 0.0555943 0.0290724 0.0392350 0.0941885 0.2940941 0.0115159 0.0000000 2.7222305 0.1942748 
GCF013265735_Rainbow_Trout     2.4148067 3.7959948 2.5813482 3.3895224 2.8123150 2.8123150 2.7598212 3.0349977 4.0086650 3.0349977 2.7222305 2.9989749 3.5659289 2.4639352 2.5208836 2.7222305 0.0000000 2.5588698 
GCF029448725_Brook_Trout       0.5148238 0.2211961 0.6213702 0.2442699 0.1794060 0.1794060 0.1981136 0.2313867 0.6717196 0.2313867 0.1942748 0.2166129 0.4263675 0.2650030 0.1874428 0.1942748 2.5588698 0.0000000 
