13
251140_Ward_Creek          0.0000000 0.0000010 0.0319238 0.1001060 0.0000010 0.0652591 0.0319238 0.1430847 0.1001060 0.1405826 0.7081983 0.1405826 0.0652591 
260512_Pybus_Point         0.0000010 0.0000000 0.0319238 0.1001060 0.0000010 0.0652591 0.0319238 0.1430847 0.1001060 0.1405826 0.7081983 0.1405826 0.0652591 
353213_Cropley_Lake        0.0319238 0.0319238 0.0000000 0.1365701 0.0447946 0.1001060 0.0652591 0.1971545 0.1365701 0.1801158 0.7813905 0.1801158 0.1001060 
353379_Skagit_River        0.1001060 0.1001060 0.1365701 0.0000000 0.0923968 0.0319238 0.1365701 0.0447946 0.0000010 0.1801158 0.9328153 0.1801158 0.0319238 
353381_Dungeness_River     0.0000010 0.0000010 0.0447946 0.0923968 0.0000000 0.0447946 0.0447946 0.1430847 0.0923968 0.1490490 1.2153503 0.1490490 0.0447946 
353401_Peace_River         0.0652591 0.0652591 0.1001060 0.0319238 0.0447946 0.0000000 0.1001060 0.0923968 0.0319238 0.1405826 0.8565638 0.1405826 0.0000010 
353410_Horizon_Lake        0.0319238 0.0319238 0.0652591 0.1365701 0.0447946 0.1001060 0.0000000 0.1971545 0.1365701 0.1801158 0.7813905 0.1801158 0.1001060 
92319_Little_Lost          0.1430847 0.1430847 0.1971545 0.0447946 0.1430847 0.0923968 0.1971545 0.0000000 0.0447946 0.3325962 1.5145452 0.3325962 0.0923968 
94280_St_Joe               0.1001060 0.1001060 0.1365701 0.0000010 0.0923968 0.0319238 0.1365701 0.0447946 0.0000000 0.1801158 0.9328153 0.1801158 0.0319238 
GCA016432855_Lake_Trout    0.1405826 0.1405826 0.1801158 0.1801158 0.1490490 0.1405826 0.1801158 0.3325962 0.1801158 0.0000000 0.7508348 0.2290463 0.1405826 
GCF013265735_Rainbow_Trout 0.7081983 0.7081983 0.7813905 0.9328153 1.2153503 0.8565638 0.7813905 1.5145452 0.9328153 0.7508348 0.0000000 1.0802957 0.8565638 
GCF029448725_Brook_Trout   0.1405826 0.1405826 0.1801158 0.1801158 0.1490490 0.1405826 0.1801158 0.3325962 0.1801158 0.2290463 1.0802957 0.0000000 0.1405826 
Methow_River_99895         0.0652591 0.0652591 0.1001060 0.0319238 0.0447946 0.0000010 0.1001060 0.0923968 0.0319238 0.1405826 0.8565638 0.1405826 0.0000000 
