16
251140_Ward_Creek              0.0000000 8.9999988 8.9999988 5.3446487 3.0829423 0.6839350 2.9419685 5.3446487 0.3792622 3.2769840 2.9419685 2.9420505 8.9999984 1.1284720 1.9188380 1.2491690 
260512_Pybus_Point             8.9999988 0.0000000 0.0000010 0.0389055 0.4907095 8.9999988 0.5463941 0.0389055 8.9999989 0.6719444 0.5463941 0.3655550 0.8526369 8.9999988 2.7360093 2.9395026 
261935_Kenai_River             8.9999988 0.0000010 0.0000000 0.0389055 0.4907095 8.9999988 0.5463941 0.0389055 8.9999989 0.6719444 0.5463941 0.3655550 0.8526369 8.9999988 2.7360093 2.9395026 
353246_Cottonwood_Creek        5.3446487 0.0389055 0.0389055 0.0000000 0.5463941 8.9999988 0.6015873 0.0000010 8.9999990 0.7353355 0.6015873 0.4173845 0.9415869 8.9999984 2.7694703 2.8643095 
353379_Skagit_River            3.0829423 0.4907095 0.4907095 0.5463941 0.0000000 5.8765988 0.0389055 0.5463941 3.8935262 0.0463717 0.0389055 0.1697373 1.6553666 4.2988044 2.9321672 3.3955520 
353381_Dungeness_River         0.6839350 8.9999988 8.9999988 8.9999988 5.8765988 0.0000000 4.9290095 8.9999988 0.0770464 6.2372541 4.9290095 5.7062495 8.9999986 2.9304890 1.9307707 1.1579986 
353401_Peace_River             2.9419685 0.5463941 0.5463941 0.6015873 0.0389055 4.9290095 0.0000000 0.6015873 3.6532568 0.0000010 0.0000010 0.2164768 1.6620677 4.0152303 2.8914168 3.2487075 
353407_Noatok                  5.3446487 0.0389055 0.0389055 0.0000010 0.5463941 8.9999988 0.6015873 0.0000000 8.9999990 0.7353355 0.6015873 0.4173845 0.9415869 8.9999984 2.7694703 2.8643095 
353410_Horizon_Lake            0.3792622 8.9999989 8.9999989 8.9999990 3.8935262 0.0770464 3.6532568 8.9999990 0.0000000 4.0587432 3.6532568 3.7831307 8.9999985 1.4028979 1.7941263 0.8984658 
92319_Little_Lost              3.2769840 0.6719444 0.6719444 0.7353355 0.0463717 6.2372541 0.0000010 0.7353355 4.0587432 0.0000000 0.0000010 0.2634122 1.9103298 4.4111603 2.9961424 3.5430168 
94280_St_Joe                   2.9419685 0.5463941 0.5463941 0.6015873 0.0389055 4.9290095 0.0000010 0.6015873 3.6532568 0.0000010 0.0000000 0.2164768 1.6620677 4.0152303 2.8914168 3.2487075 
GCA016432855_Lake_Trout        2.9420505 0.3655550 0.3655550 0.4173845 0.1697373 5.7062495 0.2164768 0.4173845 3.7831307 0.2634122 0.2164768 0.0000000 1.4645426 4.2037915 2.8887610 3.7003251 
GCA036784925_Maine_S_alpinus   8.9999984 0.8526369 0.8526369 0.9415869 1.6553666 8.9999986 1.6620677 0.9415869 8.9999985 1.9103298 1.6620677 1.4645426 0.0000000 8.9999981 3.0870530 3.6521673 
GCA045679555_Iceland_A_alpinus 1.1284720 8.9999988 8.9999988 8.9999984 4.2988044 2.9304890 4.0152303 8.9999984 1.4028979 4.4111603 4.0152303 4.2037915 8.9999981 0.0000000 2.1567471 1.7765072 
GCF013265735_Rainbow_Trout     1.9188380 2.7360093 2.7360093 2.7694703 2.9321672 1.9307707 2.8914168 2.7694703 1.7941263 2.9961424 2.8914168 2.8887610 3.0870530 2.1567471 0.0000000 1.8604102 
GCF029448725_Brook_Trout       1.2491690 2.9395026 2.9395026 2.8643095 3.3955520 1.1579986 3.2487075 2.8643095 0.8984658 3.5430168 3.2487075 3.7003251 3.6521673 1.7765072 1.8604102 0.0000000 
