15
251140_Ward_Creek              0.0000000 0.0000010 0.0139111 0.0619404 0.0076471 0.0591664 0.0119504 0.0099488 0.0619404 0.0591664 0.0200346 0.0139555 0.0119504 0.0820454 0.0325797 
260512_Pybus_Point             0.0000010 0.0000000 0.0139111 0.0619404 0.0076471 0.0591664 0.0119504 0.0099488 0.0619404 0.0591664 0.0200346 0.0139555 0.0119504 0.0820454 0.0325797 
353246_Cottonwood_Creek        0.0139111 0.0139111 0.0000000 0.0281565 0.1395120 0.0245933 0.0104153 0.0069315 0.0281565 0.0245933 0.0245120 0.0139111 0.0104153 0.1211376 0.0498866 
353379_Skagit_River            0.0619404 0.0619404 0.0281565 0.0000000 0.1976367 0.0024966 0.0507617 0.0535057 0.0000010 0.0024966 0.0479643 0.0590159 0.0562571 0.1309522 0.0786222 
353381_Dungeness_River         0.0076471 0.0076471 0.1395120 0.1976367 0.0000000 0.1889376 0.0310564 0.0271208 0.1976367 0.1889376 0.0471254 0.0350066 0.0310564 0.1630694 0.0864121 
353401_Peace_River             0.0591664 0.0591664 0.0245933 0.0024966 0.1889376 0.0000000 0.0480249 0.0507617 0.0024966 0.0000010 0.0452391 0.0562571 0.0535057 0.1279163 0.0752206 
353407_Noatok                  0.0119504 0.0119504 0.0104153 0.0507617 0.0310564 0.0480249 0.0000000 0.0019777 0.0507617 0.0480249 0.0119504 0.0059463 0.0039603 0.0731711 0.0277995 
353410_Horizon_Lake            0.0099488 0.0099488 0.0069315 0.0535057 0.0271208 0.0507617 0.0019777 0.0000000 0.0535057 0.0507617 0.0139555 0.0039603 0.0019777 0.0753419 0.0301512 
92319_Little_Lost              0.0619404 0.0619404 0.0281565 0.0000010 0.1976367 0.0024966 0.0507617 0.0535057 0.0000000 0.0024966 0.0479643 0.0590159 0.0562571 0.1309522 0.0786222 
94280_St_Joe                   0.0591664 0.0591664 0.0245933 0.0024966 0.1889376 0.0000010 0.0480249 0.0507617 0.0024966 0.0000000 0.0452391 0.0562571 0.0535057 0.1279163 0.0752206 
GCA016432855_Lake_Trout        0.0200346 0.0200346 0.0245120 0.0479643 0.0471254 0.0452391 0.0119504 0.0139555 0.0479643 0.0452391 0.0000000 0.0179792 0.0159655 0.0710046 0.0230624 
GCA036784925_Maine_S_alpinus   0.0139555 0.0139555 0.0139111 0.0590159 0.0350066 0.0562571 0.0059463 0.0039603 0.0590159 0.0562571 0.0179792 0.0000000 0.0019777 0.0796974 0.0348708 
GCA045679555_Iceland_A_alpinus 0.0119504 0.0119504 0.0104153 0.0562571 0.0310564 0.0535057 0.0039603 0.0019777 0.0562571 0.0535057 0.0159655 0.0019777 0.0000000 0.0775173 0.0325083 
GCF013265735_Rainbow_Trout     0.0820454 0.0820454 0.1211376 0.1309522 0.1630694 0.1279163 0.0731711 0.0753419 0.1309522 0.1279163 0.0710046 0.0796974 0.0775173 0.0000000 0.0797505 
GCF029448725_Brook_Trout       0.0325797 0.0325797 0.0498866 0.0786222 0.0864121 0.0752206 0.0277995 0.0301512 0.0786222 0.0752206 0.0230624 0.0348708 0.0325083 0.0797505 0.0000000 
