20
251140_Ward_Creek              0.0000000 0.0031247 0.0207463 0.0015475 0.0047158 0.0663255 0.0015478 0.0535695 0.0596521 0.0450869 0.0431282 0.0121937 0.0451701 0.0415711 0.0446056 0.0121942 0.0139053 0.3104452 0.0725621 0.0549145 
260512_Pybus_Point             0.0031247 0.0000000 0.0164955 0.0013401 0.0057473 0.0558922 0.0015526 0.0505845 0.0477473 0.0433751 0.0605598 0.0124667 0.0502229 0.0403672 0.0422126 0.0124671 0.0138479 0.2856005 0.0650556 0.0517167 
261935_Kenai_River             0.0207463 0.0164955 0.0000000 0.0164955 0.0179624 0.1624603 0.0207463 0.0691259 0.0416478 0.0848664 0.1208643 0.0223277 0.0823633 0.0709422 0.0780591 0.0253776 0.0284847 0.4855009 0.1076776 0.0715252 
353213_Cropley_Lake            0.0015475 0.0013401 0.0164955 0.0000000 0.0040627 0.0531047 0.0015477 0.0484716 0.0474361 0.0413244 0.0603904 0.0119128 0.0475940 0.0383106 0.0400665 0.0119132 0.0133857 0.2802794 0.0625786 0.0495869 
353219_Peterson_Creek          0.0047158 0.0057473 0.0179624 0.0040627 0.0000000 0.0558932 0.0047162 0.0463928 0.0466306 0.0383634 0.0618176 0.0090962 0.0438159 0.0353423 0.0367346 0.0118114 0.0104475 0.2800061 0.0604484 0.0474911 
353220_Fish_Creek              0.0663255 0.0558922 0.1624603 0.0531047 0.0558932 0.0000000 0.0663260 0.1271973 0.1399426 0.1174869 0.0882991 0.0696013 0.1543091 0.1154650 0.1142895 0.0720380 0.0720380 0.4211584 0.1597574 0.1289795 
353246_Cottonwood_Creek        0.0015478 0.0015526 0.0207463 0.0015477 0.0047162 0.0663260 0.0000000 0.0559502 0.0596521 0.0474010 0.0431246 0.0139044 0.0476011 0.0439038 0.0468043 0.0139049 0.0156369 0.3149438 0.0754371 0.0573151 
353379_Skagit_River            0.0535695 0.0505845 0.0691259 0.0484716 0.0463928 0.1271973 0.0559502 0.0000000 0.0542644 0.0193907 0.0914806 0.0439787 0.0232249 0.0172711 0.0681990 0.0459174 0.0459201 0.3152143 0.0979128 0.0006755 
353381_Dungeness_River         0.0596521 0.0477473 0.0416478 0.0474361 0.0466306 0.1399426 0.0596521 0.0542644 0.0000000 0.0692233 0.1528436 0.0493881 0.0913941 0.0654404 0.0901714 0.0520149 0.0520184 0.4176799 0.1314104 0.0558391 
353401_Peace_River             0.0450869 0.0433751 0.0848664 0.0413244 0.0383634 0.1174869 0.0474010 0.0193907 0.0692233 0.0000000 0.0635737 0.0359743 0.0035546 0.0068416 0.0584225 0.0378549 0.0378576 0.2951794 0.0861699 0.0185108 
353407_Noatok                  0.0431282 0.0605598 0.1208643 0.0603904 0.0618176 0.0882991 0.0431246 0.0914806 0.1528436 0.0635737 0.0000000 0.0559587 0.0403836 0.0714538 0.0903584 0.0523305 0.0547424 0.3653266 0.1066599 0.0931491 
353410_Horizon_Lake            0.0121937 0.0124667 0.0223277 0.0119128 0.0090962 0.0696013 0.0139044 0.0439787 0.0493881 0.0359743 0.0559587 0.0000000 0.0408305 0.0329216 0.0360418 0.0037767 0.0025056 0.2761743 0.0596337 0.0450647 
92319_Little_Lost              0.0451701 0.0502229 0.0823633 0.0475940 0.0438159 0.1543091 0.0476011 0.0232249 0.0913941 0.0035546 0.0403836 0.0408305 0.0000000 0.0069815 0.0667276 0.0432139 0.0432172 0.3538969 0.0931978 0.0221044 
94280_St_Joe                   0.0415711 0.0403672 0.0709422 0.0383106 0.0353423 0.1154650 0.0439038 0.0172711 0.0654404 0.0068416 0.0714538 0.0329216 0.0069815 0.0000000 0.0477245 0.0277577 0.0277600 0.2901269 0.0751308 0.0181609 
GCA016432855_Lake_Trout        0.0446056 0.0422126 0.0780591 0.0400665 0.0367346 0.1142895 0.0468043 0.0681990 0.0901714 0.0584225 0.0903584 0.0360418 0.0667276 0.0477245 0.0000000 0.0344193 0.0327217 0.2632983 0.0327044 0.0694538 
GCA036784925_Maine_S_alpinus   0.0121942 0.0124671 0.0253776 0.0119132 0.0118114 0.0720380 0.0139049 0.0459174 0.0520149 0.0378549 0.0523305 0.0037767 0.0432139 0.0277577 0.0344193 0.0000000 0.0011994 0.2534115 0.0543725 0.0470177 
GCA045679555_Iceland_A_alpinus 0.0139053 0.0138479 0.0284847 0.0133857 0.0104475 0.0720380 0.0156369 0.0459201 0.0520184 0.0378576 0.0547424 0.0025056 0.0432172 0.0277600 0.0327217 0.0011994 0.0000000 0.2534181 0.0543713 0.0470204 
GCF013265735_Rainbow_Trout     0.3104452 0.2856005 0.4855009 0.2802794 0.2800061 0.4211584 0.3149438 0.3152143 0.4176799 0.2951794 0.3653266 0.2761743 0.3538969 0.2901269 0.2632983 0.2534115 0.2534181 0.0000000 0.2702208 0.3170940 
GCF029448725_Brook_Trout       0.0725621 0.0650556 0.1076776 0.0625786 0.0604484 0.1597574 0.0754371 0.0979128 0.1314104 0.0861699 0.1066599 0.0596337 0.0931978 0.0751308 0.0327044 0.0543725 0.0543713 0.2702208 0.0000000 0.0994616 
Methow_River_99895             0.0549145 0.0517167 0.0715252 0.0495869 0.0474911 0.1289795 0.0573151 0.0006755 0.0558391 0.0185108 0.0931491 0.0450647 0.0221044 0.0181609 0.0694538 0.0470177 0.0470204 0.3170940 0.0994616 0.0000000 
