16
251140_Ward_Creek              0.0000000 0.0027861 0.0027861 0.0000010 0.0000010 0.0000010 0.0101567 0.0051423 0.0000010 0.0106789 0.0000010 0.0000010 0.0027811 0.0000010 0.0625208 0.0188400 
260512_Pybus_Point             0.0027861 0.0000000 0.0000010 0.0027861 0.0050421 0.0050421 0.0101567 0.0129808 0.0032485 0.0106789 0.0025136 0.0032485 0.0050342 0.0025136 0.0618383 0.0197878 
261935_Kenai_River             0.0027861 0.0000010 0.0000000 0.0027861 0.0050421 0.0050421 0.0101567 0.0129808 0.0032485 0.0106789 0.0025136 0.0032485 0.0050342 0.0025136 0.0618383 0.0197878 
353219_Peterson_Creek          0.0000010 0.0027861 0.0027861 0.0000000 0.0000010 0.0000010 0.0101567 0.0051423 0.0000010 0.0106789 0.0000010 0.0000010 0.0027811 0.0000010 0.0625208 0.0188400 
353220_Fish_Creek              0.0000010 0.0050421 0.0050421 0.0000010 0.0000000 0.0000010 0.0101567 0.0042828 0.0032485 0.0106789 0.0025136 0.0032485 0.0050342 0.0025136 0.0618383 0.0197878 
353246_Cottonwood_Creek        0.0000010 0.0050421 0.0050421 0.0000010 0.0000010 0.0000000 0.0101567 0.0042828 0.0032485 0.0106789 0.0025136 0.0032485 0.0050342 0.0025136 0.0618383 0.0197878 
353379_Skagit_River            0.0101567 0.0101567 0.0101567 0.0101567 0.0101567 0.0101567 0.0000000 0.0872980 0.0101567 0.0310122 0.0101567 0.0101567 0.0204254 0.0101567 0.1688329 0.0639520 
353381_Dungeness_River         0.0051423 0.0129808 0.0129808 0.0051423 0.0042828 0.0042828 0.0872980 0.0000000 0.0086101 0.1381660 0.0086101 0.0086101 0.0129455 0.0086101 0.0928126 0.0307470 
353401_Peace_River             0.0000010 0.0032485 0.0032485 0.0000010 0.0032485 0.0032485 0.0101567 0.0086101 0.0000000 0.0205581 0.0000010 0.0000010 0.0032419 0.0000010 0.0577092 0.0164262 
353407_Noatok                  0.0106789 0.0106789 0.0106789 0.0106789 0.0106789 0.0106789 0.0310122 0.1381660 0.0205581 0.0000000 0.0106789 0.0205581 0.0160649 0.0106789 0.1825801 0.0755697 
353410_Horizon_Lake            0.0000010 0.0025136 0.0025136 0.0000010 0.0025136 0.0025136 0.0101567 0.0086101 0.0000010 0.0106789 0.0000000 0.0000010 0.0025097 0.0000010 0.0577092 0.0164262 
92319_Little_Lost              0.0000010 0.0032485 0.0032485 0.0000010 0.0032485 0.0032485 0.0101567 0.0086101 0.0000010 0.0205581 0.0000010 0.0000000 0.0032419 0.0000010 0.0577092 0.0164262 
GCA036784925_Maine_S_alpinus   0.0027811 0.0050342 0.0050342 0.0027811 0.0050342 0.0050342 0.0204254 0.0129455 0.0032419 0.0160649 0.0025097 0.0032419 0.0000000 0.0025097 0.0616863 0.0197467 
GCA045679555_Iceland_A_alpinus 0.0000010 0.0025136 0.0025136 0.0000010 0.0025136 0.0025136 0.0101567 0.0086101 0.0000010 0.0106789 0.0000010 0.0000010 0.0025097 0.0000000 0.0577092 0.0164262 
GCF013265735_Rainbow_Trout     0.0625208 0.0618383 0.0618383 0.0625208 0.0618383 0.0618383 0.1688329 0.0928126 0.0577092 0.1825801 0.0577092 0.0577092 0.0616863 0.0577092 0.0000000 0.0783502 
GCF029448725_Brook_Trout       0.0188400 0.0197878 0.0197878 0.0188400 0.0197878 0.0197878 0.0639520 0.0307470 0.0164262 0.0755697 0.0164262 0.0164262 0.0197467 0.0164262 0.0783502 0.0000000 
