15
251140_Ward_Creek              0.0000000 0.0271807 0.0000010 0.1139510 0.0552042 0.1139510 0.1802218 0.1447641 0.1447641 0.0542189 0.1765997 0.2139224 0.9176096 0.2435301 0.1476550 
260512_Pybus_Point             0.0271807 0.0000000 0.0271807 0.1476550 0.0267061 0.1476550 0.2185425 0.1802218 0.1802218 0.0841129 0.2139224 0.2543463 1.0192490 0.2849429 0.1840039 
261935_Kenai_River             0.0000010 0.0271807 0.0000000 0.1139510 0.0552042 0.1139510 0.1802218 0.1447641 0.1447641 0.0542189 0.1765997 0.2139224 0.9176096 0.2435301 0.1476550 
353379_Skagit_River            0.1139510 0.1476550 0.1139510 0.0000000 0.1802218 0.0000010 0.1840039 0.1476550 0.0267061 0.0552042 0.1802218 0.2185425 0.9538583 0.2488114 0.0271807 
353381_Dungeness_River         0.0552042 0.0267061 0.0552042 0.1802218 0.0000000 0.1802218 0.2543463 0.2139224 0.2139224 0.1139510 0.2488114 0.2914775 1.0854863 0.3223715 0.2185425 
353401_Peace_River             0.1139510 0.1476550 0.1139510 0.0000010 0.1802218 0.0000000 0.1840039 0.1476550 0.0267061 0.0552042 0.1802218 0.2185425 0.9538583 0.2488114 0.0271807 
353407_Noatok                  0.1802218 0.2185425 0.1802218 0.1840039 0.2543463 0.1840039 0.0000000 0.0271807 0.2185425 0.1161682 0.0552042 0.0857089 1.1339546 0.3299979 0.2233826 
353410_Horizon_Lake            0.1447641 0.1802218 0.1447641 0.1476550 0.2139224 0.1476550 0.0271807 0.0000000 0.1802218 0.0841129 0.0267061 0.0552042 1.0192490 0.2849429 0.1840039 
94280_St_Joe                   0.1447641 0.1802218 0.1447641 0.0267061 0.2139224 0.0267061 0.2185425 0.1802218 0.0000000 0.0841129 0.2139224 0.2543463 1.0192490 0.2849429 0.0552042 
GCA016432855_Lake_Trout        0.0542189 0.0841129 0.0542189 0.0552042 0.1139510 0.0552042 0.1161682 0.0841129 0.0841129 0.0000000 0.1139510 0.1476550 0.7976234 0.1765997 0.0857089 
GCA036784925_Maine_S_alpinus   0.1765997 0.2139224 0.1765997 0.1802218 0.2488114 0.1802218 0.0552042 0.0267061 0.2139224 0.1139510 0.0000000 0.0271807 1.0854863 0.3223715 0.2185425 
GCA045679555_Iceland_A_alpinus 0.2139224 0.2543463 0.2139224 0.2185425 0.2914775 0.2185425 0.0857089 0.0552042 0.2543463 0.1476550 0.0271807 0.0000000 1.2046595 0.3699667 0.2601559 
GCF013265735_Rainbow_Trout     0.9176096 1.0192490 0.9176096 0.9538583 1.0854863 0.9538583 1.1339546 1.0192490 1.0192490 0.7976234 1.0854863 1.2046595 0.0000000 1.0854863 1.0636067 
GCF029448725_Brook_Trout       0.2435301 0.2849429 0.2435301 0.2488114 0.3223715 0.2488114 0.3299979 0.2849429 0.2849429 0.1765997 0.3223715 0.3699667 1.0854863 0.0000000 0.2914775 
Methow_River_99895             0.1476550 0.1840039 0.1476550 0.0271807 0.2185425 0.0271807 0.2233826 0.1840039 0.0552042 0.0857089 0.2185425 0.2601559 1.0636067 0.2914775 0.0000000 
