9
251140_Ward_Creek          0.0000000 0.0000010 0.0101773 0.3073494 0.0101773 0.0102067 0.0033753 0.0417817 0.0033753 
260512_Pybus_Point         0.0000010 0.0000000 0.0101773 0.3073494 0.0101773 0.0102067 0.0033753 0.0417817 0.0033753 
353379_Skagit_River        0.0101773 0.0101773 0.0000000 0.5313757 0.0000010 0.0205697 0.0136037 0.0453818 0.0136037 
353381_Dungeness_River     0.3073494 0.3073494 0.5313757 0.0000000 0.5313757 0.6945335 0.5313757 1.6685913 0.5313757 
353401_Peace_River         0.0101773 0.0101773 0.0000010 0.5313757 0.0000000 0.0205697 0.0136037 0.0453818 0.0136037 
353407_Noatok              0.0102067 0.0102067 0.0205697 0.6945335 0.0205697 0.0000000 0.0136432 0.0527995 0.0136432 
GCA016432855_Lake_Trout    0.0033753 0.0033753 0.0136037 0.5313757 0.0136037 0.0136432 0.0000000 0.0453818 0.0000010 
GCF013265735_Rainbow_Trout 0.0417817 0.0417817 0.0453818 1.6685913 0.0453818 0.0527995 0.0453818 0.0000000 0.0453818 
GCF029448725_Brook_Trout   0.0033753 0.0033753 0.0136037 0.5313757 0.0136037 0.0136432 0.0000010 0.0453818 0.0000000 
