20
251140_Ward_Creek              0.0000000 0.0027348 0.0062583 0.0115018 0.0137457 0.0004693 0.0101066 0.0343870 0.0010438 0.0552531 0.0072833 0.0114790 0.0403808 0.0403808 0.0330098 0.0166298 0.0159800 0.0828152 0.0314512 0.0552531 
260512_Pybus_Point             0.0027348 0.0000000 0.0081836 0.0126618 0.0032937 0.0029202 0.0085480 0.0411386 0.0015440 0.0565198 0.0040840 0.0154056 0.0482496 0.0482496 0.0376728 0.0230802 0.0221832 0.0906793 0.0357171 0.0565198 
261935_Kenai_River             0.0062583 0.0081836 0.0000000 0.0153005 0.0366089 0.0063038 0.0130193 0.0222465 0.0071318 0.0799715 0.0081575 0.0063447 0.0283837 0.0283837 0.0364424 0.0152179 0.0152179 0.1359867 0.0377355 0.0799715 
353213_Cropley_Lake            0.0115018 0.0126618 0.0153005 0.0000000 0.0282897 0.0120894 0.0079680 0.0266692 0.0142193 0.0248654 0.0088422 0.0069339 0.0310780 0.0310780 0.0223799 0.0099512 0.0074289 0.0725060 0.0247174 0.0222892 
353219_Peterson_Creek          0.0137457 0.0032937 0.0366089 0.0282897 0.0000000 0.0140423 0.0249050 0.0538745 0.0338137 0.0508684 0.0217670 0.0267210 0.0374865 0.0374865 0.0511495 0.0332555 0.0324344 0.1112327 0.0467438 0.0508684 
353220_Fish_Creek              0.0004693 0.0029202 0.0063038 0.0120894 0.0140423 0.0000000 0.0093606 0.0367814 0.0000010 0.0675323 0.0062995 0.0120942 0.0443945 0.0443945 0.0316475 0.0178059 0.0170801 0.0884510 0.0298113 0.0675323 
353246_Cottonwood_Creek        0.0101066 0.0085480 0.0130193 0.0079680 0.0249050 0.0093606 0.0000000 0.0413049 0.0119432 0.0412247 0.0018650 0.0143819 0.0497919 0.0497919 0.0275396 0.0154971 0.0148483 0.0825731 0.0260084 0.0412247 
353379_Skagit_River            0.0343870 0.0411386 0.0222465 0.0266692 0.0538745 0.0367814 0.0413049 0.0000000 0.0227657 0.0211611 0.0358220 0.0233252 0.0000010 0.0000010 0.0348643 0.0305962 0.0297896 0.0876604 0.0316612 0.0211611 
353381_Dungeness_River         0.0010438 0.0015440 0.0071318 0.0142193 0.0338137 0.0000010 0.0119432 0.0227657 0.0000000 0.1291738 0.0048837 0.0075738 0.0254401 0.0254401 0.0472219 0.0169870 0.0169870 0.1509540 0.0461953 0.1291738 
353401_Peace_River             0.0552531 0.0565198 0.0799715 0.0248654 0.0508684 0.0675323 0.0412247 0.0211611 0.1291738 0.0000000 0.0432846 0.0186362 0.0211611 0.0211611 0.0284152 0.0212071 0.0200729 0.0758459 0.0295236 0.0018810 
353407_Noatok                  0.0072833 0.0040840 0.0081575 0.0088422 0.0217670 0.0062995 0.0018650 0.0358220 0.0048837 0.0432846 0.0000000 0.0140180 0.0437785 0.0437785 0.0286425 0.0153439 0.0146764 0.0777527 0.0253920 0.0432846 
353410_Horizon_Lake            0.0114790 0.0154056 0.0063447 0.0069339 0.0267210 0.0120942 0.0143819 0.0233252 0.0075738 0.0186362 0.0140180 0.0000000 0.0278382 0.0278382 0.0191919 0.0045609 0.0019196 0.0623637 0.0214961 0.0210722 
92319_Little_Lost              0.0403808 0.0482496 0.0283837 0.0310780 0.0374865 0.0443945 0.0497919 0.0000010 0.0254401 0.0211611 0.0437785 0.0278382 0.0000000 0.0000010 0.0398644 0.0375478 0.0364276 0.0935596 0.0343606 0.0211611 
94280_St_Joe                   0.0403808 0.0482496 0.0283837 0.0310780 0.0374865 0.0443945 0.0497919 0.0000010 0.0254401 0.0211611 0.0437785 0.0278382 0.0000010 0.0000000 0.0398644 0.0375478 0.0364276 0.0935596 0.0343606 0.0211611 
GCA016432855_Lake_Trout        0.0330098 0.0376728 0.0364424 0.0223799 0.0511495 0.0316475 0.0275396 0.0348643 0.0472219 0.0284152 0.0286425 0.0191919 0.0398644 0.0398644 0.0000000 0.0194659 0.0190902 0.0724340 0.0102111 0.0265302 
GCA036784925_Maine_S_alpinus   0.0166298 0.0230802 0.0152179 0.0099512 0.0332555 0.0178059 0.0154971 0.0305962 0.0169870 0.0212071 0.0153439 0.0045609 0.0375478 0.0375478 0.0194659 0.0000000 0.0023847 0.0635285 0.0216178 0.0242796 
GCA045679555_Iceland_A_alpinus 0.0159800 0.0221832 0.0152179 0.0074289 0.0324344 0.0170801 0.0148483 0.0297896 0.0169870 0.0200729 0.0146764 0.0019196 0.0364276 0.0364276 0.0190902 0.0023847 0.0000000 0.0636515 0.0204101 0.0224691 
GCF013265735_Rainbow_Trout     0.0828152 0.0906793 0.1359867 0.0725060 0.1112327 0.0884510 0.0825731 0.0876604 0.1509540 0.0758459 0.0777527 0.0623637 0.0935596 0.0935596 0.0724340 0.0635285 0.0636515 0.0000000 0.0760003 0.0768291 
GCF029448725_Brook_Trout       0.0314512 0.0357171 0.0377355 0.0247174 0.0467438 0.0298113 0.0260084 0.0316612 0.0461953 0.0295236 0.0253920 0.0214961 0.0343606 0.0343606 0.0102111 0.0216178 0.0204101 0.0760003 0.0000000 0.0276253 
Methow_River_99895             0.0552531 0.0565198 0.0799715 0.0222892 0.0508684 0.0675323 0.0412247 0.0211611 0.1291738 0.0018810 0.0432846 0.0210722 0.0211611 0.0211611 0.0265302 0.0242796 0.0224691 0.0768291 0.0276253 0.0000000 
