16
251140_Ward_Creek              0.0000000 0.0014109 0.0028248 0.0000010 0.0305976 0.0066432 0.0290999 0.0028248 0.0014109 0.0579756 0.0305976 0.0099282 0.0014109 0.0028248 0.1606803 0.0376287 
260512_Pybus_Point             0.0014109 0.0000000 0.0042402 0.0014109 0.0320779 0.0088672 0.0305771 0.0042402 0.0028248 0.0611213 0.0320779 0.0113545 0.0028248 0.0042402 0.1625157 0.0391044 
261935_Kenai_River             0.0028248 0.0042402 0.0000000 0.0028248 0.0305976 0.0110960 0.0290999 0.0000010 0.0014109 0.0579756 0.0305976 0.0099282 0.0014109 0.0028248 0.1606803 0.0376287 
353213_Cropley_Lake            0.0000010 0.0014109 0.0028248 0.0000000 0.0305976 0.0066432 0.0290999 0.0028248 0.0014109 0.0579756 0.0305976 0.0099282 0.0014109 0.0028248 0.1606803 0.0376287 
353379_Skagit_River            0.0305976 0.0320779 0.0305976 0.0305976 0.0000000 0.0535698 0.0014301 0.0305976 0.0291195 0.0029492 0.0000010 0.0320995 0.0291195 0.0305976 0.1455410 0.0595124 
353381_Dungeness_River         0.0066432 0.0088672 0.0110960 0.0066432 0.0535698 0.0000000 0.0511256 0.0110960 0.0088672 0.1727348 0.0535698 0.0223390 0.0088672 0.0110960 0.2583884 0.0669036 
353401_Peace_River             0.0290999 0.0305771 0.0290999 0.0290999 0.0014301 0.0511256 0.0000000 0.0290999 0.0276249 0.0000010 0.0014301 0.0305976 0.0276249 0.0290999 0.1436291 0.0579405 
353407_Noatok                  0.0028248 0.0042402 0.0000010 0.0028248 0.0305976 0.0110960 0.0290999 0.0000000 0.0014109 0.0579756 0.0305976 0.0099282 0.0014109 0.0028248 0.1606803 0.0376287 
353410_Horizon_Lake            0.0014109 0.0028248 0.0014109 0.0014109 0.0291195 0.0088672 0.0276249 0.0014109 0.0000000 0.0548388 0.0291195 0.0085039 0.0000010 0.0014109 0.1588483 0.0361552 
92319_Little_Lost              0.0579756 0.0611213 0.0579756 0.0579756 0.0029492 0.1727348 0.0000010 0.0579756 0.0548388 0.0000000 0.0029492 0.0612079 0.0548388 0.0579756 0.2650823 0.1212638 
94280_St_Joe                   0.0305976 0.0320779 0.0305976 0.0305976 0.0000010 0.0535698 0.0014301 0.0305976 0.0291195 0.0029492 0.0000000 0.0320995 0.0291195 0.0305976 0.1455410 0.0595124 
GCA016432855_Lake_Trout        0.0099282 0.0113545 0.0099282 0.0099282 0.0320995 0.0223390 0.0305976 0.0099282 0.0085039 0.0612079 0.0320995 0.0000000 0.0085039 0.0099282 0.1626454 0.0391305 
GCA036784925_Maine_S_alpinus   0.0014109 0.0028248 0.0014109 0.0014109 0.0291195 0.0088672 0.0276249 0.0014109 0.0000010 0.0548388 0.0291195 0.0085039 0.0000000 0.0014109 0.1588483 0.0361552 
GCA045679555_Iceland_A_alpinus 0.0028248 0.0042402 0.0028248 0.0028248 0.0305976 0.0110960 0.0290999 0.0028248 0.0014109 0.0579756 0.0305976 0.0099282 0.0014109 0.0000000 0.1606803 0.0376287 
GCF013265735_Rainbow_Trout     0.1606803 0.1625157 0.1606803 0.1606803 0.1455410 0.2583884 0.1436291 0.1606803 0.1588483 0.2650823 0.1455410 0.1626454 0.1588483 0.1606803 0.0000000 0.1816434 
GCF029448725_Brook_Trout       0.0376287 0.0391044 0.0376287 0.0376287 0.0595124 0.0669036 0.0579405 0.0376287 0.0361552 0.1212638 0.0595124 0.0391305 0.0361552 0.0376287 0.1816434 0.0000000 
