11
251140_Ward_Creek              0.0000000 0.0000010 0.2517879 0.2517879 0.0439445 0.0917075 0.1405713 0.0909521 0.0909521 1.0113696 0.4598622 
260512_Pybus_Point             0.0000010 0.0000000 0.2517879 0.2517879 0.0439445 0.0917075 0.1405713 0.0909521 0.0909521 1.0113696 0.4598622 
353379_Skagit_River            0.2517879 0.2517879 0.0000000 0.0000010 0.1947898 0.2545035 0.1952794 0.1418348 0.1418348 1.2294332 0.5502038 
353401_Peace_River             0.2517879 0.2517879 0.0000010 0.0000000 0.1947898 0.2545035 0.1952794 0.1418348 0.1418348 1.2294332 0.5502038 
353407_Noatok                  0.0439445 0.0439445 0.1947898 0.1947898 0.0000000 0.1415052 0.0909521 0.0441922 0.0441922 0.8710186 0.3859419 
353410_Horizon_Lake            0.0917075 0.0917075 0.2545035 0.2545035 0.1415052 0.0000000 0.1418348 0.0917075 0.0917075 1.0460530 0.4668170 
GCA016432855_Lake_Trout        0.1405713 0.1405713 0.1952794 0.1952794 0.0909521 0.1418348 0.0000000 0.0442810 0.0442810 0.8765129 0.3872284 
GCA036784925_Maine_S_alpinus   0.0909521 0.0909521 0.1418348 0.1418348 0.0441922 0.0917075 0.0442810 0.0000000 0.0000010 0.7546304 0.3190778 
GCA045679555_Iceland_A_alpinus 0.0909521 0.0909521 0.1418348 0.1418348 0.0441922 0.0917075 0.0442810 0.0000010 0.0000000 0.7546304 0.3190778 
GCF013265735_Rainbow_Trout     1.0113696 1.0113696 1.2294332 1.2294332 0.8710186 1.0460530 0.8765129 0.7546304 0.7546304 0.0000000 1.5166941 
GCF029448725_Brook_Trout       0.4598622 0.4598622 0.5502038 0.5502038 0.3859419 0.4668170 0.3872284 0.3190778 0.3190778 1.5166941 0.0000000 
