11
251140_Ward_Creek            0.0000000 0.0000010 0.0220604 0.0000010 0.0220604 0.0109490 0.0333388 0.0333388 0.0109490 0.1048215 0.0583952 
260512_Pybus_Point           0.0000010 0.0000000 0.0220604 0.0000010 0.0220604 0.0109490 0.0333388 0.0333388 0.0109490 0.1048215 0.0583952 
353379_Skagit_River          0.0220604 0.0220604 0.0000000 0.0750626 0.0000010 0.0333388 0.0109490 0.0333388 0.0333388 0.1048215 0.0583952 
353381_Dungeness_River       0.0000010 0.0000010 0.0750626 0.0000000 0.0750626 0.0750626 0.1584818 0.2523542 0.0750626 1.0763134 0.4849704 
353401_Peace_River           0.0220604 0.0220604 0.0000010 0.0750626 0.0000000 0.0333388 0.0109490 0.0333388 0.0333388 0.1048215 0.0583952 
353407_Noatok                0.0109490 0.0109490 0.0333388 0.0750626 0.0333388 0.0000000 0.0447894 0.0447894 0.0220604 0.1174263 0.0706404 
94280_St_Joe                 0.0333388 0.0333388 0.0109490 0.1584818 0.0109490 0.0447894 0.0000000 0.0447894 0.0447894 0.1174263 0.0706404 
GCA016432855_Lake_Trout      0.0333388 0.0333388 0.0333388 0.2523542 0.0333388 0.0447894 0.0447894 0.0000000 0.0447894 0.0924245 0.0463467 
GCA036784925_Maine_S_alpinus 0.0109490 0.0109490 0.0333388 0.0750626 0.0333388 0.0220604 0.0447894 0.0447894 0.0000000 0.1174263 0.0706404 
GCF013265735_Rainbow_Trout   0.1048215 0.1048215 0.1048215 1.0763134 0.1048215 0.1174263 0.1174263 0.0924245 0.1174263 0.0000000 0.1086229 
GCF029448725_Brook_Trout     0.0583952 0.0583952 0.0583952 0.4849704 0.0583952 0.0706404 0.0706404 0.0463467 0.0706404 0.1086229 0.0000000 
