15
251140_Ward_Creek              0.0000000 0.0320967 0.0354330 0.0160029 0.0489475 0.0320967 0.0662968 0.1022500 0.1022500 0.0489475 0.1402613 0.1205181 0.1205181 0.5344810 0.1636715 
260512_Pybus_Point             0.0320967 0.0000000 0.0360620 0.0161280 0.0160363 0.0000010 0.0325693 0.0669489 0.0669489 0.0160363 0.1032855 0.0845486 0.0845486 0.4752302 0.1248632 
261935_Kenai_River             0.0354330 0.0360620 0.0000000 0.0000010 0.0750130 0.0360620 0.1169696 0.2094709 0.2094709 0.0750130 0.3161684 0.2580557 0.2580557 1.4163566 0.4022807 
353213_Cropley_Lake            0.0160029 0.0161280 0.0000010 0.0000000 0.0327938 0.0161280 0.0499708 0.0856401 0.0856401 0.0327938 0.1233693 0.1038356 0.1038356 0.5141237 0.1462434 
353219_Peterson_Creek          0.0489475 0.0160363 0.0750130 0.0327938 0.0000000 0.0160363 0.0161424 0.0497607 0.0497607 0.0000010 0.0852834 0.0670315 0.0670315 0.4463235 0.1059932 
353220_Fish_Creek              0.0320967 0.0000010 0.0360620 0.0161280 0.0160363 0.0000000 0.0325693 0.0669489 0.0669489 0.0160363 0.1032855 0.0845486 0.0845486 0.4752302 0.1248632 
353246_Cottonwood_Creek        0.0662968 0.0325693 0.1169696 0.0499708 0.0161424 0.0325693 0.0000000 0.0674337 0.0674337 0.0161424 0.1040805 0.0851771 0.0851771 0.4818217 0.1258797 
353379_Skagit_River            0.1022500 0.0669489 0.2094709 0.0856401 0.0497607 0.0669489 0.0674337 0.0000000 0.0000010 0.0497607 0.1042432 0.0853041 0.0853041 0.4523689 0.1260907 
353401_Peace_River             0.1022500 0.0669489 0.2094709 0.0856401 0.0497607 0.0669489 0.0674337 0.0000010 0.0000000 0.0497607 0.1042432 0.0853041 0.0853041 0.4523689 0.1260907 
353410_Horizon_Lake            0.0489475 0.0160363 0.0750130 0.0327938 0.0000010 0.0160363 0.0161424 0.0497607 0.0497607 0.0000000 0.0852834 0.0670315 0.0670315 0.4463235 0.1059932 
GCA016432855_Lake_Trout        0.1402613 0.1032855 0.3161684 0.1233693 0.0852834 0.1032855 0.1040805 0.1042432 0.1042432 0.0852834 0.0000000 0.1229242 0.1229242 0.4192204 0.0511053 
GCA036784925_Maine_S_alpinus   0.1205181 0.0845486 0.2580557 0.1038356 0.0670315 0.0845486 0.0851771 0.0853041 0.0853041 0.0670315 0.1229242 0.0000000 0.0000010 0.5140835 0.1061626 
GCA045679555_Iceland_A_alpinus 0.1205181 0.0845486 0.2580557 0.1038356 0.0670315 0.0845486 0.0851771 0.0853041 0.0853041 0.0670315 0.1229242 0.0000010 0.0000000 0.5140835 0.1061626 
GCF013265735_Rainbow_Trout     0.5344810 0.4752302 1.4163566 0.5141237 0.4463235 0.4752302 0.4818217 0.4523689 0.4523689 0.4463235 0.4192204 0.5140835 0.5140835 0.0000000 0.4678213 
GCF029448725_Brook_Trout       0.1636715 0.1248632 0.4022807 0.1462434 0.1059932 0.1248632 0.1258797 0.1260907 0.1260907 0.1059932 0.0511053 0.1061626 0.1061626 0.4678213 0.0000000 
