20
251140_Ward_Creek              0.0000000 0.0029199 0.0043831 0.0029223 0.0014583 0.0014583 0.0073223 0.0180471 0.0022198 0.0177267 0.0073162 0.0102837 0.0250757 0.0192355 0.0251852 0.0058485 0.0058485 0.1356980 0.0325364 0.0192192 
260512_Pybus_Point             0.0029199 0.0000000 0.0043831 0.0058534 0.0043831 0.0014583 0.0073223 0.0180471 0.0044447 0.0177267 0.0073162 0.0102837 0.0250757 0.0192355 0.0251852 0.0058485 0.0058485 0.1331928 0.0325364 0.0192192 
261935_Kenai_River             0.0043831 0.0043831 0.0000000 0.0073223 0.0058485 0.0029199 0.0029223 0.0165303 0.0066746 0.0162374 0.0029199 0.0088081 0.0232629 0.0177418 0.0233644 0.0043831 0.0043831 0.1331928 0.0306999 0.0177267 
353213_Cropley_Lake            0.0029223 0.0058534 0.0073223 0.0000000 0.0043867 0.0043867 0.0102751 0.0211059 0.0066831 0.0207310 0.0102664 0.0132537 0.0287410 0.0222479 0.0288669 0.0087933 0.0087933 0.1409230 0.0362571 0.0222290 
353219_Peterson_Creek          0.0014583 0.0043831 0.0058485 0.0043867 0.0000000 0.0029199 0.0087933 0.0195663 0.0044447 0.0192192 0.0087860 0.0117622 0.0268919 0.0207310 0.0270095 0.0073162 0.0073162 0.1382105 0.0343762 0.0207135 
353220_Fish_Creek              0.0014583 0.0014583 0.0029199 0.0043867 0.0029199 0.0000000 0.0058534 0.0165303 0.0022198 0.0162374 0.0058485 0.0088081 0.0232629 0.0177418 0.0233644 0.0043831 0.0043831 0.1331928 0.0306999 0.0177267 
353246_Cottonwood_Creek        0.0073223 0.0073223 0.0029223 0.0102751 0.0087933 0.0058534 0.0000000 0.0195832 0.0111641 0.0192355 0.0029223 0.0058583 0.0269195 0.0207486 0.0270373 0.0043867 0.0043867 0.1384009 0.0344120 0.0207310 
353379_Skagit_River            0.0180471 0.0180471 0.0165303 0.0211059 0.0195663 0.0165303 0.0195832 0.0000000 0.0255555 0.0000010 0.0195663 0.0226706 0.0036010 0.0014859 0.0295683 0.0180471 0.0180471 0.1402189 0.0371429 0.0014847 
353381_Dungeness_River         0.0022198 0.0044447 0.0066746 0.0066831 0.0044447 0.0022198 0.0111641 0.0255555 0.0000000 0.0248623 0.0111498 0.0157070 0.0401471 0.0271897 0.0372777 0.0089097 0.0089097 0.2708313 0.0501191 0.0271545 
353401_Peace_River             0.0177267 0.0177267 0.0162374 0.0207310 0.0192192 0.0162374 0.0192355 0.0000010 0.0248623 0.0000000 0.0192192 0.0222668 0.0035248 0.0014595 0.0289267 0.0177267 0.0177267 0.1362594 0.0363328 0.0014583 
353407_Noatok                  0.0073162 0.0073162 0.0029199 0.0102664 0.0087860 0.0058485 0.0029223 0.0195663 0.0111498 0.0192192 0.0000000 0.0088081 0.0268919 0.0207310 0.0270095 0.0043831 0.0043831 0.1382105 0.0343762 0.0207135 
353410_Horizon_Lake            0.0102837 0.0102837 0.0088081 0.0132537 0.0117622 0.0088081 0.0058583 0.0226706 0.0157070 0.0222668 0.0088081 0.0000000 0.0306290 0.0237893 0.0289267 0.0073346 0.0073346 0.1438493 0.0363328 0.0237696 
92319_Little_Lost              0.0250757 0.0250757 0.0232629 0.0287410 0.0268919 0.0232629 0.0269195 0.0036010 0.0401471 0.0035248 0.0268919 0.0306290 0.0000000 0.0052974 0.0414279 0.0250757 0.0250757 0.1956055 0.0485078 0.0052920 
94280_St_Joe                   0.0192355 0.0192355 0.0177418 0.0222479 0.0207310 0.0177418 0.0207486 0.0014859 0.0271897 0.0014595 0.0207310 0.0237893 0.0052974 0.0000000 0.0307955 0.0192355 0.0192355 0.1389752 0.0382252 0.0029223 
GCA016432855_Lake_Trout        0.0251852 0.0251852 0.0233644 0.0288669 0.0270095 0.0233644 0.0270373 0.0295683 0.0372777 0.0289267 0.0270095 0.0289267 0.0414279 0.0307955 0.0000000 0.0251852 0.0251852 0.1457943 0.0215470 0.0307636 
GCA036784925_Maine_S_alpinus   0.0058485 0.0058485 0.0043831 0.0087933 0.0073162 0.0043831 0.0043867 0.0180471 0.0089097 0.0177267 0.0043831 0.0073346 0.0250757 0.0192355 0.0251852 0.0000000 0.0029199 0.1356980 0.0325364 0.0192192 
GCA045679555_Iceland_A_alpinus 0.0058485 0.0058485 0.0043831 0.0087933 0.0073162 0.0043831 0.0043867 0.0180471 0.0089097 0.0177267 0.0043831 0.0073346 0.0250757 0.0192355 0.0251852 0.0029199 0.0000000 0.1356980 0.0325364 0.0192192 
GCF013265735_Rainbow_Trout     0.1356980 0.1331928 0.1331928 0.1409230 0.1382105 0.1331928 0.1384009 0.1402189 0.2708313 0.1362594 0.1382105 0.1438493 0.1956055 0.1389752 0.1457943 0.1356980 0.1356980 0.0000000 0.1486789 0.1387832 
GCF029448725_Brook_Trout       0.0325364 0.0325364 0.0306999 0.0362571 0.0343762 0.0306999 0.0344120 0.0371429 0.0501191 0.0363328 0.0343762 0.0363328 0.0485078 0.0382252 0.0215470 0.0325364 0.0325364 0.1486789 0.0000000 0.0381852 
Methow_River_99895             0.0192192 0.0192192 0.0177267 0.0222290 0.0207135 0.0177267 0.0207310 0.0014847 0.0271545 0.0014583 0.0207135 0.0237696 0.0052920 0.0029223 0.0307636 0.0192192 0.0192192 0.1387832 0.0381852 0.0000000 
