17
251140_Ward_Creek              0.0000000 0.0088020 0.0088020 0.0000010 0.0176434 0.0000010 0.0310419 0.0088151 0.0132454 0.0220917 0.0265619 0.0266335 0.0088151 0.0132454 0.0788988 0.0502298 0.0356337 
260512_Pybus_Point             0.0088020 0.0000000 0.0000010 0.0088020 0.0176604 0.0578825 0.0310721 0.0088236 0.0132581 0.0221130 0.0265876 0.0266594 0.0088236 0.0132581 0.0789803 0.0502804 0.0356685 
261935_Kenai_River             0.0088020 0.0000010 0.0000000 0.0088020 0.0176604 0.0578825 0.0310721 0.0088236 0.0132581 0.0221130 0.0265876 0.0266594 0.0088236 0.0132581 0.0789803 0.0502804 0.0356685 
353220_Fish_Creek              0.0000010 0.0088020 0.0088020 0.0000000 0.0176434 0.0000010 0.0310419 0.0088151 0.0132454 0.0220917 0.0265619 0.0266335 0.0088151 0.0132454 0.0788988 0.0502298 0.0356337 
353379_Skagit_River            0.0176434 0.0176604 0.0176604 0.0176434 0.0000000 0.0871271 0.0131636 0.0176868 0.0221461 0.0043721 0.0087609 0.0356255 0.0176868 0.0221461 0.0787771 0.0595599 0.0176280 
353381_Dungeness_River         0.0000010 0.0578825 0.0578825 0.0000010 0.0871271 0.0000000 0.1485633 0.0584582 0.0887255 0.1175018 0.1175018 0.1516912 0.0584582 0.0887255 0.6370423 0.4252264 0.1838609 
353401_Peace_River             0.0310419 0.0310721 0.0310721 0.0310419 0.0131636 0.1485633 0.0000000 0.0311188 0.0356255 0.0087507 0.0043636 0.0492489 0.0311188 0.0356255 0.0932095 0.0737155 0.0043701 
353407_Noatok                  0.0088151 0.0088236 0.0088236 0.0088151 0.0176868 0.0584582 0.0311188 0.0000000 0.0043827 0.0221461 0.0266275 0.0266995 0.0000010 0.0043827 0.0791057 0.0503585 0.0357224 
353410_Horizon_Lake            0.0132454 0.0132581 0.0132581 0.0132454 0.0221461 0.0887255 0.0356255 0.0043827 0.0000000 0.0266215 0.0311188 0.0312032 0.0043827 0.0000010 0.0839123 0.0550350 0.0402572 
92319_Little_Lost              0.0220917 0.0221130 0.0221130 0.0220917 0.0043721 0.1175018 0.0087507 0.0221461 0.0266215 0.0000000 0.0043680 0.0401476 0.0221461 0.0266215 0.0835628 0.0642555 0.0131832 
94280_St_Joe                   0.0265619 0.0265876 0.0265876 0.0265619 0.0087609 0.1175018 0.0043636 0.0266275 0.0311188 0.0043680 0.0000000 0.0446955 0.0266275 0.0311188 0.0883882 0.0689852 0.0087650 
GCA016432855_Lake_Trout        0.0266335 0.0266594 0.0266594 0.0266335 0.0356255 0.1516912 0.0492489 0.0266995 0.0312032 0.0401476 0.0446955 0.0000000 0.0266995 0.0312032 0.0984628 0.0691811 0.0539680 
GCA036784925_Maine_S_alpinus   0.0088151 0.0088236 0.0088236 0.0088151 0.0176868 0.0584582 0.0311188 0.0000010 0.0043827 0.0221461 0.0266275 0.0266995 0.0000000 0.0043827 0.0791057 0.0503585 0.0357224 
GCA045679555_Iceland_A_alpinus 0.0132454 0.0132581 0.0132581 0.0132454 0.0221461 0.0887255 0.0356255 0.0043827 0.0000010 0.0266215 0.0311188 0.0312032 0.0043827 0.0000000 0.0839123 0.0550350 0.0402572 
GCF013265735_Rainbow_Trout     0.0788988 0.0789803 0.0789803 0.0788988 0.0787771 0.6370423 0.0932095 0.0791057 0.0839123 0.0835628 0.0883882 0.0984628 0.0791057 0.0839123 0.0000000 0.1256762 0.0983337 
GCF029448725_Brook_Trout       0.0502298 0.0502804 0.0502804 0.0502298 0.0595599 0.4252264 0.0737155 0.0503585 0.0550350 0.0642555 0.0689852 0.0691811 0.0503585 0.0550350 0.1256762 0.0000000 0.0786869 
Methow_River_99895             0.0356337 0.0356685 0.0356685 0.0356337 0.0176280 0.1838609 0.0043701 0.0357224 0.0402572 0.0131832 0.0087650 0.0539680 0.0357224 0.0402572 0.0983337 0.0786869 0.0000000 
