13
251140_Ward_Creek              0.0000000 0.0000010 0.0718021 0.0000010 0.1319891 3.5171192 0.1319891 0.0718021 0.2493403 0.0733101 0.0733101 0.8294240 0.1350919 
260512_Pybus_Point             0.0000010 0.0000000 0.0718021 0.0000010 0.1319891 3.5171192 0.1319891 0.0718021 0.2493403 0.0733101 0.0733101 0.8582589 0.1350919 
261935_Kenai_River             0.0718021 0.0718021 0.0000000 0.0718021 0.1304972 3.7724257 0.1304972 0.0000010 0.2458948 0.0725477 0.0725477 0.8063686 0.1750398 
353213_Cropley_Lake            0.0000010 0.0000010 0.0718021 0.0000000 0.1319891 3.5171192 0.1319891 0.0718021 0.2493403 0.0733101 0.0733101 0.8294240 0.1350919 
353379_Skagit_River            0.1319891 0.1319891 0.1304972 0.1319891 0.0000000 3.3807829 0.0000010 0.1304972 0.3253399 0.1750398 0.1750398 0.8894233 0.2015142 
353381_Dungeness_River         3.5171192 3.5171192 3.7724257 3.5171192 3.3807829 0.0000000 3.3807829 3.7724257 3.4316698 4.0783936 4.0783936 4.0701650 4.2949859 
353401_Peace_River             0.1319891 0.1319891 0.1304972 0.1319891 0.0000010 3.3807829 0.0000000 0.1304972 0.3253399 0.1750398 0.1750398 0.8894233 0.2015142 
353407_Noatok                  0.0718021 0.0718021 0.0000010 0.0718021 0.1304972 3.7724257 0.1304972 0.0000000 0.2458948 0.0725477 0.0725477 0.8063686 0.1750398 
GCA016432855_Lake_Trout        0.2493403 0.2493403 0.2458948 0.2493403 0.3253399 3.4316698 0.3253399 0.2458948 0.0000000 0.2529073 0.2529073 0.6319690 0.3360126 
GCA036784925_Maine_S_alpinus   0.0733101 0.0733101 0.0725477 0.0733101 0.1750398 4.0783936 0.1750398 0.0725477 0.2529073 0.0000000 0.0000010 0.8546594 0.1794827 
GCA045679555_Iceland_A_alpinus 0.0733101 0.0733101 0.0725477 0.0733101 0.1750398 4.0783936 0.1750398 0.0725477 0.2529073 0.0000010 0.0000000 0.8546594 0.1794827 
GCF013265735_Rainbow_Trout     0.8294240 0.8582589 0.8063686 0.8294240 0.8894233 4.0701650 0.8894233 0.8063686 0.6319690 0.8546594 0.8546594 0.0000000 1.0131865 
GCF029448725_Brook_Trout       0.1350919 0.1350919 0.1750398 0.1350919 0.2015142 4.2949859 0.2015142 0.1750398 0.3360126 0.1794827 0.1794827 1.0131865 0.0000000 
