15
251140_Ward_Creek              0.0000000 0.0000010 0.0066447 0.0133366 0.0000010 0.0622469 0.0500493 0.0694154 0.0089691 0.0622469 0.1565765 0.0133877 0.0066701 0.1459680 0.0268592 
260512_Pybus_Point             0.0000010 0.0000000 0.0000010 0.0143917 0.0000010 0.1248699 0.1055020 0.1416566 0.0143917 0.1248699 0.3755575 0.0000010 0.0000010 0.2138344 0.0438330 
261935_Kenai_River             0.0066447 0.0000010 0.0000000 0.0066447 0.0066447 0.0551299 0.0500493 0.0622469 0.0089691 0.0551299 0.1485250 0.0066701 0.0133877 0.1381325 0.0200744 
353213_Cropley_Lake            0.0133366 0.0143917 0.0066447 0.0000000 0.0133366 0.0480654 0.0629728 0.0551299 0.0180240 0.0480654 0.1565765 0.0133877 0.0201516 0.1303577 0.0133366 
353219_Peterson_Creek          0.0000010 0.0000010 0.0066447 0.0133366 0.0000000 0.0622469 0.0500493 0.0694154 0.0089691 0.0622469 0.1565765 0.0133877 0.0066701 0.1459680 0.0268592 
353379_Skagit_River            0.0622469 0.1248699 0.0551299 0.0480654 0.0622469 0.0000000 0.1622687 0.0059348 0.0852510 0.0000010 0.2178288 0.0624967 0.0696954 0.1225933 0.0622469 
353381_Dungeness_River         0.0500493 0.1055020 0.0500493 0.0629728 0.0500493 0.1622687 0.0000000 0.1770686 0.0629728 0.1622687 0.3800792 0.0634347 0.0634347 0.2405380 0.0893385 
353401_Peace_River             0.0694154 0.1416566 0.0622469 0.0551299 0.0694154 0.0059348 0.1770686 0.0000000 0.0754024 0.0059348 0.2091619 0.0696954 0.0769474 0.1294902 0.0694154 
353407_Noatok                  0.0089691 0.0143917 0.0089691 0.0180240 0.0089691 0.0852510 0.0629728 0.0754024 0.0000000 0.0852510 0.1977289 0.0181175 0.0181175 0.1473398 0.0363890 
92319_Little_Lost              0.0622469 0.1248699 0.0551299 0.0480654 0.0622469 0.0000010 0.1622687 0.0059348 0.0852510 0.0000000 0.2178288 0.0624967 0.0696954 0.1225933 0.0622469 
GCA016432855_Lake_Trout        0.1565765 0.3755575 0.1485250 0.1565765 0.1565765 0.2178288 0.3800792 0.2091619 0.1977289 0.2178288 0.0000000 0.1572700 0.1654271 0.3231888 0.1728768 
GCA036784925_Maine_S_alpinus   0.0133877 0.0000010 0.0066701 0.0133877 0.0133877 0.0624967 0.0634347 0.0696954 0.0181175 0.0624967 0.1572700 0.0000000 0.0066447 0.1465987 0.0269631 
GCA045679555_Iceland_A_alpinus 0.0066701 0.0000010 0.0133877 0.0201516 0.0066701 0.0696954 0.0634347 0.0769474 0.0181175 0.0696954 0.1654271 0.0066447 0.0000000 0.1545337 0.0338226 
GCF013265735_Rainbow_Trout     0.1459680 0.2138344 0.1381325 0.1303577 0.1459680 0.1225933 0.2405380 0.1294902 0.1473398 0.1225933 0.3231888 0.1465987 0.1545337 0.0000000 0.1226423 
GCF029448725_Brook_Trout       0.0268592 0.0438330 0.0200744 0.0133366 0.0268592 0.0622469 0.0893385 0.0694154 0.0363890 0.0622469 0.1728768 0.0269631 0.0338226 0.1226423 0.0000000 
