19
251140_Ward_Creek              0.0000000 0.0057387 0.0309996 0.0232900 0.0060358 0.0234759 0.2463649 0.1441044 1.2818637 0.1441044 0.0914996 0.0665683 0.2805125 0.4399044 0.0661340 0.0532786 0.6649264 0.3537186 0.1441044 
260512_Pybus_Point             0.0057387 0.0000000 0.0218386 0.0260074 0.0000010 0.0156044 0.2007180 0.1330805 0.7994680 0.1330805 0.0978967 0.0646025 0.2466536 0.3773083 0.0642280 0.0527906 0.5928150 0.3178365 0.1330805 
261935_Kenai_River             0.0309996 0.0218386 0.0000000 0.0502054 0.0218386 0.0053487 0.2533315 0.1607948 0.9569165 0.1607948 0.1188285 0.0745367 0.2936966 0.4439157 0.0740727 0.0734307 0.6649037 0.3774335 0.1607948 
353213_Cropley_Lake            0.0232900 0.0260074 0.0502054 0.0000000 0.0272214 0.0424727 0.2178875 0.1156191 0.8424953 0.1156191 0.0658992 0.0702269 0.2236346 0.3800087 0.0698165 0.0582631 0.5434266 0.3199784 0.1156191 
353219_Peterson_Creek          0.0060358 0.0000010 0.0218386 0.0272214 0.0000000 0.0163324 0.2138400 0.1334367 0.7994680 0.1334367 0.1033059 0.0618726 0.2538735 0.3939449 0.0614988 0.0495987 0.6092293 0.3304376 0.1334367 
353220_Fish_Creek              0.0234759 0.0156044 0.0053487 0.0424727 0.0163324 0.0000000 0.2290132 0.1530869 0.9569165 0.1530869 0.1191363 0.0825118 0.2757587 0.4142222 0.0820157 0.0700747 0.6362227 0.3522773 0.1530869 
353246_Cottonwood_Creek        0.2463649 0.2007180 0.2533315 0.2178875 0.2138400 0.2290132 0.0000000 0.3335028 0.0489413 0.3335028 0.3569879 0.2848526 0.5238804 0.1205671 0.2934511 0.2754618 0.5545128 0.3612381 0.3335028 
353379_Skagit_River            0.1441044 0.1330805 0.1607948 0.1156191 0.1334367 0.1530869 0.3335028 0.0000000 0.8195791 0.0000010 0.1492556 0.1327307 0.0616505 0.3804091 0.1443867 0.1450057 0.5862648 0.3688478 0.0000010 
353381_Dungeness_River         1.2818637 0.7994680 0.9569165 0.8424953 0.7994680 0.9569165 0.0489413 0.8195791 0.0000000 0.8195791 1.4585010 0.9896117 0.9634283 0.2424005 1.0107827 0.9669343 1.0637345 1.1376949 0.8195791 
353401_Peace_River             0.1441044 0.1330805 0.1607948 0.1156191 0.1334367 0.1530869 0.3335028 0.0000010 0.8195791 0.0000000 0.1492556 0.1327307 0.0616505 0.3804091 0.1443867 0.1450057 0.5862648 0.3688478 0.0000010 
353407_Noatok                  0.0914996 0.0978967 0.1188285 0.0658992 0.1033059 0.1191363 0.3569879 0.1492556 1.4585010 0.1492556 0.0000000 0.0847434 0.2763972 0.4754944 0.0841835 0.0972682 0.6056906 0.3707347 0.1492556 
353410_Horizon_Lake            0.0665683 0.0646025 0.0745367 0.0702269 0.0618726 0.0825118 0.2848526 0.1327307 0.9896117 0.1327307 0.0847434 0.0000000 0.2373422 0.4180777 0.0207364 0.0314047 0.6015445 0.3254352 0.1327307 
92319_Little_Lost              0.2805125 0.2466536 0.2936966 0.2236346 0.2538735 0.2757587 0.5238804 0.0616505 0.9634283 0.0616505 0.2763972 0.2373422 0.0000000 0.5783730 0.2525433 0.2539875 0.9016635 0.5807979 0.0617533 
GCA016432855_Lake_Trout        0.4399044 0.3773083 0.4439157 0.3800087 0.3939449 0.4142222 0.1205671 0.3804091 0.2424005 0.3804091 0.4754944 0.4180777 0.5783730 0.0000000 0.4274904 0.4070606 0.4969229 0.2623872 0.3804091 
GCA036784925_Maine_S_alpinus   0.0661340 0.0642280 0.0740727 0.0698165 0.0614988 0.0820157 0.2934511 0.1443867 1.0107827 0.1443867 0.0841835 0.0207364 0.2525433 0.4274904 0.0000000 0.0206937 0.5940451 0.3343752 0.1443867 
GCA045679555_Iceland_A_alpinus 0.0532786 0.0527906 0.0734307 0.0582631 0.0495987 0.0700747 0.2754618 0.1450057 0.9669343 0.1450057 0.0972682 0.0314047 0.2539875 0.4070606 0.0206937 0.0000000 0.5982538 0.3365716 0.1450057 
GCF013265735_Rainbow_Trout     0.6649264 0.5928150 0.6649037 0.5434266 0.6092293 0.6362227 0.5545128 0.5862648 1.0637345 0.5862648 0.6056906 0.6015445 0.9016635 0.4969229 0.5940451 0.5982538 0.0000000 0.5605832 0.5862648 
GCF029448725_Brook_Trout       0.3537186 0.3178365 0.3774335 0.3199784 0.3304376 0.3522773 0.3612381 0.3688478 1.1376949 0.3688478 0.3707347 0.3254352 0.5807979 0.2623872 0.3343752 0.3365716 0.5605832 0.0000000 0.3688478 
Methow_River_99895             0.1441044 0.1330805 0.1607948 0.1156191 0.1334367 0.1530869 0.3335028 0.0000010 0.8195791 0.0000010 0.1492556 0.1327307 0.0617533 0.3804091 0.1443867 0.1450057 0.5862648 0.3688478 0.0000000 
