12
251140_Ward_Creek          0.0000000 0.0000010 0.0042219 0.0042219 0.0084629 2.3144791 0.0127231 0.0084629 0.0127231 0.0668396 0.0429820 0.0169586 
260512_Pybus_Point         0.0000010 0.0000000 0.0042219 0.0042219 0.0084629 2.3144791 0.0127231 0.0084629 0.0127231 0.0668396 0.0429820 0.0169586 
261935_Kenai_River         0.0042219 0.0042219 0.0000000 0.0000010 0.0127561 2.3144791 0.0170469 0.0127561 0.0170469 0.0716665 0.0475151 0.0213017 
353219_Peterson_Creek      0.0042219 0.0042219 0.0000010 0.0000000 0.0127561 2.3144791 0.0170469 0.0127561 0.0170469 0.0716665 0.0475151 0.0213017 
353379_Skagit_River        0.0084629 0.0084629 0.0127561 0.0127561 0.0000000 2.4219546 0.0042111 0.0084848 0.0042111 0.0670241 0.0430957 0.0170027 
353381_Dungeness_River     2.3144791 2.3144791 2.3144791 2.3144791 2.4219546 0.0000000 2.4469270 2.3964768 2.4469270 2.2873147 2.3654739 2.4145161 
353401_Peace_River         0.0127231 0.0127231 0.0170469 0.0170469 0.0042111 2.4469270 0.0000000 0.0127561 0.0000010 0.0716665 0.0475151 0.0213017 
353407_Noatok              0.0084629 0.0084629 0.0127561 0.0127561 0.0084848 2.3964768 0.0127561 0.0000000 0.0127561 0.0670241 0.0430957 0.0170027 
92319_Little_Lost          0.0127231 0.0127231 0.0170469 0.0170469 0.0042111 2.4469270 0.0000010 0.0127561 0.0000000 0.0716665 0.0475151 0.0213017 
GCA016432855_Lake_Trout    0.0668396 0.0668396 0.0716665 0.0716665 0.0670241 2.2873147 0.0716665 0.0670241 0.0716665 0.0000000 0.1045133 0.0761200 
GCF013265735_Rainbow_Trout 0.0429820 0.0429820 0.0475151 0.0475151 0.0430957 2.3654739 0.0475151 0.0430957 0.0475151 0.1045133 0.0000000 0.0518171 
GCF029448725_Brook_Trout   0.0169586 0.0169586 0.0213017 0.0213017 0.0170027 2.4145161 0.0213017 0.0170027 0.0213017 0.0761200 0.0518171 0.0000000 
