15
251140_Ward_Creek            0.0000000 0.0000010 0.0088236 0.0000010 0.0088236 0.4911382 0.5266478 0.0088236 0.0464544 0.0561008 0.5086827 0.0088236 0.2113883 0.5266478 0.0658726 
260512_Pybus_Point           0.0000010 0.0000000 0.0146346 0.0000010 0.0146346 1.2380106 1.4153022 0.0000010 0.0798620 0.0969081 1.3214294 0.0000010 0.3904007 1.4153022 0.1143505 
261935_Kenai_River           0.0088236 0.0146346 0.0000000 0.0088236 0.0000010 0.4739946 0.5086827 0.0177523 0.0369305 0.0464544 0.4911382 0.0177523 0.1998497 0.5086827 0.0561008 
353213_Cropley_Lake          0.0000010 0.0000010 0.0088236 0.0000000 0.0088236 0.4911382 0.5266478 0.0088236 0.0464544 0.0561008 0.5086827 0.0088236 0.2113883 0.5266478 0.0658726 
353246_Cottonwood_Creek      0.0088236 0.0146346 0.0000010 0.0088236 0.0000000 0.4739946 0.5086827 0.0177523 0.0369305 0.0464544 0.4911382 0.0177523 0.1998497 0.5086827 0.0561008 
353379_Skagit_River          0.4911382 1.2380106 0.4739946 0.4911382 0.4739946 0.0000000 0.0182380 0.5086827 0.4925846 0.5106578 0.0182380 0.5086827 0.7844764 0.0275260 0.5291773 
353401_Peace_River           0.5266478 1.4153022 0.5086827 0.5266478 0.5086827 0.0182380 0.0000000 0.5450536 0.5291773 0.5106578 0.0369305 0.5450536 0.8375960 0.0464544 0.4925846 
353410_Horizon_Lake          0.0088236 0.0000010 0.0177523 0.0088236 0.0177523 0.5086827 0.5450536 0.0000000 0.0561008 0.0658726 0.5266478 0.0000010 0.2231071 0.5450536 0.0757742 
92319_Little_Lost            0.0464544 0.0798620 0.0369305 0.0464544 0.0369305 0.4925846 0.5291773 0.0561008 0.0000000 0.0055762 0.5106578 0.0561008 0.2060647 0.5291773 0.0111942 
94280_St_Joe                 0.0561008 0.0969081 0.0464544 0.0561008 0.0464544 0.5106578 0.5106578 0.0658726 0.0055762 0.0000000 0.5291773 0.0658726 0.2180172 0.5481649 0.0055762 
GCA016432855_Lake_Trout      0.5086827 1.3214294 0.4911382 0.5086827 0.4911382 0.0182380 0.0369305 0.5266478 0.5106578 0.5291773 0.0000000 0.5266478 0.8105658 0.0090628 0.5481649 
GCA036784925_Maine_S_alpinus 0.0088236 0.0000010 0.0177523 0.0088236 0.0177523 0.5086827 0.5450536 0.0000010 0.0561008 0.0658726 0.5266478 0.0000000 0.2231071 0.5450536 0.0757742 
GCF013265735_Rainbow_Trout   0.2113883 0.3904007 0.1998497 0.2113883 0.1998497 0.7844764 0.8375960 0.2231071 0.2060647 0.2180172 0.8105658 0.2231071 0.0000000 0.8375960 0.2301629 
GCF029448725_Brook_Trout     0.5266478 1.4153022 0.5086827 0.5266478 0.5086827 0.0275260 0.0464544 0.5450536 0.5291773 0.5481649 0.0090628 0.5450536 0.8375960 0.0000000 0.5676465 
Methow_River_99895           0.0658726 0.1143505 0.0561008 0.0658726 0.0561008 0.5291773 0.4925846 0.0757742 0.0111942 0.0055762 0.5481649 0.0757742 0.2301629 0.5676465 0.0000000 
