11
251140_Ward_Creek          0.0000000 0.0000010 0.0613507 0.3037317 0.0000010 0.3037317 0.0611141 0.0613507 0.1668573 0.8488668 0.1304459 
260512_Pybus_Point         0.0000010 0.0000000 0.0613507 0.3037317 0.0000010 0.3037317 0.0611141 0.0613507 0.1668573 0.8488668 0.1304459 
353246_Cottonwood_Creek    0.0613507 0.0613507 0.0000000 0.3050730 0.0679043 0.3050730 0.0613507 0.0000010 0.1674506 0.8437874 0.1309309 
353379_Skagit_River        0.3037317 0.3037317 0.3050730 0.0000000 0.3037317 0.0000010 0.3037317 0.3050730 0.3565534 1.5281761 0.2856163 
353381_Dungeness_River     0.0000010 0.0000010 0.0679043 0.3037317 0.0000000 0.3037317 0.0676174 0.0679043 0.1862844 0.9967694 0.1452905 
353401_Peace_River         0.3037317 0.3037317 0.3050730 0.0000010 0.3037317 0.0000000 0.3037317 0.3050730 0.3565534 1.5281761 0.2856163 
353407_Noatok              0.0611141 0.0611141 0.0613507 0.3037317 0.0676174 0.3037317 0.0000000 0.0613507 0.1668573 0.8488668 0.1304459 
353410_Horizon_Lake        0.0613507 0.0613507 0.0000010 0.3050730 0.0679043 0.3050730 0.0613507 0.0000000 0.1674506 0.8437874 0.1309309 
GCA016432855_Lake_Trout    0.1668573 0.1668573 0.1674506 0.3565534 0.1862844 0.3565534 0.1668573 0.1674506 0.0000000 0.7973491 0.0922879 
GCF013265735_Rainbow_Trout 0.8488668 0.8488668 0.8437874 1.5281761 0.9967694 1.5281761 0.8488668 0.8437874 0.7973491 0.0000000 0.7973491 
GCF029448725_Brook_Trout   0.1304459 0.1304459 0.1309309 0.2856163 0.1452905 0.2856163 0.1304459 0.1309309 0.0922879 0.7973491 0.0000000 
