15
251140_Ward_Creek              0.0000000 0.0000010 2.4313686 0.0388263 0.2501086 0.0784428 0.0999269 0.2501086 0.0999269 0.1440927 0.1953612 0.1486612 0.7065057 1.3518667 0.0784428 
260512_Pybus_Point             0.0000010 0.0000000 2.4313686 0.0388263 0.2501086 0.0784428 0.0999269 0.2501086 0.0999269 0.1440927 0.1953612 0.1486612 0.7065057 1.3518667 0.0784428 
261935_Kenai_River             2.4313686 2.4313686 0.0000000 1.7430051 0.1910598 2.3875497 3.0439315 0.1910598 3.0439315 2.3407637 4.7378417 8.9999982 3.0830300 8.9999981 2.3875497 
353219_Peterson_Creek          0.0388263 0.0388263 1.7430051 0.0000000 0.1975985 0.1210819 0.1440927 0.1975985 0.1440927 0.1910599 0.2470350 0.1975985 0.7901634 1.5172168 0.1210819 
353246_Cottonwood_Creek        0.2501086 0.2501086 0.1910598 0.1975985 0.0000000 0.3025797 0.3343123 0.0000010 0.3343123 0.3296672 0.4037736 0.3441388 0.9941777 1.7800812 0.3025797 
353379_Skagit_River            0.0784428 0.0784428 2.3875497 0.1210819 0.3025797 0.0000000 0.0192271 0.3025797 0.0192271 0.1440927 0.1953612 0.1486612 0.7065057 1.3518667 0.0000010 
353401_Peace_River             0.0999269 0.0999269 3.0439315 0.1440927 0.3343123 0.0192271 0.0000000 0.3343123 0.0000010 0.1680962 0.2220517 0.1736697 0.7559826 1.4747419 0.0192271 
353407_Noatok                  0.2501086 0.2501086 0.1910598 0.1975985 0.0000010 0.3025797 0.3343123 0.0000000 0.3343123 0.3296672 0.4037736 0.3441388 0.9941777 1.7800812 0.3025797 
92319_Little_Lost              0.0999269 0.0999269 3.0439315 0.1440927 0.3343123 0.0192271 0.0000010 0.3343123 0.0000000 0.1680962 0.2220517 0.1736697 0.7559826 1.4747419 0.0192271 
GCA016432855_Lake_Trout        0.1440927 0.1440927 2.3407637 0.1910599 0.3296672 0.1440927 0.1680962 0.3296672 0.1680962 0.0000000 0.1717650 0.1717650 0.6080502 1.3957269 0.1440927 
GCA036784925_Maine_S_alpinus   0.1953612 0.1953612 4.7378417 0.2470350 0.4037736 0.1953612 0.2220517 0.4037736 0.2220517 0.1717650 0.0000000 0.0384883 0.7901634 1.7800812 0.1953612 
GCA045679555_Iceland_A_alpinus 0.1486612 0.1486612 8.9999982 0.1975985 0.3441388 0.1486612 0.1736697 0.3441388 0.1736697 0.1717650 0.0384883 0.0000000 0.7217913 1.7008357 0.1486612 
GCF013265735_Rainbow_Trout     0.7065057 0.7065057 3.0830300 0.7901634 0.9941777 0.7065057 0.7559826 0.9941777 0.7559826 0.6080502 0.7901634 0.7217913 0.0000000 2.3356347 0.7065057 
GCF029448725_Brook_Trout       1.3518667 1.3518667 8.9999981 1.5172168 1.7800812 1.3518667 1.4747419 1.7800812 1.4747419 1.3957269 1.7800812 1.7008357 2.3356347 0.0000000 1.3518667 
Methow_River_99895             0.0784428 0.0784428 2.3875497 0.1210819 0.3025797 0.0000010 0.0192271 0.3025797 0.0192271 0.1440927 0.1953612 0.1486612 0.7065057 1.3518667 0.0000000 
