17
251140_Ward_Creek              0.0000000 0.0000010 0.0058765 0.0038236 0.0213320 0.0000010 0.0173835 0.0115457 0.0076692 0.0204666 0.0173835 0.0173684 0.0252510 0.0212686 0.2226201 0.0311690 0.0191597 
260512_Pybus_Point             0.0000010 0.0000000 0.0058765 0.0038236 0.0213320 0.0000010 0.0173835 0.0115457 0.0076692 0.0204666 0.0173835 0.0173684 0.0252510 0.0212686 0.2226201 0.0311690 0.0191597 
261935_Kenai_River             0.0058765 0.0058765 0.0000000 0.0019550 0.0196817 0.0131284 0.0158032 0.0058911 0.0019567 0.0181724 0.0158032 0.0157892 0.0238410 0.0197753 0.2321855 0.0298906 0.0174586 
353246_Cottonwood_Creek        0.0038236 0.0038236 0.0019550 0.0000000 0.0213320 0.0082985 0.0173835 0.0076824 0.0038271 0.0204666 0.0173835 0.0173684 0.0252510 0.0212686 0.2226201 0.0311690 0.0191597 
353379_Skagit_River            0.0213320 0.0213320 0.0196817 0.0213320 0.0000000 0.0316354 0.0021050 0.0257275 0.0213526 0.0022469 0.0021050 0.0191597 0.0322944 0.0278475 0.2702047 0.0344173 0.0021050 
353381_Dungeness_River         0.0000010 0.0000010 0.0131284 0.0082985 0.0316354 0.0000000 0.0252457 0.0209537 0.0124733 0.0375806 0.0252457 0.0251979 0.0513372 0.0423530 0.3776977 0.0468675 0.0316354 
353401_Peace_River             0.0173835 0.0173835 0.0158032 0.0173835 0.0021050 0.0252457 0.0000000 0.0213430 0.0173987 0.0000010 0.0000010 0.0154238 0.0272676 0.0232657 0.2099233 0.0291925 0.0000010 
353407_Noatok                  0.0115457 0.0115457 0.0058911 0.0076824 0.0257275 0.0209537 0.0213430 0.0000000 0.0038305 0.0251500 0.0213430 0.0213243 0.0292695 0.0252510 0.2373884 0.0352268 0.0235355 
353410_Horizon_Lake            0.0076692 0.0076692 0.0019567 0.0038271 0.0213526 0.0124733 0.0173987 0.0038305 0.0000000 0.0204877 0.0173987 0.0173835 0.0252731 0.0212871 0.2232136 0.0311964 0.0191783 
92319_Little_Lost              0.0204666 0.0204666 0.0181724 0.0204666 0.0022469 0.0375806 0.0000010 0.0251500 0.0204877 0.0000000 0.0000010 0.0181538 0.0321526 0.0274107 0.3323158 0.0344171 0.0000010 
94280_St_Joe                   0.0173835 0.0173835 0.0158032 0.0173835 0.0021050 0.0252457 0.0000010 0.0213430 0.0173987 0.0000010 0.0000000 0.0154238 0.0272676 0.0232657 0.2099233 0.0291925 0.0000010 
GCA016432855_Lake_Trout        0.0173684 0.0173684 0.0157892 0.0173684 0.0191597 0.0251979 0.0154238 0.0213243 0.0173835 0.0181538 0.0154238 0.0000000 0.0272437 0.0232454 0.1968690 0.0134829 0.0169966 
GCA036784925_Maine_S_alpinus   0.0252510 0.0252510 0.0238410 0.0252510 0.0322944 0.0513372 0.0272676 0.0292695 0.0252731 0.0321526 0.0272676 0.0272437 0.0000000 0.0076824 0.2578795 0.0412559 0.0300799 
GCA045679555_Iceland_A_alpinus 0.0212686 0.0212686 0.0197753 0.0212686 0.0278475 0.0423530 0.0232657 0.0252510 0.0212871 0.0274107 0.0232657 0.0232454 0.0076824 0.0000000 0.2361112 0.0371547 0.0256531 
GCF013265735_Rainbow_Trout     0.2226201 0.2226201 0.2321855 0.2226201 0.2702047 0.3776977 0.2099233 0.2373884 0.2232136 0.3323158 0.2099233 0.1968690 0.2578795 0.2361112 0.0000000 0.2367480 0.2702047 
GCF029448725_Brook_Trout       0.0311690 0.0311690 0.0298906 0.0311690 0.0344173 0.0468675 0.0291925 0.0352268 0.0311964 0.0344171 0.0291925 0.0134829 0.0412559 0.0371547 0.2367480 0.0000000 0.0322006 
Methow_River_99895             0.0191597 0.0191597 0.0174586 0.0191597 0.0021050 0.0316354 0.0000010 0.0235355 0.0191783 0.0000010 0.0000010 0.0169966 0.0300799 0.0256531 0.2702047 0.0322006 0.0000000 
