13
251140_Ward_Creek          0.0000000 0.0038536 0.0077220 0.0038536 0.0234506 0.0000010 0.0234506 0.0194464 0.0077333 0.2054762 0.0395152 0.0516817 0.0596946 
260512_Pybus_Point         0.0038536 0.0000000 0.0038536 0.0000010 0.0195040 0.0000010 0.0195040 0.0155268 0.0038592 0.2054762 0.0354925 0.0476097 0.0556018 
261935_Kenai_River         0.0077220 0.0038536 0.0000000 0.0038536 0.0234506 0.0155041 0.0234506 0.0113583 0.0077333 0.2120274 0.0395152 0.0504773 0.0596946 
353213_Cropley_Lake        0.0038536 0.0000010 0.0038536 0.0000000 0.0195040 0.0000010 0.0195040 0.0155268 0.0038592 0.2054762 0.0354925 0.0476097 0.0556018 
353379_Skagit_River        0.0234506 0.0195040 0.0234506 0.0195040 0.0000000 0.0642925 0.0000010 0.0194751 0.0234855 0.1722073 0.0315331 0.0436199 0.0516037 
353381_Dungeness_River     0.0000010 0.0000010 0.0155041 0.0000010 0.0642925 0.0000000 0.0642925 0.0639012 0.0155958 1.3681996 0.1347545 0.1904297 0.1500207 
353401_Peace_River         0.0234506 0.0195040 0.0234506 0.0195040 0.0000010 0.0642925 0.0000000 0.0194751 0.0234855 0.1722073 0.0315331 0.0436199 0.0516037 
353407_Noatok              0.0194464 0.0155268 0.0113583 0.0155268 0.0194751 0.0639012 0.0194751 0.0000000 0.0194751 0.2050087 0.0354394 0.0464340 0.0473952 
353410_Horizon_Lake        0.0077333 0.0038592 0.0077333 0.0038592 0.0234855 0.0155958 0.0234855 0.0194751 0.0000000 0.2125142 0.0395746 0.0517600 0.0597852 
92319_Little_Lost          0.2054762 0.2054762 0.2120274 0.2054762 0.1722073 1.3681996 0.1722073 0.2050087 0.2125142 0.0000000 0.2268355 0.2397972 0.2597685 
GCA016432855_Lake_Trout    0.0395152 0.0354925 0.0395152 0.0354925 0.0315331 0.1347545 0.0315331 0.0354394 0.0395746 0.2268355 0.0000000 0.0601503 0.0682425 
GCF013265735_Rainbow_Trout 0.0516817 0.0476097 0.0504773 0.0476097 0.0436199 0.1904297 0.0436199 0.0464340 0.0517600 0.2397972 0.0601503 0.0000000 0.0807867 
GCF029448725_Brook_Trout   0.0596946 0.0556018 0.0596946 0.0556018 0.0516037 0.1500207 0.0516037 0.0473952 0.0597852 0.2597685 0.0682425 0.0807867 0.0000000 
