17
251140_Ward_Creek              0.0000000 0.0097698 0.0433881 0.0064929 0.0065029 0.0097698 0.0065029 0.0068367 2.5414084 0.0068367 0.0097698 0.0433881 0.0433881 0.0064929 0.0065029 0.0961974 0.0163627 
260512_Pybus_Point             0.0097698 0.0000000 0.0399207 0.0032463 0.0032413 0.0000010 0.0032413 0.0102891 2.3479147 0.0102891 0.0064929 0.0399207 0.0399207 0.0097698 0.0097848 0.0924489 0.0196977 
261935_Kenai_River             0.0433881 0.0399207 0.0000000 0.0433881 0.0365329 0.0399207 0.0365329 0.0380495 1.5023385 0.0380495 0.0399207 0.0000010 0.0063693 0.0433881 0.0365329 0.0556372 0.0538422 
353213_Cropley_Lake            0.0064929 0.0032463 0.0433881 0.0000000 0.0065029 0.0032463 0.0065029 0.0068367 2.5414084 0.0068367 0.0097698 0.0433881 0.0433881 0.0064929 0.0065029 0.0961974 0.0163627 
353219_Peterson_Creek          0.0065029 0.0032413 0.0365329 0.0065029 0.0000000 0.0032413 0.0000010 0.0068477 2.2644219 0.0068477 0.0032413 0.0365329 0.0365329 0.0065029 0.0065129 0.0888697 0.0163879 
353220_Fish_Creek              0.0097698 0.0000010 0.0399207 0.0032463 0.0032413 0.0000000 0.0032413 0.0102891 2.3479147 0.0102891 0.0064929 0.0399207 0.0399207 0.0097698 0.0097848 0.0924489 0.0196977 
353246_Cottonwood_Creek        0.0065029 0.0032413 0.0365329 0.0065029 0.0000010 0.0032413 0.0000000 0.0068477 2.2644219 0.0068477 0.0032413 0.0365329 0.0365329 0.0065029 0.0065129 0.0888697 0.0163879 
353379_Skagit_River            0.0068367 0.0102891 0.0380495 0.0068367 0.0068477 0.0102891 0.0068477 0.0000000 1.9318899 0.0000010 0.0102891 0.0380495 0.0380495 0.0068367 0.0000010 0.0926734 0.0172352 
353381_Dungeness_River         2.5414084 2.3479147 1.5023385 2.5414084 2.2644219 2.3479147 2.2644219 1.9318899 0.0000000 1.9318899 2.3479147 1.5023385 1.5023385 2.5414084 2.2644219 2.4161909 3.0377609 
353401_Peace_River             0.0068367 0.0102891 0.0380495 0.0068367 0.0068477 0.0102891 0.0068477 0.0000010 1.9318899 0.0000000 0.0102891 0.0380495 0.0380495 0.0068367 0.0000010 0.0926734 0.0172352 
353407_Noatok                  0.0097698 0.0064929 0.0399207 0.0097698 0.0032413 0.0064929 0.0032413 0.0102891 2.3479147 0.0102891 0.0000000 0.0399207 0.0399207 0.0032463 0.0097848 0.0924489 0.0196977 
353410_Horizon_Lake            0.0433881 0.0399207 0.0000010 0.0433881 0.0365329 0.0399207 0.0365329 0.0380495 1.5023385 0.0380495 0.0399207 0.0000000 0.0063693 0.0433881 0.0365329 0.0556372 0.0538422 
GCA016432855_Lake_Trout        0.0433881 0.0399207 0.0063693 0.0433881 0.0365329 0.0399207 0.0365329 0.0380495 1.5023385 0.0380495 0.0399207 0.0063693 0.0000000 0.0433881 0.0365329 0.0556372 0.0469524 
GCA036784925_Maine_S_alpinus   0.0064929 0.0097698 0.0433881 0.0064929 0.0065029 0.0097698 0.0065029 0.0068367 2.5414084 0.0068367 0.0032463 0.0433881 0.0433881 0.0000000 0.0065029 0.0961974 0.0163627 
GCA045679555_Iceland_A_alpinus 0.0065029 0.0097848 0.0365329 0.0065029 0.0065129 0.0097848 0.0065129 0.0000010 2.2644219 0.0000010 0.0097848 0.0365329 0.0365329 0.0065029 0.0000000 0.0888697 0.0163879 
GCF013265735_Rainbow_Trout     0.0961974 0.0924489 0.0556372 0.0961974 0.0888697 0.0924489 0.0888697 0.0926734 2.4161909 0.0926734 0.0924489 0.0556372 0.0556372 0.0961974 0.0888697 0.0000000 0.1074230 
GCF029448725_Brook_Trout       0.0163627 0.0196977 0.0538422 0.0163627 0.0163879 0.0196977 0.0163879 0.0172352 3.0377609 0.0172352 0.0196977 0.0538422 0.0469524 0.0163627 0.0163879 0.1074230 0.0000000 
