11
251140_Ward_Creek          0.0000000 0.0000010 0.0253775 0.0266097 0.2676842 0.1888607 0.1588708 0.1588708 0.3803999 2.1909104 0.4281959 
260512_Pybus_Point         0.0000010 0.0000000 0.0253775 0.0266097 0.2676842 0.1888607 0.1588708 0.1588708 0.3803999 2.1909104 0.4281959 
261935_Kenai_River         0.0253775 0.0253775 0.0000000 0.0560810 0.1455330 0.2286585 0.1960451 0.1960451 0.4346599 2.3092046 0.4852347 
353219_Peterson_Creek      0.0266097 0.0266097 0.0560810 0.0000000 0.6922576 0.2367789 0.2031851 0.2031851 0.4479855 2.3259240 0.5024713 
353246_Cottonwood_Creek    0.2676842 0.2676842 0.1455330 0.6922576 0.0000000 1.6717028 1.2580231 1.2580231 1.6501475 4.6906507 1.8049092 
353379_Skagit_River        0.1888607 0.1888607 0.2286585 0.2367789 1.6717028 0.0000000 0.0240623 0.0240623 0.2781058 2.3241877 0.2516086 
353401_Peace_River         0.1588708 0.1588708 0.1960451 0.2031851 1.2580231 0.0240623 0.0000000 0.0000010 0.2454507 2.2356178 0.2195075 
92319_Little_Lost          0.1588708 0.1588708 0.1960451 0.2031851 1.2580231 0.0240623 0.0000010 0.0000000 0.2454507 2.2356178 0.2195075 
GCA016432855_Lake_Trout    0.3803999 0.3803999 0.4346599 0.4479855 1.6501475 0.2781058 0.2454507 0.2454507 0.0000000 2.0529066 0.3828195 
GCF013265735_Rainbow_Trout 2.1909104 2.1909104 2.3092046 2.3259240 4.6906507 2.3241877 2.2356178 2.2356178 2.0529066 0.0000000 2.0558313 
GCF029448725_Brook_Trout   0.4281959 0.4281959 0.4852347 0.5024713 1.8049092 0.2516086 0.2195075 0.2195075 0.3828195 2.0558313 0.0000000 
