16
251140_Ward_Creek              0.0000000 0.1648435 0.0000010 0.0000010 0.1648435 0.0744250 0.5737165 0.6917524 0.5737165 0.1648435 0.1648435 0.4661972 4.7218194 0.0744250 2.1261264 1.0255894 
260512_Pybus_Point             0.1648435 0.0000000 0.1349249 0.1349249 0.0000010 0.0649202 0.7037441 1.1470629 0.7037441 0.1423742 0.3113976 0.6054783 8.9999985 0.0649202 2.2113407 1.0941632 
261935_Kenai_River             0.0000010 0.1349249 0.0000000 0.0000010 0.1349249 0.0620652 0.4627737 0.3531122 0.4627737 0.1349249 0.1349249 0.3751984 3.5945030 0.0620652 1.9779033 0.8853015 
353213_Cropley_Lake            0.0000010 0.1349249 0.0000010 0.0000000 0.1349249 0.0620652 0.4627737 0.3531122 0.4627737 0.1349249 0.1349249 0.3751984 3.5945030 0.0620652 1.9779033 0.8853015 
353219_Peterson_Creek          0.1648435 0.0000010 0.1349249 0.1349249 0.0000000 0.0649202 0.7037441 1.1470629 0.7037441 0.1423742 0.3113976 0.6054783 8.9999985 0.0649202 2.2113407 1.0941632 
353220_Fish_Creek              0.0744250 0.0649202 0.0620652 0.0620652 0.0649202 0.0000000 0.5510510 0.5754935 0.5510510 0.0649202 0.2101821 0.4627737 4.9885729 0.0000010 2.0061591 0.9461271 
353379_Skagit_River            0.5737165 0.7037441 0.4627737 0.4627737 0.7037441 0.5510510 0.0000000 1.4293123 0.0000010 0.7037441 0.2729344 0.5086928 2.8075025 0.5510510 1.7870636 0.7487402 
353381_Dungeness_River         0.6917524 1.1470629 0.3531122 0.3531122 1.1470629 0.5754935 1.4293123 0.0000000 1.4293123 1.1470629 1.1470629 1.4835680 0.3029328 0.5754935 2.8196086 1.5965343 
353401_Peace_River             0.5737165 0.7037441 0.4627737 0.4627737 0.7037441 0.5510510 0.0000010 1.4293123 0.0000000 0.7037441 0.2729344 0.5086928 2.8075025 0.5510510 1.7870636 0.7487402 
353407_Noatok                  0.1648435 0.1423742 0.1349249 0.1349249 0.1423742 0.0649202 0.7037441 1.1470629 0.7037441 0.0000000 0.3113976 0.6054783 8.9999985 0.0649202 2.2113407 1.0941632 
353410_Horizon_Lake            0.1648435 0.3113976 0.1349249 0.1349249 0.3113976 0.2101821 0.2729344 1.1470629 0.2729344 0.3113976 0.0000000 0.3502180 3.9766562 0.2101821 1.7954942 0.6785212 
GCA016432855_Lake_Trout        0.4661972 0.6054783 0.3751984 0.3751984 0.6054783 0.4627737 0.5086928 1.4835680 0.5086928 0.6054783 0.3502180 0.0000000 2.8075025 0.4627737 1.7870636 0.6031256 
GCA036784925_Maine_S_alpinus   4.7218194 8.9999985 3.5945030 3.5945030 8.9999985 4.9885729 2.8075025 0.3029328 2.8075025 8.9999985 3.9766562 2.8075025 0.0000000 4.9885729 3.4045653 2.2760320 
GCA045679555_Iceland_A_alpinus 0.0744250 0.0649202 0.0620652 0.0620652 0.0649202 0.0000010 0.5510510 0.5754935 0.5510510 0.0649202 0.2101821 0.4627737 4.9885729 0.0000000 2.0061591 0.9461271 
GCF013265735_Rainbow_Trout     2.1261264 2.2113407 1.9779033 1.9779033 2.2113407 2.0061591 1.7870636 2.8196086 1.7870636 2.2113407 1.7954942 1.7870636 3.4045653 2.0061591 0.0000000 1.8254385 
GCF029448725_Brook_Trout       1.0255894 1.0941632 0.8853015 0.8853015 1.0941632 0.9461271 0.7487402 1.5965343 0.7487402 1.0941632 0.6785212 0.6031256 2.2760320 0.9461271 1.8254385 0.0000000 
