17
251140_Ward_Creek              0.0000000 0.0000010 0.0316882 0.0077844 0.1016034 0.0000010 0.1111857 0.0236653 0.0236653 0.2492215 0.1016034 0.0315329 0.0235502 0.0235502 0.2519358 0.0315329 0.1111857 
260512_Pybus_Point             0.0000010 0.0000000 0.0316882 0.0077844 0.1016034 0.0000010 0.1111857 0.0236653 0.0236653 0.2492215 0.1016034 0.0315329 0.0235502 0.0235502 0.2519358 0.0315329 0.1111857 
261935_Kenai_River             0.0316882 0.0316882 0.0000000 0.0397813 0.1203085 0.1136108 0.1302343 0.0077844 0.0077844 0.2943195 0.1203085 0.0479438 0.0397813 0.0397813 0.2751907 0.0479438 0.1302343 
353246_Cottonwood_Creek        0.0077844 0.0077844 0.0397813 0.0000000 0.1105866 0.0266933 0.1203085 0.0316882 0.0316882 0.2697633 0.1105866 0.0395855 0.0315329 0.0315329 0.2626431 0.0395855 0.1203085 
353379_Skagit_River            0.1016034 0.1016034 0.1203085 0.1105866 0.0000000 0.4035564 0.0038484 0.1111857 0.1111857 0.0100342 0.0000010 0.0838868 0.1105866 0.1105866 0.0811523 0.1016034 0.0038484 
353381_Dungeness_River         0.0000010 0.0000010 0.1136108 0.0266933 0.4035564 0.0000000 0.4625003 0.0839070 0.0839070 0.5130342 0.4035564 0.1116033 0.0824572 0.0824572 1.5339490 0.1116033 0.4625003 
353401_Peace_River             0.1111857 0.1111857 0.1302343 0.1203085 0.0038484 0.4625003 0.0000000 0.1209691 0.1209691 0.0049883 0.0038484 0.0931991 0.1203085 0.1203085 0.0856184 0.1111857 0.0000010 
353407_Noatok                  0.0236653 0.0236653 0.0077844 0.0316882 0.1111857 0.0839070 0.1209691 0.0000000 0.0000010 0.2730352 0.1111857 0.0397813 0.0316882 0.0316882 0.2642865 0.0397813 0.1209691 
353410_Horizon_Lake            0.0236653 0.0236653 0.0077844 0.0316882 0.1111857 0.0839070 0.1209691 0.0000010 0.0000000 0.2730352 0.1111857 0.0397813 0.0316882 0.0316882 0.2642865 0.0397813 0.1209691 
92319_Little_Lost              0.2492215 0.2492215 0.2943195 0.2697633 0.0100342 0.5130342 0.0049883 0.2730352 0.2730352 0.0000000 0.0100342 0.2093692 0.2697633 0.2697633 0.1129839 0.2492215 0.0049883 
94280_St_Joe                   0.1016034 0.1016034 0.1203085 0.1105866 0.0000010 0.4035564 0.0038484 0.1111857 0.1111857 0.0100342 0.0000000 0.0838868 0.1105866 0.1105866 0.0811523 0.1016034 0.0038484 
GCA016432855_Lake_Trout        0.0315329 0.0315329 0.0479438 0.0395855 0.0838868 0.1116033 0.0931991 0.0397813 0.0397813 0.2093692 0.0838868 0.0000000 0.0395855 0.0395855 0.2308533 0.0315329 0.0931991 
GCA036784925_Maine_S_alpinus   0.0235502 0.0235502 0.0397813 0.0315329 0.1105866 0.0824572 0.1203085 0.0316882 0.0316882 0.2697633 0.1105866 0.0395855 0.0000000 0.0000010 0.2626431 0.0395855 0.1203085 
GCA045679555_Iceland_A_alpinus 0.0235502 0.0235502 0.0397813 0.0315329 0.1105866 0.0824572 0.1203085 0.0316882 0.0316882 0.2697633 0.1105866 0.0395855 0.0000010 0.0000000 0.2626431 0.0395855 0.1203085 
GCF013265735_Rainbow_Trout     0.2519358 0.2519358 0.2751907 0.2626431 0.0811523 1.5339490 0.0856184 0.2642865 0.2642865 0.1129839 0.0811523 0.2308533 0.2626431 0.2626431 0.0000000 0.2519358 0.0856184 
GCF029448725_Brook_Trout       0.0315329 0.0315329 0.0479438 0.0395855 0.1016034 0.1116033 0.1111857 0.0397813 0.0397813 0.2492215 0.1016034 0.0315329 0.0395855 0.0395855 0.2519358 0.0000000 0.1111857 
Methow_River_99895             0.1111857 0.1111857 0.1302343 0.1203085 0.0038484 0.4625003 0.0000010 0.1209691 0.1209691 0.0049883 0.0038484 0.0931991 0.1203085 0.1203085 0.0856184 0.1111857 0.0000000 
