14
251140_Ward_Creek            0.0000000 0.0000010 0.0026465 0.0026465 0.0187405 3.0196756 0.0160408 0.0026465 0.0187769 0.0160408 0.0106615 0.0026465 0.0352701 0.0215569 
260512_Pybus_Point           0.0000010 0.0000000 0.0026465 0.0026465 0.0187405 3.0196756 0.0160408 0.0026465 0.0187769 0.0160408 0.0106615 0.0026465 0.0352701 0.0215569 
261935_Kenai_River           0.0026465 0.0026465 0.0000000 0.0000010 0.0214478 3.0196756 0.0187405 0.0053004 0.0214896 0.0187405 0.0133462 0.0053004 0.0380383 0.0242859 
353213_Cropley_Lake          0.0026465 0.0026465 0.0000010 0.0000000 0.0214478 3.0196756 0.0187405 0.0053004 0.0214896 0.0187405 0.0133462 0.0053004 0.0380383 0.0242859 
353379_Skagit_River          0.0187405 0.0187405 0.0214478 0.0214478 0.0000000 2.5881464 0.0026447 0.0214478 0.0053069 0.0026447 0.0159847 0.0214478 0.0379094 0.0242044 
353381_Dungeness_River       3.0196756 3.0196756 3.0196756 3.0196756 2.5881464 0.0000000 2.5881464 2.9645862 2.5881464 2.5881464 2.5881464 2.9645862 2.6629817 3.0261342 
353401_Peace_River           0.0160408 0.0160408 0.0187405 0.0187405 0.0026447 2.5881464 0.0000000 0.0187405 0.0026498 0.0000010 0.0133020 0.0187405 0.0351507 0.0214847 
353410_Horizon_Lake          0.0026465 0.0026465 0.0053004 0.0053004 0.0214478 2.9645862 0.0187405 0.0000000 0.0214896 0.0187405 0.0133462 0.0000010 0.0380383 0.0242859 
92319_Little_Lost            0.0187769 0.0187769 0.0214896 0.0214896 0.0053069 2.5881464 0.0026498 0.0214896 0.0000000 0.0026498 0.0160156 0.0214896 0.0379842 0.0242517 
94280_St_Joe                 0.0160408 0.0160408 0.0187405 0.0187405 0.0026447 2.5881464 0.0000010 0.0187405 0.0026498 0.0000000 0.0133020 0.0187405 0.0351507 0.0214847 
GCA016432855_Lake_Trout      0.0106615 0.0106615 0.0133462 0.0133462 0.0159847 2.5881464 0.0133020 0.0133462 0.0160156 0.0133020 0.0000000 0.0133462 0.0323953 0.0187692 
GCA036784925_Maine_S_alpinus 0.0026465 0.0026465 0.0053004 0.0053004 0.0214478 2.9645862 0.0187405 0.0000010 0.0214896 0.0187405 0.0133462 0.0000000 0.0380383 0.0242859 
GCF013265735_Rainbow_Trout   0.0352701 0.0352701 0.0380383 0.0380383 0.0379094 2.6629817 0.0351507 0.0380383 0.0379842 0.0351507 0.0323953 0.0380383 0.0000000 0.0408859 
GCF029448725_Brook_Trout     0.0215569 0.0215569 0.0242859 0.0242859 0.0242044 3.0261342 0.0214847 0.0242859 0.0242517 0.0214847 0.0187692 0.0242859 0.0408859 0.0000000 
