20
251140_Ward_Creek              0.0000000 0.0000010 0.0048355 0.0000010 0.0206933 0.0051286 0.1631858 0.4910652 0.1221604 0.3794030 0.2223588 0.0058797 0.7683070 0.3713474 0.3494185 0.0789184 0.0052902 0.7598383 0.5286902 0.3794030 
260512_Pybus_Point             0.0000010 0.0000000 0.0048654 0.0046772 0.0236148 0.0048654 0.1529546 0.4106296 0.1100907 0.3284903 0.2111485 0.0055364 0.6184666 0.3443600 0.3224573 0.1786528 0.0044914 0.6939713 0.5078858 0.3479004 
261935_Kenai_River             0.0048355 0.0048654 0.0000000 0.0046011 0.0146893 0.0097487 0.1591796 0.4399631 0.1085767 0.3443600 0.2153283 0.0055364 0.6825846 0.3369397 0.3145991 0.1854525 0.0100402 0.7025871 0.4786175 0.3443600 
353213_Cropley_Lake            0.0000010 0.0046772 0.0046011 0.0000000 0.0188029 0.0048654 0.1529546 0.4487851 0.0991047 0.3517952 0.2178360 0.0055364 0.6924047 0.3443600 0.3224573 0.1786528 0.0050106 0.6939713 0.4867366 0.3465871 
353219_Peterson_Creek          0.0206933 0.0236148 0.0146893 0.0188029 0.0000000 0.0245721 0.1786731 0.4339261 0.1094176 0.3386342 0.2187461 0.0223530 0.6787754 0.3311800 0.3083557 0.2068791 0.0253131 0.6995335 0.4936952 0.3340758 
353220_Fish_Creek              0.0051286 0.0048654 0.0097487 0.0048654 0.0245721 0.0000000 0.1591796 0.4576166 0.1085767 0.3592444 0.2294142 0.0055364 0.7021879 0.3517952 0.3303355 0.1854525 0.0100402 0.7025871 0.5166328 0.3592444 
353246_Cottonwood_Creek        0.1631858 0.1529546 0.1591796 0.1529546 0.1786731 0.1591796 0.0000000 0.9671607 0.6738230 0.7161879 0.1471588 0.1867281 1.4928746 0.7060504 0.2420446 0.4563139 0.1649966 0.6097316 0.4231099 0.7161879 
353379_Skagit_River            0.4910652 0.4106296 0.4399631 0.4487851 0.4339261 0.4576166 0.9671607 0.0000000 1.4792719 0.0836157 0.5625664 0.5609666 0.0000010 0.0864132 0.6874960 0.5546553 0.4368187 1.1027557 0.5656425 0.0927953 
353381_Dungeness_River         0.1221604 0.1100907 0.1085767 0.0991047 0.1094176 0.1085767 0.6738230 1.4792719 0.0000000 0.6926857 1.0117464 0.1085767 8.9999987 0.6926857 1.6845622 0.9208705 0.1160893 2.7924870 7.6318146 0.6338328 
353401_Peace_River             0.3794030 0.3284903 0.3443600 0.3517952 0.3386342 0.3592444 0.7161879 0.0836157 0.6926857 0.0000000 0.4304238 0.4145539 0.0836157 0.0053793 0.4923804 0.4263198 0.3478571 1.3207492 0.4030975 0.0000010 
353407_Noatok                  0.2223588 0.2111485 0.2153283 0.2178360 0.2187461 0.2294142 0.1471588 0.5625664 1.0117464 0.4304238 0.0000000 0.2660112 0.5625664 0.4218031 0.0705871 0.1475527 0.2387930 0.5246781 0.2157444 0.4217100 
353410_Horizon_Lake            0.0058797 0.0055364 0.0055364 0.0055364 0.0223530 0.0055364 0.1867281 0.5609666 0.1085767 0.4145539 0.2660112 0.0000000 0.8963035 0.4145539 0.3932301 0.2126160 0.0057251 0.8756788 0.6338026 0.4145539 
92319_Little_Lost              0.7683070 0.6184666 0.6825846 0.6924047 0.6787754 0.7021879 1.4928746 0.0000010 8.9999987 0.0836157 0.5625664 0.8963035 0.0000000 0.0864132 0.6874960 0.5546553 0.6579618 1.6326134 0.5656425 0.0927953 
94280_St_Joe                   0.3713474 0.3443600 0.3369397 0.3443600 0.3311800 0.3517952 0.7060504 0.0864132 0.6926857 0.0053793 0.4218031 0.4145539 0.0864132 0.0000000 0.4832586 0.4178373 0.3666468 1.3133904 0.3950284 0.0053793 
GCA016432855_Lake_Trout        0.3494185 0.3224573 0.3145991 0.3224573 0.3083557 0.3303355 0.2420446 0.6874960 1.6845622 0.4923804 0.0705871 0.3932301 0.6874960 0.4832586 0.0000000 0.3981279 0.3451966 0.5980874 0.2429947 0.4923804 
GCA036784925_Maine_S_alpinus   0.0789184 0.1786528 0.1854525 0.1786528 0.2068791 0.1854525 0.4563139 0.5546553 0.9208705 0.4263198 0.1475527 0.2126160 0.5546553 0.4178373 0.3981279 0.0000000 0.1718790 1.1549701 0.4856399 0.4263198 
GCA045679555_Iceland_A_alpinus 0.0052902 0.0044914 0.0100402 0.0050106 0.0253131 0.0100402 0.1649966 0.4368187 0.1160893 0.3478571 0.2387930 0.0057251 0.6579618 0.3666468 0.3451966 0.1718790 0.0000000 0.7376393 0.4249666 0.3744250 
GCF013265735_Rainbow_Trout     0.7598383 0.6939713 0.7025871 0.6939713 0.6995335 0.7025871 0.6097316 1.1027557 2.7924870 1.3207492 0.5246781 0.8756788 1.6326134 1.3133904 0.5980874 1.1549701 0.7376393 0.0000000 0.8663337 1.3207492 
GCF029448725_Brook_Trout       0.5286902 0.5078858 0.4786175 0.4867366 0.4936952 0.5166328 0.4231099 0.5656425 7.6318146 0.4030975 0.2157444 0.6338026 0.5656425 0.3950284 0.2429947 0.4856399 0.4249666 0.8663337 0.0000000 0.4030975 
Methow_River_99895             0.3794030 0.3479004 0.3443600 0.3465871 0.3340758 0.3592444 0.7161879 0.0927953 0.6338328 0.0000010 0.4217100 0.4145539 0.0927953 0.0053793 0.4923804 0.4263198 0.3744250 1.3207492 0.4030975 0.0000000 
