18
251140_Ward_Creek              0.0000000 0.0008665 0.0000010 0.0000010 0.0000010 0.0034743 0.0146303 0.0010266 0.0131418 0.0339795 0.0017340 0.0145776 0.0131418 0.0113615 0.0034716 0.0026023 0.0682803 0.0198840 
260512_Pybus_Point             0.0008665 0.0000000 0.0007482 0.0007482 0.0009616 0.0037550 0.0133436 0.0020542 0.0121051 0.0234758 0.0022495 0.0133023 0.0121051 0.0113309 0.0037526 0.0030006 0.0626294 0.0178739 
261935_Kenai_River             0.0000010 0.0007482 0.0000000 0.0000010 0.0000010 0.0030029 0.0125538 0.0010266 0.0113433 0.0213185 0.0014991 0.0125149 0.0113433 0.0105716 0.0030009 0.0022496 0.0618114 0.0170900 
353213_Cropley_Lake            0.0000010 0.0007482 0.0000010 0.0000000 0.0000010 0.0030029 0.0125538 0.0010266 0.0113433 0.0213185 0.0014991 0.0125149 0.0113433 0.0105716 0.0030009 0.0022496 0.0618114 0.0170900 
353219_Peterson_Creek          0.0000010 0.0009616 0.0000010 0.0000010 0.0000000 0.0038567 0.0142621 0.0014731 0.0136074 0.0213185 0.0019244 0.0152286 0.0136074 0.0126116 0.0038534 0.0028882 0.0741318 0.0201079 
353246_Cottonwood_Creek        0.0034743 0.0037550 0.0030029 0.0030029 0.0038567 0.0000000 0.0125630 0.0041191 0.0113513 0.0213611 0.0015001 0.0125241 0.0113513 0.0105791 0.0030030 0.0022512 0.0618575 0.0171024 
353379_Skagit_River            0.0146303 0.0133436 0.0125538 0.0125538 0.0142621 0.0125630 0.0000000 0.0156042 0.0007652 0.0356487 0.0109744 0.0015841 0.0007652 0.0109641 0.0125544 0.0117637 0.0631733 0.0182733 
353381_Dungeness_River         0.0010266 0.0020542 0.0010266 0.0010266 0.0014731 0.0041191 0.0156042 0.0000000 0.0145549 0.0878523 0.0020542 0.0135769 0.0145549 0.0124391 0.0041154 0.0030844 0.0795852 0.0215573 
353401_Peace_River             0.0131418 0.0121051 0.0113433 0.0113433 0.0136074 0.0113513 0.0007652 0.0145549 0.0000000 0.0320555 0.0098224 0.0007628 0.0000010 0.0098134 0.0113439 0.0105826 0.0600421 0.0168398 
353407_Noatok                  0.0339795 0.0234758 0.0213185 0.0213185 0.0213185 0.0213611 0.0356487 0.0878523 0.0320555 0.0000000 0.0170115 0.0377262 0.0320555 0.0322522 0.0213217 0.0191624 0.1683704 0.0507508 
353410_Horizon_Lake            0.0017340 0.0022495 0.0014991 0.0014991 0.0019244 0.0015001 0.0109744 0.0020542 0.0098224 0.0170115 0.0000000 0.0109405 0.0098224 0.0090535 0.0014991 0.0007482 0.0601700 0.0155221 
92319_Little_Lost              0.0145776 0.0133023 0.0125149 0.0125149 0.0152286 0.0125241 0.0015841 0.0135769 0.0007628 0.0377262 0.0109405 0.0000000 0.0007628 0.0109302 0.0125156 0.0117274 0.0629745 0.0182162 
94280_St_Joe                   0.0131418 0.0121051 0.0113433 0.0113433 0.0136074 0.0113513 0.0007652 0.0145549 0.0000010 0.0320555 0.0098224 0.0007628 0.0000000 0.0098134 0.0113439 0.0105826 0.0600421 0.0168398 
GCA016432855_Lake_Trout        0.0113615 0.0113309 0.0105716 0.0105716 0.0126116 0.0105791 0.0109641 0.0124391 0.0098134 0.0322522 0.0090535 0.0109302 0.0098134 0.0000000 0.0105722 0.0098123 0.0568495 0.0131725 
GCA036784925_Maine_S_alpinus   0.0034716 0.0037526 0.0030009 0.0030009 0.0038534 0.0030030 0.0125544 0.0041154 0.0113439 0.0213217 0.0014991 0.0125156 0.0113439 0.0105722 0.0000000 0.0007482 0.0618156 0.0170909 
GCA045679555_Iceland_A_alpinus 0.0026023 0.0030006 0.0022496 0.0022496 0.0028882 0.0022512 0.0117637 0.0030844 0.0105826 0.0191624 0.0007482 0.0117274 0.0105826 0.0098123 0.0007482 0.0000000 0.0609912 0.0163057 
GCF013265735_Rainbow_Trout     0.0682803 0.0626294 0.0618114 0.0618114 0.0741318 0.0618575 0.0631733 0.0795852 0.0600421 0.1683704 0.0601700 0.0629745 0.0600421 0.0568495 0.0618156 0.0609912 0.0000000 0.0648877 
GCF029448725_Brook_Trout       0.0198840 0.0178739 0.0170900 0.0170900 0.0201079 0.0171024 0.0182733 0.0215573 0.0168398 0.0507508 0.0155221 0.0182162 0.0168398 0.0131725 0.0170909 0.0163057 0.0648877 0.0000000 
