13
251140_Ward_Creek              0.0000000 0.0000010 0.0093304 0.0093304 0.0305808 0.0046504 0.0093040 0.0046504 0.0139609 0.0093297 0.0093071 0.1045859 0.0475267 
260512_Pybus_Point             0.0000010 0.0000000 0.0093304 0.0093304 0.0305808 0.0046504 0.0093040 0.0046504 0.0139609 0.0093297 0.0093071 0.1045859 0.0475267 
261935_Kenai_River             0.0093304 0.0093304 0.0000000 0.0000010 0.0977372 0.0140787 0.0093040 0.0140787 0.0234832 0.0188316 0.0187856 0.1156956 0.0575699 
353246_Cottonwood_Creek        0.0093304 0.0093304 0.0000010 0.0000000 0.0977372 0.0140787 0.0093040 0.0140787 0.0234832 0.0188316 0.0187856 0.1156956 0.0575699 
353381_Dungeness_River         0.0305808 0.0305808 0.0977372 0.0977372 0.0000000 0.0305808 0.0957675 0.0305808 0.1280783 0.0630655 0.0960236 1.2539906 0.4138800 
353401_Peace_River             0.0046504 0.0046504 0.0140787 0.0140787 0.0305808 0.0000000 0.0140386 0.0000010 0.0187263 0.0140777 0.0140433 0.1102793 0.0525984 
353407_Noatok                  0.0093040 0.0093040 0.0093040 0.0093040 0.0957675 0.0140386 0.0000000 0.0140386 0.0234160 0.0187777 0.0187319 0.1153265 0.0573992 
94280_St_Joe                   0.0046504 0.0046504 0.0140787 0.0140787 0.0305808 0.0000010 0.0140386 0.0000000 0.0187263 0.0140777 0.0140433 0.1102793 0.0525984 
GCA016432855_Lake_Trout        0.0139609 0.0139609 0.0234832 0.0234832 0.1280783 0.0187263 0.0234160 0.0187263 0.0000000 0.0234813 0.0234240 0.1097727 0.0329964 
GCA036784925_Maine_S_alpinus   0.0093297 0.0093297 0.0188316 0.0188316 0.0630655 0.0140777 0.0187777 0.0140777 0.0234813 0.0000000 0.0092986 0.1156773 0.0575637 
GCA045679555_Iceland_A_alpinus 0.0093071 0.0093071 0.0187856 0.0187856 0.0960236 0.0140433 0.0187319 0.0140433 0.0234240 0.0092986 0.0000000 0.1153763 0.0574207 
GCF013265735_Rainbow_Trout     0.1045859 0.1045859 0.1156956 0.1156956 1.2539906 0.1102793 0.1153265 0.1102793 0.1097727 0.1156773 0.1153763 0.0000000 0.1370778 
GCF029448725_Brook_Trout       0.0475267 0.0475267 0.0575699 0.0575699 0.4138800 0.0525984 0.0573992 0.0525984 0.0329964 0.0575637 0.0574207 0.1370778 0.0000000 
