12
251140_Ward_Creek          0.0000000 0.0000010 0.0088909 0.0269267 0.0178663 0.0088909 0.1401539 0.0178663 0.0455578 0.1498761 0.0546337 0.0455578 
260512_Pybus_Point         0.0000010 0.0000000 0.0088909 0.0269267 0.0178663 0.0088909 0.1401539 0.0178663 0.0455578 0.1498761 0.0546337 0.0455578 
261935_Kenai_River         0.0088909 0.0088909 0.0000000 0.0360739 0.0269267 0.0178663 0.1916595 0.0269267 0.0549357 0.1607481 0.0640485 0.0549357 
353379_Skagit_River        0.0269267 0.0269267 0.0360739 0.0000000 0.0088909 0.0360739 0.0445026 0.0088909 0.0739699 0.1828578 0.0831592 0.0179613 
353401_Peace_River         0.0178663 0.0178663 0.0269267 0.0088909 0.0000000 0.0269267 0.0445026 0.0000010 0.0644053 0.1717410 0.0735575 0.0270725 
353410_Horizon_Lake        0.0088909 0.0088909 0.0178663 0.0360739 0.0269267 0.0000000 0.1916595 0.0269267 0.0549357 0.1607481 0.0640485 0.0549357 
92319_Little_Lost          0.1401539 0.1401539 0.1916595 0.0445026 0.0445026 0.1916595 0.0000000 0.0445026 0.3632071 2.0883509 0.4267010 0.0457286 
94280_St_Joe               0.0178663 0.0178663 0.0269267 0.0088909 0.0000010 0.0269267 0.0445026 0.0000000 0.0644053 0.1717410 0.0735575 0.0270725 
GCA016432855_Lake_Trout    0.0455578 0.0455578 0.0549357 0.0739699 0.0644053 0.0549357 0.3632071 0.0644053 0.0000000 0.1728286 0.0270725 0.0939190 
GCF013265735_Rainbow_Trout 0.1498761 0.1498761 0.1607481 0.1828578 0.1717410 0.1607481 2.0883509 0.1717410 0.1728286 0.0000000 0.1828578 0.2068047 
GCF029448725_Brook_Trout   0.0546337 0.0546337 0.0640485 0.0831592 0.0735575 0.0640485 0.4267010 0.0735575 0.0270725 0.1828578 0.0000000 0.1032381 
Methow_River_99895         0.0455578 0.0455578 0.0549357 0.0179613 0.0270725 0.0549357 0.0457286 0.0270725 0.0939190 0.2068047 0.1032381 0.0000000 
