18
251140_Ward_Creek            0.0000000 0.2646753 0.0000010 0.0000010 0.0210817 0.0210817 0.1880211 0.2230647 0.1364159 0.0210817 0.0427731 0.2280538 0.1364159 0.2727663 0.0427731 0.7610549 0.5182355 0.1617747 
260512_Pybus_Point           0.2646753 0.0000000 0.2646753 0.2646753 0.2335893 0.2335893 0.1207222 0.2053675 0.1750346 0.2335893 0.2037407 0.3358559 0.1750346 0.3665030 0.2037407 0.9378969 0.6773564 0.1473869 
261935_Kenai_River           0.0000010 0.2646753 0.0000000 0.0000010 0.0210817 0.0210817 0.1880211 0.2230647 0.1364159 0.0210817 0.0427731 0.2280538 0.1364159 0.2727663 0.0427731 0.7610549 0.5182355 0.1617747 
353213_Cropley_Lake          0.0000010 0.2646753 0.0000010 0.0000000 0.0210817 0.0210817 0.1880211 0.2230647 0.1364159 0.0210817 0.0427731 0.2280538 0.1364159 0.2727663 0.0427731 0.7610549 0.5182355 0.1617747 
353219_Peterson_Creek        0.0210817 0.2335893 0.0210817 0.0210817 0.0000000 0.0427731 0.1617747 0.1809709 0.1118865 0.0427731 0.0210817 0.1765582 0.1118865 0.2434411 0.0210817 0.7057945 0.4778560 0.1364159 
353246_Cottonwood_Creek      0.0210817 0.2335893 0.0210817 0.0210817 0.0427731 0.0000000 0.1617747 0.1809709 0.1118865 0.0000010 0.0210817 0.1765582 0.1118865 0.2434411 0.0210817 0.7057945 0.4778560 0.1364159 
353379_Skagit_River          0.1880211 0.1207222 0.1880211 0.1880211 0.1617747 0.1617747 0.0000000 0.0000010 0.0427731 0.1617747 0.1364159 0.0830957 0.0427731 0.2727663 0.1364159 0.7057945 0.5182355 0.0210817 
353381_Dungeness_River       0.2230647 0.2053675 0.2230647 0.2230647 0.1809709 0.1809709 0.0000010 0.0000000 0.0328683 0.1809709 0.1411145 0.1293253 0.0328683 0.3150804 0.1411145 0.6877645 0.7728703 0.0328683 
353401_Peace_River           0.1364159 0.1750346 0.1364159 0.1364159 0.1118865 0.1118865 0.0427731 0.0328683 0.0000000 0.1118865 0.0881340 0.0000010 0.0000010 0.2152193 0.0881340 0.6061670 0.4395398 0.0210817 
353407_Noatok                0.0210817 0.2335893 0.0210817 0.0210817 0.0427731 0.0000010 0.1617747 0.1809709 0.1118865 0.0000000 0.0210817 0.1765582 0.1118865 0.2434411 0.0210817 0.7057945 0.4778560 0.1364159 
353410_Horizon_Lake          0.0427731 0.2037407 0.0427731 0.0427731 0.0210817 0.0210817 0.1364159 0.1411145 0.0881340 0.0210817 0.0000000 0.1283721 0.0881340 0.2152193 0.0000010 0.6543269 0.4395398 0.1118865 
92319_Little_Lost            0.2280538 0.3358559 0.2280538 0.2280538 0.1765582 0.1765582 0.0830957 0.1293253 0.0000010 0.1765582 0.1283721 0.0000000 0.0000010 0.4079102 0.1283721 2.1603895 0.9935893 0.0403976 
94280_St_Joe                 0.1364159 0.1750346 0.1364159 0.1364159 0.1118865 0.1118865 0.0427731 0.0328683 0.0000010 0.1118865 0.0881340 0.0000010 0.0000000 0.2152193 0.0881340 0.6061670 0.4395398 0.0210817 
GCA016432855_Lake_Trout      0.2727663 0.3665030 0.2727663 0.2727663 0.2434411 0.2434411 0.2727663 0.3150804 0.2152193 0.2434411 0.2152193 0.4079102 0.2152193 0.0000000 0.2152193 0.7610549 0.2727663 0.2434411 
GCA036784925_Maine_S_alpinus 0.0427731 0.2037407 0.0427731 0.0427731 0.0210817 0.0210817 0.1364159 0.1411145 0.0881340 0.0210817 0.0000010 0.1283721 0.0881340 0.2152193 0.0000000 0.6543269 0.4395398 0.1118865 
GCF013265735_Rainbow_Trout   0.7610549 0.9378969 0.7610549 0.7610549 0.7057945 0.7057945 0.7057945 0.6877645 0.6061670 0.7057945 0.6543269 2.1603895 0.6061670 0.7610549 0.6543269 0.0000000 1.2214979 0.6543269 
GCF029448725_Brook_Trout     0.5182355 0.6773564 0.5182355 0.5182355 0.4778560 0.4778560 0.5182355 0.7728703 0.4395398 0.4778560 0.4395398 0.9935893 0.4395398 0.2727663 0.4395398 1.2214979 0.0000000 0.4778560 
Methow_River_99895           0.1617747 0.1473869 0.1617747 0.1617747 0.1364159 0.1364159 0.0210817 0.0328683 0.0210817 0.1364159 0.1118865 0.0403976 0.0210817 0.2434411 0.1118865 0.6543269 0.4778560 0.0000000 
