11
251140_Ward_Creek          0.0000000 0.0000010 0.0803441 0.0095848 0.0198687 1.3655603 1.4268181 0.0491979 0.0095848 0.1703398 0.0474466 
260512_Pybus_Point         0.0000010 0.0000000 0.0803441 0.0095848 0.0198687 1.3655603 1.4268181 0.0491979 0.0095848 0.1703398 0.0474466 
261935_Kenai_River         0.0803441 0.0803441 0.0000000 0.0910204 0.1050664 1.0002989 1.0373435 0.1353134 0.0910204 0.2726257 0.1524212 
353219_Peterson_Creek      0.0095848 0.0095848 0.0910204 0.0000000 0.0300040 1.4268181 1.4935294 0.0594369 0.0192936 0.1823882 0.0597926 
353220_Fish_Creek          0.0198687 0.0198687 0.1050664 0.0300040 0.0000000 1.0012507 1.0353476 0.0719729 0.0300040 0.1553922 0.0204791 
353246_Cottonwood_Creek    1.3655603 1.3655603 1.0002989 1.4268181 1.0012507 0.0000000 0.0081745 1.7389391 1.4268181 1.6479183 1.5621106 
353407_Noatok              1.4268181 1.4268181 1.0373435 1.4935294 1.0353476 0.0081745 0.0000000 1.8425509 1.4935294 1.7290786 1.6479183 
353410_Horizon_Lake        0.0491979 0.0491979 0.1353134 0.0594369 0.0719729 1.7389391 1.8425509 0.0000000 0.0594369 0.2070818 0.1113150 
GCA016432855_Lake_Trout    0.0095848 0.0095848 0.0910204 0.0192936 0.0300040 1.4268181 1.4935294 0.0594369 0.0000000 0.1823882 0.0597926 
GCF013265735_Rainbow_Trout 0.1703398 0.1703398 0.2726257 0.1823882 0.1553922 1.6479183 1.7290786 0.2070818 0.1823882 0.0000000 0.2082236 
GCF029448725_Brook_Trout   0.0474466 0.0474466 0.1524212 0.0597926 0.0204791 1.5621106 1.6479183 0.1113150 0.0597926 0.2082236 0.0000000 
