16
251140_Ward_Creek            0.0000000 0.0000010 0.0000010 0.0000010 0.0000010 0.0000010 0.0140998 0.0292083 0.0140998 0.0000010 0.0070258 0.0140998 0.0213580 0.0000010 0.0994702 0.0431412 
260512_Pybus_Point           0.0000010 0.0000000 0.0000010 0.0000010 0.0000010 0.0000010 0.0151511 0.0519938 0.0113354 0.0000010 0.0036789 0.0113354 0.0232124 0.0000010 0.0765541 0.0333675 
261935_Kenai_River           0.0000010 0.0000010 0.0000000 0.0000010 0.0000010 0.0000010 0.0151511 0.0519938 0.0113354 0.0000010 0.0036789 0.0113354 0.0232124 0.0000010 0.0765541 0.0337504 
353213_Cropley_Lake          0.0000010 0.0000010 0.0000010 0.0000000 0.0000010 0.0000010 0.0151511 0.0519938 0.0113354 0.0000010 0.0036789 0.0113354 0.0232124 0.0000010 0.0765541 0.0329932 
353219_Peterson_Creek        0.0000010 0.0000010 0.0000010 0.0000010 0.0000000 0.0000010 0.0151511 0.0519938 0.0113354 0.0000010 0.0036789 0.0113354 0.0232124 0.0000010 0.0765541 0.0329932 
353220_Fish_Creek            0.0000010 0.0000010 0.0000010 0.0000010 0.0000010 0.0000000 0.0140998 0.0292083 0.0140998 0.0000010 0.0070258 0.0140998 0.0213580 0.0000010 0.0994702 0.0431412 
353379_Skagit_River          0.0140998 0.0151511 0.0151511 0.0151511 0.0151511 0.0140998 0.0000000 0.1067837 0.0037527 0.0151511 0.0190228 0.0037527 0.0311545 0.0151511 0.0856844 0.0424972 
353381_Dungeness_River       0.0292083 0.0519938 0.0519938 0.0519938 0.0519938 0.0292083 0.1067837 0.0000000 0.1067837 0.0519938 0.0519938 0.1067837 0.1792237 0.0519938 1.1249294 0.3950162 
353401_Peace_River           0.0140998 0.0113354 0.0113354 0.0113354 0.0113354 0.0140998 0.0037527 0.1067837 0.0000000 0.0113354 0.0151805 0.0000010 0.0271909 0.0113354 0.0811682 0.0385357 
353407_Noatok                0.0000010 0.0000010 0.0000010 0.0000010 0.0000010 0.0000010 0.0151511 0.0519938 0.0113354 0.0000000 0.0037210 0.0113354 0.0232124 0.0000010 0.0765541 0.0341422 
353410_Horizon_Lake          0.0070258 0.0036789 0.0036789 0.0036789 0.0036789 0.0070258 0.0190228 0.0519938 0.0151805 0.0037210 0.0000000 0.0151805 0.0272038 0.0036789 0.0812118 0.0376656 
92319_Little_Lost            0.0140998 0.0113354 0.0113354 0.0113354 0.0113354 0.0140998 0.0037527 0.1067837 0.0000010 0.0113354 0.0151805 0.0000000 0.0271909 0.0113354 0.0811682 0.0385357 
GCA016432855_Lake_Trout      0.0213580 0.0232124 0.0232124 0.0232124 0.0232124 0.0213580 0.0311545 0.1792237 0.0271909 0.0232124 0.0272038 0.0271909 0.0000000 0.0232124 0.0861831 0.0271354 
GCA036784925_Maine_S_alpinus 0.0000010 0.0000010 0.0000010 0.0000010 0.0000010 0.0000010 0.0151511 0.0519938 0.0113354 0.0000010 0.0036789 0.0113354 0.0232124 0.0000000 0.0765541 0.0337504 
GCF013265735_Rainbow_Trout   0.0994702 0.0765541 0.0765541 0.0765541 0.0765541 0.0994702 0.0856844 1.1249294 0.0811682 0.0765541 0.0812118 0.0811682 0.0861831 0.0765541 0.0000000 0.0995400 
GCF029448725_Brook_Trout     0.0431412 0.0333675 0.0337504 0.0329932 0.0329932 0.0431412 0.0424972 0.3950162 0.0385357 0.0341422 0.0376656 0.0385357 0.0271354 0.0337504 0.0995400 0.0000000 
