18
251140_Ward_Creek              0.0000000 0.0000010 0.0023618 0.0011798 0.0011779 0.0108732 0.0385844 0.0655341 0.0385844 0.0108732 0.0011798 0.0523467 0.0303452 0.0023654 0.0023654 0.1730983 0.0391998 0.0804332 
260512_Pybus_Point             0.0000010 0.0000000 0.0023618 0.0011798 0.0011779 0.0108732 0.0385844 0.0655341 0.0385844 0.0108732 0.0011798 0.0523467 0.0303452 0.0023654 0.0023654 0.1730983 0.0391998 0.0804332 
261935_Kenai_River             0.0023618 0.0023618 0.0000000 0.0035549 0.0011779 0.0133408 0.0385844 0.0686960 0.0385844 0.0133408 0.0035549 0.0523467 0.0303452 0.0047488 0.0047488 0.1730983 0.0391998 0.0804332 
353219_Peterson_Creek          0.0011798 0.0011798 0.0035549 0.0000000 0.0023654 0.0121243 0.0371542 0.0655341 0.0371542 0.0121243 0.0000010 0.0523467 0.0287762 0.0011779 0.0011779 0.1702436 0.0377445 0.0780487 
353220_Fish_Creek              0.0011779 0.0011779 0.0011779 0.0023654 0.0000000 0.0121047 0.0372212 0.0686960 0.0372212 0.0121047 0.0023654 0.0504592 0.0288336 0.0035549 0.0035549 0.1707918 0.0378137 0.0782759 
353246_Cottonwood_Creek        0.0108732 0.0108732 0.0133408 0.0121243 0.0121047 0.0000000 0.0288531 0.0655341 0.0288531 0.0000010 0.0121243 0.0387888 0.0288336 0.0133626 0.0133626 0.1565092 0.0293032 0.0645222 
353379_Skagit_River            0.0385844 0.0385844 0.0385844 0.0371542 0.0372212 0.0288531 0.0000000 0.1377751 0.0000010 0.0288531 0.0371542 0.0031240 0.0068893 0.0385141 0.0385141 0.1252197 0.0097917 0.0481200 
353381_Dungeness_River         0.0655341 0.0655341 0.0686960 0.0655341 0.0686960 0.0655341 0.1377751 0.0000000 0.1377751 0.0655341 0.0655341 0.1698940 0.1370173 0.0686960 0.0686960 0.6281425 0.1450259 0.4514249 
353401_Peace_River             0.0385844 0.0385844 0.0385844 0.0371542 0.0372212 0.0288531 0.0000010 0.1377751 0.0000000 0.0288531 0.0371542 0.0031240 0.0068893 0.0385141 0.0385141 0.1252197 0.0097917 0.0481200 
353407_Noatok                  0.0108732 0.0108732 0.0133408 0.0121243 0.0121047 0.0000010 0.0288531 0.0655341 0.0288531 0.0000000 0.0121243 0.0387888 0.0288336 0.0133626 0.0133626 0.1565092 0.0293032 0.0645222 
353410_Horizon_Lake            0.0011798 0.0011798 0.0035549 0.0000010 0.0023654 0.0121243 0.0371542 0.0655341 0.0371542 0.0121243 0.0000000 0.0523467 0.0287762 0.0011779 0.0011779 0.1702436 0.0377445 0.0780487 
92319_Little_Lost              0.0523467 0.0523467 0.0523467 0.0523467 0.0504592 0.0387888 0.0031240 0.1698940 0.0031240 0.0387888 0.0523467 0.0000000 0.0115649 0.0542447 0.0542447 0.1874448 0.0147538 0.0789836 
GCA016432855_Lake_Trout        0.0303452 0.0303452 0.0303452 0.0287762 0.0288336 0.0288336 0.0068893 0.1370173 0.0068893 0.0288336 0.0287762 0.0115649 0.0000000 0.0302845 0.0302845 0.1167705 0.0054794 0.0550007 
GCA036784925_Maine_S_alpinus   0.0023654 0.0023654 0.0047488 0.0011779 0.0035549 0.0133626 0.0385141 0.0686960 0.0385141 0.0133626 0.0011779 0.0542447 0.0302845 0.0000000 0.0023618 0.1725393 0.0391277 0.0801985 
GCA045679555_Iceland_A_alpinus 0.0023654 0.0023654 0.0047488 0.0011779 0.0035549 0.0133626 0.0385141 0.0686960 0.0385141 0.0133626 0.0011779 0.0542447 0.0302845 0.0023618 0.0000000 0.1725393 0.0391277 0.0780487 
GCF013265735_Rainbow_Trout     0.1730983 0.1730983 0.1730983 0.1702436 0.1707918 0.1565092 0.1252197 0.6281425 0.1252197 0.1565092 0.1702436 0.1874448 0.1167705 0.1725393 0.1725393 0.0000000 0.1124654 0.0871287 
GCF029448725_Brook_Trout       0.0391998 0.0391998 0.0391998 0.0377445 0.0378137 0.0293032 0.0097917 0.1450259 0.0097917 0.0293032 0.0377445 0.0147538 0.0054794 0.0391277 0.0391277 0.1124654 0.0000000 0.0534198 
Methow_River_99895             0.0804332 0.0804332 0.0804332 0.0780487 0.0782759 0.0645222 0.0481200 0.4514249 0.0481200 0.0645222 0.0780487 0.0789836 0.0550007 0.0801985 0.0780487 0.0871287 0.0534198 0.0000000 
