12
251140_Ward_Creek              0.0000000 0.0291050 0.0000010 0.0291050 0.1264448 0.1264448 0.1573061 0.0929130 0.1233499 0.1233499 1.0906042 0.1978397 
260512_Pybus_Point             0.0291050 0.0000000 0.0291050 0.0000010 0.1613920 0.1613920 0.1926531 0.1264448 0.1573061 0.1573061 1.1649673 0.2358738 
261935_Kenai_River             0.0000010 0.0291050 0.0000000 0.0291050 0.1264448 0.1264448 0.1573061 0.0929130 0.1233499 0.1233499 1.0906042 0.1978397 
353246_Cottonwood_Creek        0.0291050 0.0000010 0.0291050 0.0000000 0.1613920 0.1613920 0.1926531 0.1264448 0.1573061 0.1573061 1.1649673 0.2358738 
353379_Skagit_River            0.1264448 0.1613920 0.1264448 0.1613920 0.0000000 0.0000010 0.2358738 0.1657103 0.1978397 0.1978397 1.3212073 0.2838738 
353401_Peace_River             0.1264448 0.1613920 0.1264448 0.1613920 0.0000010 0.0000000 0.2358738 0.1657103 0.1978397 0.1978397 1.3212073 0.2838738 
353410_Horizon_Lake            0.1573061 0.1926531 0.1573061 0.1926531 0.2358738 0.2358738 0.0000000 0.1264448 0.2294634 0.2294634 1.1649673 0.2358738 
GCA016432855_Lake_Trout        0.0929130 0.1264448 0.0929130 0.1264448 0.1657103 0.1657103 0.1264448 0.0000000 0.1613920 0.1613920 1.0817748 0.1657103 
GCA036784925_Maine_S_alpinus   0.1233499 0.1573061 0.1233499 0.1573061 0.1978397 0.1978397 0.2294634 0.1613920 0.0000000 0.0000010 1.2375461 0.2755783 
GCA045679555_Iceland_A_alpinus 0.1233499 0.1573061 0.1233499 0.1573061 0.1978397 0.1978397 0.2294634 0.1613920 0.0000010 0.0000000 1.2375461 0.2755783 
GCF013265735_Rainbow_Trout     1.0906042 1.1649673 1.0906042 1.1649673 1.3212073 1.3212073 1.1649673 1.0817748 1.2375461 1.2375461 0.0000000 1.3212073 
GCF029448725_Brook_Trout       0.1978397 0.2358738 0.1978397 0.2358738 0.2838738 0.2838738 0.2358738 0.1657103 0.2755783 0.2755783 1.3212073 0.0000000 
