17
251140_Ward_Creek              0.0000000 0.0472014 0.0410903 0.0410903 0.1586101 8.9999988 0.1560276 0.1556698 0.1560749 0.1560276 0.0853859 0.1333028 0.1298283 0.2029507 8.9999983 0.7443710 0.1078964 
260512_Pybus_Point             0.0472014 0.0000000 0.0000010 0.0000010 0.1247719 8.9999990 0.1225466 0.0703865 0.1237443 0.1225466 0.0467949 0.0967793 0.0958467 0.1212234 8.9999990 0.6126457 0.0710168 
261935_Kenai_River             0.0410903 0.0000010 0.0000000 0.0000010 0.1087316 5.1893855 0.1070395 0.1068953 0.1070288 0.1070395 0.0411138 0.0853822 0.0832772 0.1515541 8.9999990 0.6295928 0.0623058 
353213_Cropley_Lake            0.0410903 0.0000010 0.0000010 0.0000000 0.1087316 5.1893855 0.1070395 0.1068953 0.1070288 0.1070395 0.0411138 0.0853822 0.0832772 0.1515541 8.9999990 0.6295928 0.0623058 
353379_Skagit_River            0.1586101 0.1247719 0.1087316 0.1087316 0.0000000 4.5524405 0.0000010 0.2339983 0.1096870 0.0000010 0.0632970 0.2107784 0.0852826 0.1540162 8.9999987 0.8573706 0.0852834 
353381_Dungeness_River         8.9999988 8.9999990 5.1893855 5.1893855 4.5524405 0.0000000 4.3616806 3.8321890 8.2033676 4.3616806 4.4481790 5.9544496 4.4653955 4.1922401 9.0000000 8.9999985 4.1244630 
353401_Peace_River             0.1560276 0.1225466 0.1070395 0.1070395 0.0000010 4.3616806 0.0000000 0.2300702 0.1079638 0.0000010 0.0623435 0.2072236 0.0839834 0.1515906 8.9999987 0.8350666 0.0839842 
353407_Noatok                  0.1556698 0.0703865 0.1068953 0.1068953 0.2339983 3.8321890 0.2300702 0.0000000 0.2323964 0.2300702 0.1542768 0.1565549 0.1543384 0.2026351 8.9999986 0.6751932 0.1781750 
353410_Horizon_Lake            0.1560749 0.1237443 0.1070288 0.1070288 0.1096870 8.2033676 0.1079638 0.2323964 0.0000000 0.1079638 0.1560269 0.2092864 0.0623162 0.1297027 8.9999984 0.9050814 0.1803362 
92319_Little_Lost              0.1560276 0.1225466 0.1070395 0.1070395 0.0000010 4.3616806 0.0000010 0.2300702 0.1079638 0.0000000 0.0623435 0.2072236 0.0839834 0.1515906 8.9999987 0.8350666 0.0839842 
94280_St_Joe                   0.0853859 0.0467949 0.0411138 0.0411138 0.0632970 4.4481790 0.0623435 0.1542768 0.1560269 0.0623435 0.0000000 0.1321317 0.1298174 0.2010282 8.9999989 0.6849005 0.0201863 
GCA016432855_Lake_Trout        0.1333028 0.0967793 0.0853822 0.0853822 0.2107784 5.9544496 0.2072236 0.1565549 0.2092864 0.2072236 0.1321317 0.0000000 0.1801769 0.2302401 8.9999980 0.6294651 0.1558623 
GCA036784925_Maine_S_alpinus   0.1298283 0.0958467 0.0832772 0.0832772 0.0852826 4.4653955 0.0839834 0.1543384 0.0623162 0.0839834 0.1298174 0.1801769 0.0000000 0.0618026 8.9999986 0.8129954 0.1530714 
GCA045679555_Iceland_A_alpinus 0.2029507 0.1212234 0.1515541 0.1515541 0.1540162 4.1922401 0.1515906 0.2026351 0.1297027 0.1515906 0.2010282 0.2302401 0.0618026 0.0000000 8.9999988 0.8986418 0.2257395 
GCF013265735_Rainbow_Trout     8.9999983 8.9999990 8.9999990 8.9999990 8.9999987 9.0000000 8.9999987 8.9999986 8.9999984 8.9999987 8.9999989 8.9999980 8.9999986 8.9999988 0.0000000 8.9999988 8.9999987 
GCF029448725_Brook_Trout       0.7443710 0.6126457 0.6295928 0.6295928 0.8573706 8.9999985 0.8350666 0.6751932 0.9050814 0.8350666 0.6849005 0.6294651 0.8129954 0.8986418 8.9999988 0.0000000 0.7269024 
Methow_River_99895             0.1078964 0.0710168 0.0623058 0.0623058 0.0852834 4.1244630 0.0839842 0.1781750 0.1803362 0.0839842 0.0201863 0.1558623 0.1530714 0.2257395 8.9999987 0.7269024 0.0000000 
