20
251140_Ward_Creek              0.0000000 0.0049180 0.0175113 0.0049180 0.0072653 0.0081772 0.0065645 0.0318635 0.0848404 0.0226212 0.0073892 0.0084299 0.0377030 0.0223959 0.0099195 0.0057399 0.0057399 0.0786258 0.0147962 0.0257428 
260512_Pybus_Point             0.0049180 0.0000000 0.0124650 0.0000010 0.0018095 0.0027155 0.0016357 0.0257824 0.0777735 0.0175333 0.0024546 0.0027992 0.0294585 0.0173594 0.0049428 0.0008173 0.0008173 0.0810006 0.0092124 0.0201491 
261935_Kenai_River             0.0175113 0.0124650 0.0000000 0.0124650 0.0156738 0.0166034 0.0141432 0.0394443 0.0966904 0.0288614 0.0149815 0.0171248 0.0481378 0.0285700 0.0175993 0.0133016 0.0133016 0.1002379 0.0234779 0.0326449 
353213_Cropley_Lake            0.0049180 0.0000010 0.0124650 0.0000000 0.0018095 0.0027155 0.0016357 0.0257824 0.0777735 0.0175333 0.0024546 0.0027992 0.0294585 0.0173594 0.0049428 0.0008173 0.0008173 0.0810006 0.0092124 0.0201491 
353219_Peterson_Creek          0.0072653 0.0018095 0.0156738 0.0018095 0.0000000 0.0009030 0.0036236 0.0303184 0.0897536 0.0201491 0.0045315 0.0052465 0.0267174 0.0201491 0.0063868 0.0027155 0.0027155 0.0933358 0.0113677 0.0182881 
353220_Fish_Creek              0.0081772 0.0027155 0.0166034 0.0027155 0.0009030 0.0000000 0.0045315 0.0314593 0.0910776 0.0210747 0.0054403 0.0062991 0.0280723 0.0210747 0.0073026 0.0036224 0.0036224 0.0946960 0.0124075 0.0192113 
353246_Cottonwood_Creek        0.0065645 0.0016357 0.0141432 0.0016357 0.0036236 0.0045315 0.0000000 0.0257920 0.0801223 0.0175388 0.0008173 0.0018645 0.0281004 0.0173647 0.0049444 0.0008175 0.0008175 0.0798291 0.0092156 0.0201561 
353379_Skagit_River            0.0318635 0.0257824 0.0394443 0.0257824 0.0303184 0.0314593 0.0257920 0.0000000 0.1371376 0.0059383 0.0267974 0.0314986 0.0143243 0.0058694 0.0269478 0.0247784 0.0247784 0.1328499 0.0355040 0.0088545 
353381_Dungeness_River         0.0848404 0.0777735 0.0966904 0.0777735 0.0897536 0.0910776 0.0801223 0.1371376 0.0000000 0.1016988 0.0801223 0.0976469 0.2110389 0.1003214 0.0824429 0.0789309 0.0789309 0.2016319 0.1022276 0.1170875 
353401_Peace_River             0.0226212 0.0175333 0.0288614 0.0175333 0.0201491 0.0210747 0.0175388 0.0059383 0.1016988 0.0000000 0.0183817 0.0210232 0.0026306 0.0000010 0.0193222 0.0166914 0.0166914 0.1016705 0.0244717 0.0018095 
353407_Noatok                  0.0073892 0.0024546 0.0149815 0.0024546 0.0045315 0.0054403 0.0008173 0.0267974 0.0801223 0.0183817 0.0000000 0.0027992 0.0294585 0.0181992 0.0057708 0.0016357 0.0016357 0.0810006 0.0101418 0.0210819 
353410_Horizon_Lake            0.0084299 0.0027992 0.0171248 0.0027992 0.0052465 0.0062991 0.0018645 0.0314986 0.0976469 0.0210232 0.0027992 0.0000000 0.0311418 0.0207848 0.0056417 0.0018645 0.0018645 0.0822431 0.0106980 0.0244531 
92319_Little_Lost              0.0377030 0.0294585 0.0481378 0.0294585 0.0267174 0.0280723 0.0281004 0.0143243 0.2110389 0.0026306 0.0294585 0.0311418 0.0000000 0.0026306 0.0324576 0.0281004 0.0281004 0.1282964 0.0441805 0.0000010 
94280_St_Joe                   0.0223959 0.0173594 0.0285700 0.0173594 0.0201491 0.0210747 0.0173647 0.0058694 0.1003214 0.0000010 0.0181992 0.0207848 0.0026306 0.0000000 0.0191292 0.0165259 0.0165259 0.1002786 0.0241982 0.0018095 
GCA016432855_Lake_Trout        0.0099195 0.0049428 0.0175993 0.0049428 0.0063868 0.0073026 0.0049444 0.0269478 0.0824429 0.0193222 0.0057708 0.0056417 0.0324576 0.0191292 0.0000000 0.0041163 0.0041163 0.0768081 0.0111305 0.0230718 
GCA036784925_Maine_S_alpinus   0.0057399 0.0008173 0.0133016 0.0008173 0.0027155 0.0036224 0.0008175 0.0247784 0.0789309 0.0166914 0.0016357 0.0018645 0.0281004 0.0165259 0.0041163 0.0000000 0.0000010 0.0798291 0.0082873 0.0192244 
GCA045679555_Iceland_A_alpinus 0.0057399 0.0008173 0.0133016 0.0008173 0.0027155 0.0036224 0.0008175 0.0247784 0.0789309 0.0166914 0.0016357 0.0018645 0.0281004 0.0165259 0.0041163 0.0000010 0.0000000 0.0798291 0.0082873 0.0192244 
GCF013265735_Rainbow_Trout     0.0786258 0.0810006 0.1002379 0.0810006 0.0933358 0.0946960 0.0798291 0.1328499 0.2016319 0.1016705 0.0810006 0.0822431 0.1282964 0.1002786 0.0768081 0.0798291 0.0798291 0.0000000 0.0869526 0.1172405 
GCF029448725_Brook_Trout       0.0147962 0.0092124 0.0234779 0.0092124 0.0113677 0.0124075 0.0092156 0.0355040 0.1022276 0.0244717 0.0101418 0.0106980 0.0441805 0.0241982 0.0111305 0.0082873 0.0082873 0.0869526 0.0000000 0.0292987 
Methow_River_99895             0.0257428 0.0201491 0.0326449 0.0201491 0.0182881 0.0192113 0.0201561 0.0088545 0.1170875 0.0018095 0.0210819 0.0244531 0.0000010 0.0018095 0.0230718 0.0192244 0.0192244 0.1172405 0.0292987 0.0000000 
