19
251140_Ward_Creek              0.0000000 0.0007073 0.0070899 0.0007046 0.0007007 0.0017496 0.0007007 0.0085519 9.0000000 0.0092671 0.0106567 0.0056643 0.0085519 0.0085519 0.0113832 0.0021177 0.0007046 0.0519104 0.0099416 
260512_Pybus_Point             0.0007073 0.0000000 0.0064039 0.0000010 0.0000010 0.0008787 0.0000010 0.0078677 9.0000000 0.0085852 0.0099823 0.0049741 0.0078677 0.0078677 0.0107104 0.0014169 0.0000010 0.0513621 0.0092658 
261935_Kenai_River             0.0070899 0.0064039 0.0000000 0.0063769 0.0063769 0.0088007 0.0063769 0.0056901 9.0000000 0.0064031 0.0049500 0.0014114 0.0056901 0.0056901 0.0056651 0.0078007 0.0063769 0.0488426 0.0156967 
353213_Cropley_Lake            0.0007046 0.0000010 0.0063769 0.0000000 0.0000010 0.0008741 0.0000010 0.0078343 9.0000000 0.0085489 0.0099401 0.0049532 0.0078343 0.0078343 0.0106650 0.0014109 0.0000010 0.0511349 0.0092260 
353219_Peterson_Creek          0.0007007 0.0000010 0.0063769 0.0000010 0.0000000 0.0008741 0.0000010 0.0078343 9.0000000 0.0085489 0.0099401 0.0049532 0.0078343 0.0078343 0.0106650 0.0014109 0.0000010 0.0511349 0.0092260 
353220_Fish_Creek              0.0017496 0.0008787 0.0088007 0.0008741 0.0008741 0.0000000 0.0008741 0.0079572 9.0000000 0.0088444 0.0114534 0.0070287 0.0079572 0.0079572 0.0123560 0.0017489 0.0008741 0.0563851 0.0087948 
353246_Cottonwood_Creek        0.0007007 0.0000010 0.0063769 0.0000010 0.0000010 0.0008741 0.0000000 0.0078343 9.0000000 0.0085489 0.0099401 0.0049532 0.0078343 0.0078343 0.0106650 0.0014109 0.0000010 0.0511349 0.0092260 
353379_Skagit_River            0.0085519 0.0078677 0.0056901 0.0078343 0.0078343 0.0079572 0.0078343 0.0000000 9.0000000 0.0006610 0.0049711 0.0042618 0.0000010 0.0000010 0.0056893 0.0092668 0.0078343 0.0442617 0.0128629 
353381_Dungeness_River         9.0000000 9.0000000 9.0000000 9.0000000 9.0000000 9.0000000 9.0000000 9.0000000 0.0000000 9.0000000 9.0000000 9.0000000 9.0000000 9.0000000 9.0000000 9.0000000 9.0000000 9.0000000 9.0000000 
353401_Peace_River             0.0092671 0.0085852 0.0064031 0.0085489 0.0085489 0.0088444 0.0085489 0.0006610 9.0000000 0.0000000 0.0056828 0.0049735 0.0006610 0.0006610 0.0064022 0.0099823 0.0085489 0.0449653 0.0135812 
353407_Noatok                  0.0106567 0.0099823 0.0049500 0.0099401 0.0099401 0.0114534 0.0099401 0.0049711 9.0000000 0.0056828 0.0000000 0.0063728 0.0049711 0.0049711 0.0049493 0.0113700 0.0099401 0.0488174 0.0149599 
353410_Horizon_Lake            0.0056643 0.0049741 0.0014114 0.0049532 0.0049532 0.0070287 0.0049532 0.0042618 9.0000000 0.0049735 0.0063728 0.0000000 0.0042618 0.0042618 0.0070908 0.0063738 0.0049532 0.0472950 0.0142503 
92319_Little_Lost              0.0085519 0.0078677 0.0056901 0.0078343 0.0078343 0.0079572 0.0078343 0.0000010 9.0000000 0.0006610 0.0049711 0.0042618 0.0000000 0.0000010 0.0056893 0.0092668 0.0078343 0.0442617 0.0128629 
94280_St_Joe                   0.0085519 0.0078677 0.0056901 0.0078343 0.0078343 0.0079572 0.0078343 0.0000010 9.0000000 0.0006610 0.0049711 0.0042618 0.0000010 0.0000000 0.0056893 0.0092668 0.0078343 0.0442617 0.0128629 
GCA016432855_Lake_Trout        0.0113832 0.0107104 0.0056651 0.0106650 0.0106650 0.0123560 0.0106650 0.0056893 9.0000000 0.0064022 0.0049493 0.0070908 0.0056893 0.0056893 0.0000000 0.0120976 0.0106650 0.0496301 0.0142501 
GCA036784925_Maine_S_alpinus   0.0021177 0.0014169 0.0078007 0.0014109 0.0014109 0.0017489 0.0014109 0.0092668 9.0000000 0.0099823 0.0113700 0.0063738 0.0092668 0.0092668 0.0120976 0.0000000 0.0014109 0.0526653 0.0106554 
GCA045679555_Iceland_A_alpinus 0.0007046 0.0000010 0.0063769 0.0000010 0.0000010 0.0008741 0.0000010 0.0078343 9.0000000 0.0085489 0.0099401 0.0049532 0.0078343 0.0078343 0.0106650 0.0014109 0.0000000 0.0511349 0.0092260 
GCF013265735_Rainbow_Trout     0.0519104 0.0513621 0.0488426 0.0511349 0.0511349 0.0563851 0.0511349 0.0442617 9.0000000 0.0449653 0.0488174 0.0472950 0.0442617 0.0442617 0.0496301 0.0526653 0.0511349 0.0000000 0.0564451 
GCF029448725_Brook_Trout       0.0099416 0.0092658 0.0156967 0.0092260 0.0092260 0.0087948 0.0092260 0.0128629 9.0000000 0.0135812 0.0149599 0.0142503 0.0128629 0.0128629 0.0142501 0.0106554 0.0092260 0.0564451 0.0000000 
