19
251140_Ward_Creek              0.0000000 0.0000010 0.0474880 0.0661817 0.0658825 0.0658825 0.0983987 0.0505520 0.2068669 0.0347690 0.0154034 0.0675591 0.0254657 0.0347690 0.0169159 0.0012745 0.0050460 0.0414309 0.0169822 
260512_Pybus_Point             0.0000010 0.0000000 0.0474880 0.0661817 0.0658825 0.0658825 0.0983987 0.0505520 0.2068669 0.0347690 0.0154034 0.0675591 0.0254657 0.0347690 0.0169159 0.0012745 0.0050460 0.0414309 0.0169822 
261935_Kenai_River             0.0474880 0.0474880 0.0000000 0.1432404 0.1424184 0.1424184 0.1829055 0.0831214 1.6336421 0.0595160 0.0363595 0.1447676 0.0540974 0.0595160 0.0616688 0.0502215 0.0541069 0.0942837 0.0619557 
353213_Cropley_Lake            0.0661817 0.0661817 0.1432404 0.0000000 0.0000010 0.0000010 0.0164058 0.1466419 0.4684547 0.1149652 0.0872210 0.0034562 0.1226717 0.1149652 0.0886726 0.0694484 0.0626827 0.1118824 0.0886726 
353219_Peterson_Creek          0.0658825 0.0658825 0.1424184 0.0000010 0.0000000 0.0000010 0.0164058 0.1458090 0.4580040 0.1143960 0.0868124 0.0034443 0.1219144 0.1143960 0.0882489 0.0691261 0.0624016 0.1113775 0.0886726 
353220_Fish_Creek              0.0658825 0.0658825 0.1424184 0.0000010 0.0000010 0.0000000 0.0164058 0.1458090 0.4580040 0.1143960 0.0868124 0.0034443 0.1219144 0.1143960 0.0882489 0.0691261 0.0624016 0.1113775 0.0886726 
353246_Cottonwood_Creek        0.0983987 0.0983987 0.1829055 0.0164058 0.0164058 0.0164058 0.0000000 0.1204136 0.4390042 0.1419822 0.1048516 0.0200169 0.1590178 0.1419822 0.1013783 0.0962880 0.0917133 0.1320569 0.1013783 
353379_Skagit_River            0.0505520 0.0505520 0.0831214 0.1466419 0.1458090 0.1458090 0.1204136 0.0000000 0.3430524 0.0124267 0.0362644 0.1434884 0.0378282 0.0124267 0.0474525 0.0449452 0.0539236 0.0795889 0.0476647 
353381_Dungeness_River         0.2068669 0.2068669 1.6336421 0.4684547 0.4580040 0.4580040 0.4390042 0.3430524 0.0000000 0.4236248 0.2500701 0.4701533 0.4537009 0.4236248 0.2540193 0.2040999 0.2448671 0.2748677 0.2592853 
353401_Peace_River             0.0347690 0.0347690 0.0595160 0.1149652 0.1143960 0.1143960 0.1419822 0.0124267 0.4236248 0.0000000 0.0208792 0.1124468 0.0189831 0.0000010 0.0394591 0.0340381 0.0376927 0.0666335 0.0396201 
353407_Noatok                  0.0154034 0.0154034 0.0363595 0.0872210 0.0868124 0.0868124 0.1048516 0.0362644 0.2500701 0.0208792 0.0000000 0.0850328 0.0092759 0.0208792 0.0223648 0.0143649 0.0180838 0.0505451 0.0224534 
353410_Horizon_Lake            0.0675591 0.0675591 0.1447676 0.0034562 0.0034443 0.0034443 0.0200169 0.1434884 0.4701533 0.1124468 0.0850328 0.0000000 0.1194628 0.1124468 0.0864303 0.0674064 0.0594271 0.1096071 0.0868432 
92319_Little_Lost              0.0254657 0.0254657 0.0540974 0.1226717 0.1219144 0.1219144 0.1590178 0.0378282 0.4537009 0.0189831 0.0092759 0.1194628 0.0000000 0.0189831 0.0308642 0.0243904 0.0288743 0.0609381 0.0310154 
94280_St_Joe                   0.0347690 0.0347690 0.0595160 0.1149652 0.1143960 0.1143960 0.1419822 0.0124267 0.4236248 0.0000010 0.0208792 0.1124468 0.0189831 0.0000000 0.0394591 0.0340381 0.0376927 0.0666335 0.0396201 
GCA016432855_Lake_Trout        0.0169159 0.0169159 0.0616688 0.0886726 0.0882489 0.0882489 0.1013783 0.0474525 0.2540193 0.0394591 0.0223648 0.0864303 0.0308642 0.0394591 0.0000000 0.0077635 0.0196444 0.0369451 0.0000010 
GCA036784925_Maine_S_alpinus   0.0012745 0.0012745 0.0502215 0.0694484 0.0691261 0.0691261 0.0962880 0.0449452 0.2040999 0.0340381 0.0143649 0.0674064 0.0243904 0.0340381 0.0077635 0.0000000 0.0038490 0.0376387 0.0077938 
GCA045679555_Iceland_A_alpinus 0.0050460 0.0050460 0.0541069 0.0626827 0.0624016 0.0624016 0.0917133 0.0539236 0.2448671 0.0376927 0.0180838 0.0594271 0.0288743 0.0376927 0.0196444 0.0038490 0.0000000 0.0399549 0.0197220 
GCF013265735_Rainbow_Trout     0.0414309 0.0414309 0.0942837 0.1118824 0.1113775 0.1113775 0.1320569 0.0795889 0.2748677 0.0666335 0.0505451 0.1096071 0.0609381 0.0666335 0.0369451 0.0376387 0.0399549 0.0000000 0.0370966 
GCF029448725_Brook_Trout       0.0169822 0.0169822 0.0619557 0.0886726 0.0886726 0.0886726 0.1013783 0.0476647 0.2592853 0.0396201 0.0224534 0.0868432 0.0310154 0.0396201 0.0000010 0.0077938 0.0197220 0.0370966 0.0000000 
