15
251140_Ward_Creek              0.0000000 0.0036581 0.0000010 0.0036581 0.0457989 0.0548061 0.0265400 0.0389819 0.0457989 0.0548061 0.0378163 0.6527152 0.6642484 0.2713855 0.0301526 
260512_Pybus_Point             0.0036581 0.0000000 0.0036581 0.0000010 0.0525465 0.0619109 0.0319486 0.0434264 0.0525465 0.0619109 0.0433581 0.6645189 0.6762283 0.2838121 0.0339981 
261935_Kenai_River             0.0000010 0.0036581 0.0000000 0.0036581 0.0457989 0.0548061 0.0265400 0.0389819 0.0457989 0.0548061 0.0378163 0.6527152 0.6642484 0.2713855 0.0301526 
353220_Fish_Creek              0.0036581 0.0000010 0.0036581 0.0000000 0.0525465 0.0619109 0.0319486 0.0434264 0.0525465 0.0619109 0.0433581 0.6645189 0.6762283 0.2838121 0.0339981 
353379_Skagit_River            0.0457989 0.0525465 0.0457989 0.0525465 0.0000000 0.0066204 0.0522851 0.0735750 0.0000010 0.0066204 0.0530767 0.8446352 0.8682330 0.3876015 0.0596553 
353401_Peace_River             0.0548061 0.0619109 0.0548061 0.0619109 0.0066204 0.0000000 0.0615878 0.0841380 0.0066204 0.0000010 0.0625655 0.9576174 0.9863048 0.4338461 0.0694519 
353407_Noatok                  0.0265400 0.0319486 0.0265400 0.0319486 0.0522851 0.0615878 0.0000000 0.0486291 0.0522851 0.0615878 0.0431802 0.9173949 0.9378018 0.3954928 0.0375178 
353410_Horizon_Lake            0.0389819 0.0434264 0.0389819 0.0434264 0.0735750 0.0841380 0.0486291 0.0000000 0.0735750 0.0841380 0.0605143 0.6972699 0.7092668 0.1535222 0.0663826 
92319_Little_Lost              0.0457989 0.0525465 0.0457989 0.0525465 0.0000010 0.0066204 0.0522851 0.0735750 0.0000000 0.0066204 0.0530767 0.8446352 0.8682330 0.3876015 0.0596553 
94280_St_Joe                   0.0548061 0.0619109 0.0548061 0.0619109 0.0066204 0.0000010 0.0615878 0.0841380 0.0066204 0.0000000 0.0625655 0.9576174 0.9863048 0.4338461 0.0694519 
GCA016432855_Lake_Trout        0.0378163 0.0433581 0.0378163 0.0433581 0.0530767 0.0625655 0.0431802 0.0605143 0.0530767 0.0625655 0.0000000 0.9789083 1.0009984 0.3922029 0.0491440 
GCA036784925_Maine_S_alpinus   0.6527152 0.6645189 0.6527152 0.6645189 0.8446352 0.9576174 0.9173949 0.6972699 0.8446352 0.9576174 0.9789083 0.0000000 0.0047286 0.8147250 0.7312335 
GCA045679555_Iceland_A_alpinus 0.6642484 0.6762283 0.6642484 0.6762283 0.8682330 0.9863048 0.9378018 0.7092668 0.8682330 0.9863048 1.0009984 0.0047286 0.0000000 0.8406173 0.7439652 
GCF013265735_Rainbow_Trout     0.2713855 0.2838121 0.2713855 0.2838121 0.3876015 0.4338461 0.3954928 0.1535222 0.3876015 0.4338461 0.3922029 0.8147250 0.8406173 0.0000000 0.2991448 
GCF029448725_Brook_Trout       0.0301526 0.0339981 0.0301526 0.0339981 0.0596553 0.0694519 0.0375178 0.0663826 0.0596553 0.0694519 0.0491440 0.7312335 0.7439652 0.2991448 0.0000000 
