16
251140_Ward_Creek              0.0000000 0.0000010 0.0040402 0.0286848 1.5525682 0.0370849 0.0040402 0.0121878 0.0370849 0.0328553 0.0245339 0.0121878 0.0204233 0.1575285 0.0287169 0.0328553 
260512_Pybus_Point             0.0000010 0.0000000 0.0040402 0.0286848 1.5525682 0.0370849 0.0040402 0.0121878 0.0370849 0.0328553 0.0245339 0.0121878 0.0204233 0.1575285 0.0287169 0.0328553 
353246_Cottonwood_Creek        0.0040402 0.0040402 0.0000000 0.0324551 1.4971102 0.0407910 0.0000010 0.0080104 0.0407910 0.0365915 0.0201541 0.0081078 0.0163034 0.1504033 0.0242633 0.0365915 
353379_Skagit_River            0.0286848 0.0286848 0.0324551 0.0000000 1.5081428 0.0080104 0.0324551 0.0324910 0.0080104 0.0039924 0.0366319 0.0328919 0.0413428 0.1706142 0.0408362 0.0039924 
353381_Dungeness_River         1.5525682 1.5525682 1.4971102 1.5081428 0.0000000 1.6104496 1.4971102 1.5081428 1.6104496 1.5516827 1.5516827 1.6127877 1.7325094 9.0000000 1.5194597 1.5516827 
353401_Peace_River             0.0370849 0.0370849 0.0407910 0.0080104 1.6104496 0.0000000 0.0407910 0.0408362 0.0000010 0.0039968 0.0450178 0.0413428 0.0498890 0.1810206 0.0492742 0.0039968 
353407_Noatok                  0.0040402 0.0040402 0.0000010 0.0324551 1.4971102 0.0407910 0.0000000 0.0080104 0.0407910 0.0365915 0.0201541 0.0081078 0.0163034 0.1504033 0.0242633 0.0365915 
353410_Horizon_Lake            0.0121878 0.0121878 0.0080104 0.0324910 1.5081428 0.0408362 0.0080104 0.0000000 0.0408362 0.0366319 0.0120279 0.0000010 0.0081078 0.1403917 0.0160886 0.0366319 
92319_Little_Lost              0.0370849 0.0370849 0.0407910 0.0080104 1.6104496 0.0000010 0.0407910 0.0408362 0.0000000 0.0039968 0.0450178 0.0413428 0.0498890 0.1810206 0.0492742 0.0039968 
94280_St_Joe                   0.0328553 0.0328553 0.0365915 0.0039924 1.5516827 0.0039968 0.0365915 0.0366319 0.0039968 0.0000000 0.0407910 0.0370849 0.0455780 0.1756883 0.0450178 0.0000010 
GCA016432855_Lake_Trout        0.0245339 0.0245339 0.0201541 0.0366319 1.5516827 0.0450178 0.0201541 0.0120279 0.0450178 0.0407910 0.0000000 0.0121744 0.0204007 0.1355181 0.0201541 0.0407910 
GCA036784925_Maine_S_alpinus   0.0121878 0.0121878 0.0081078 0.0328919 1.6127877 0.0413428 0.0081078 0.0000010 0.0413428 0.0370849 0.0121744 0.0000000 0.0081078 0.1423305 0.0162854 0.0370849 
GCA045679555_Iceland_A_alpinus 0.0204233 0.0204233 0.0163034 0.0413428 1.7325094 0.0498890 0.0163034 0.0081078 0.0498890 0.0455780 0.0204007 0.0081078 0.0000000 0.1524950 0.0245612 0.0455780 
GCF013265735_Rainbow_Trout     0.1575285 0.1575285 0.1504033 0.1706142 9.0000000 0.1810206 0.1504033 0.1403917 0.1810206 0.1756883 0.1355181 0.1423305 0.1524950 0.0000000 0.1405656 0.1756883 
GCF029448725_Brook_Trout       0.0287169 0.0287169 0.0242633 0.0408362 1.5194597 0.0492742 0.0242633 0.0160886 0.0492742 0.0450178 0.0201541 0.0162854 0.0245612 0.1405656 0.0000000 0.0450178 
Methow_River_99895             0.0328553 0.0328553 0.0365915 0.0039924 1.5516827 0.0039968 0.0365915 0.0366319 0.0039968 0.0000010 0.0407910 0.0370849 0.0455780 0.1756883 0.0450178 0.0000000 
