20
251140_Ward_Creek              0.0000000 0.0000010 0.0022276 0.0044664 0.0022268 0.0022268 0.0038031 0.0089525 0.0170182 0.0134731 0.0022276 0.0067145 0.0089525 0.0112178 0.0134724 0.0067145 0.0067145 0.0388867 0.0203029 0.0134731 
260512_Pybus_Point             0.0000010 0.0000000 0.0022276 0.0044664 0.0022268 0.0022268 0.0038031 0.0089525 0.0170182 0.0134731 0.0022276 0.0067145 0.0089525 0.0112178 0.0134724 0.0067145 0.0067145 0.0388867 0.0203029 0.0134731 
261935_Kenai_River             0.0022276 0.0022276 0.0000000 0.0022309 0.0044589 0.0044589 0.0000010 0.0067070 0.0084731 0.0112153 0.0000010 0.0044711 0.0067070 0.0089644 0.0112147 0.0044711 0.0044711 0.0365580 0.0180270 0.0112153 
353213_Cropley_Lake            0.0044664 0.0044664 0.0022309 0.0000000 0.0067060 0.0067060 0.0038127 0.0044614 0.0000010 0.0089530 0.0022309 0.0022309 0.0044614 0.0067089 0.0089525 0.0022309 0.0022309 0.0341978 0.0157392 0.0089530 
353219_Peterson_Creek          0.0022268 0.0022268 0.0044589 0.0067060 0.0000000 0.0000010 0.0076175 0.0112004 0.0256148 0.0157322 0.0044589 0.0089606 0.0112004 0.0134731 0.0157313 0.0089606 0.0089606 0.0412105 0.0225787 0.0157322 
353220_Fish_Creek              0.0022268 0.0022268 0.0044589 0.0067060 0.0000010 0.0000000 0.0076175 0.0112004 0.0256148 0.0157322 0.0044589 0.0089606 0.0112004 0.0134731 0.0157313 0.0089606 0.0089606 0.0412105 0.0225787 0.0157322 
353246_Cottonwood_Creek        0.0038031 0.0038031 0.0000010 0.0038127 0.0076175 0.0076175 0.0000000 0.0114790 0.0623905 0.0192409 0.0000010 0.0038127 0.0114790 0.0153697 0.0192391 0.0076533 0.0076533 0.0429126 0.0270987 0.0192409 
353379_Skagit_River            0.0089525 0.0089525 0.0067070 0.0044614 0.0112004 0.0112004 0.0114790 0.0000000 0.0000010 0.0044646 0.0067070 0.0067070 0.0000010 0.0022305 0.0044644 0.0067070 0.0067070 0.0341901 0.0112134 0.0044646 
353381_Dungeness_River         0.0170182 0.0170182 0.0084731 0.0000010 0.0256148 0.0256148 0.0623905 0.0000010 0.0000000 0.0170218 0.0084731 0.0084731 0.0000010 0.0084809 0.0170182 0.0084731 0.0084731 0.1181614 0.0345051 0.0170218 
353401_Peace_River             0.0134731 0.0134731 0.0112153 0.0089530 0.0157322 0.0157322 0.0192409 0.0044646 0.0170218 0.0000000 0.0112153 0.0112153 0.0044646 0.0022277 0.0089589 0.0112153 0.0112153 0.0388801 0.0157504 0.0000010 
353407_Noatok                  0.0022276 0.0022276 0.0000010 0.0022309 0.0044589 0.0044589 0.0000010 0.0067070 0.0084731 0.0112153 0.0000000 0.0044711 0.0067070 0.0089644 0.0112147 0.0044711 0.0044711 0.0365580 0.0180270 0.0112153 
353410_Horizon_Lake            0.0067145 0.0067145 0.0044711 0.0022309 0.0089606 0.0089606 0.0038127 0.0067070 0.0084731 0.0112153 0.0044711 0.0000000 0.0067070 0.0089644 0.0112147 0.0044711 0.0044711 0.0341514 0.0180270 0.0112153 
92319_Little_Lost              0.0089525 0.0089525 0.0067070 0.0044614 0.0112004 0.0112004 0.0114790 0.0000010 0.0000010 0.0044646 0.0067070 0.0067070 0.0000000 0.0022305 0.0044644 0.0067070 0.0067070 0.0341901 0.0112134 0.0044646 
94280_St_Joe                   0.0112178 0.0112178 0.0089644 0.0067089 0.0134731 0.0134731 0.0153697 0.0022305 0.0084809 0.0022277 0.0089644 0.0089644 0.0022305 0.0000000 0.0067133 0.0089644 0.0089644 0.0365601 0.0134887 0.0022277 
GCA016432855_Lake_Trout        0.0134724 0.0134724 0.0112147 0.0089525 0.0157313 0.0157313 0.0192391 0.0044644 0.0170182 0.0089589 0.0112147 0.0112147 0.0044644 0.0067133 0.0000000 0.0112147 0.0112147 0.0341384 0.0111968 0.0089589 
GCA036784925_Maine_S_alpinus   0.0067145 0.0067145 0.0044711 0.0022309 0.0089606 0.0089606 0.0076533 0.0067070 0.0084731 0.0112153 0.0044711 0.0044711 0.0067070 0.0089644 0.0112147 0.0000000 0.0000010 0.0365580 0.0180270 0.0112153 
GCA045679555_Iceland_A_alpinus 0.0067145 0.0067145 0.0044711 0.0022309 0.0089606 0.0089606 0.0076533 0.0067070 0.0084731 0.0112153 0.0044711 0.0044711 0.0067070 0.0089644 0.0112147 0.0000010 0.0000000 0.0365580 0.0180270 0.0112153 
GCF013265735_Rainbow_Trout     0.0388867 0.0388867 0.0365580 0.0341978 0.0412105 0.0412105 0.0429126 0.0341901 0.1181614 0.0388801 0.0365580 0.0341514 0.0341901 0.0365601 0.0341384 0.0365580 0.0365580 0.0000000 0.0411593 0.0388801 
GCF029448725_Brook_Trout       0.0203029 0.0203029 0.0180270 0.0157392 0.0225787 0.0225787 0.0270987 0.0112134 0.0345051 0.0157504 0.0180270 0.0180270 0.0112134 0.0134887 0.0111968 0.0180270 0.0180270 0.0411593 0.0000000 0.0157504 
Methow_River_99895             0.0134731 0.0134731 0.0112153 0.0089530 0.0157322 0.0157322 0.0192409 0.0044646 0.0170218 0.0000010 0.0112153 0.0112153 0.0044646 0.0022277 0.0089589 0.0112153 0.0112153 0.0388801 0.0157504 0.0000000 
