17
251140_Ward_Creek              0.0000000 0.0000010 0.0035900 0.0017915 0.0017917 0.0312038 0.0962744 0.0181232 0.0053937 0.0215488 0.0162984 0.0091059 0.0053895 0.0000010 0.1941042 0.0199577 0.0181232 
260512_Pybus_Point             0.0000010 0.0000000 0.0035900 0.0017915 0.0017917 0.0312038 0.0962744 0.0181232 0.0053937 0.0215488 0.0162984 0.0091059 0.0053895 0.0000010 0.1941042 0.0199577 0.0181232 
353213_Cropley_Lake            0.0035900 0.0035900 0.0000000 0.0017926 0.0053895 0.0357706 0.0986162 0.0218017 0.0090116 0.0259359 0.0199696 0.0127800 0.0053853 0.0035900 0.1975193 0.0236448 0.0218017 
353219_Peterson_Creek          0.0017915 0.0017915 0.0017926 0.0000000 0.0035870 0.0334643 0.0962744 0.0199507 0.0071971 0.0237262 0.0181232 0.0109354 0.0071915 0.0017915 0.1975193 0.0217887 0.0199507 
353220_Fish_Creek              0.0017917 0.0017917 0.0053895 0.0035870 0.0000000 0.0334677 0.0985152 0.0199524 0.0053937 0.0237285 0.0181247 0.0109364 0.0071921 0.0017917 0.1975394 0.0217905 0.0199524 
353379_Skagit_River            0.0312038 0.0312038 0.0357706 0.0334643 0.0334677 0.0000000 0.1057577 0.0220928 0.0380834 0.0274039 0.0198650 0.0339224 0.0380462 0.0312038 0.1782020 0.0472712 0.0220928 
353381_Dungeness_River         0.0962744 0.0962744 0.0986162 0.0962744 0.0985152 0.1057577 0.0000000 0.1169902 0.1032054 0.1444778 0.1147127 0.1091914 0.1031076 0.0962744 0.2488008 0.1171582 0.1169902 
353401_Peace_River             0.0181232 0.0181232 0.0218017 0.0199507 0.0199524 0.0220928 0.1169902 0.0000000 0.0236573 0.0000010 0.0017908 0.0201722 0.0236385 0.0181232 0.2088057 0.0310585 0.0000010 
353407_Noatok                  0.0053937 0.0053937 0.0090116 0.0071971 0.0053937 0.0380834 0.1032054 0.0236573 0.0000000 0.0281522 0.0218207 0.0146298 0.0108230 0.0053937 0.2012928 0.0255055 0.0236573 
92319_Little_Lost              0.0215488 0.0215488 0.0259359 0.0237262 0.0237285 0.0274039 0.1444778 0.0000010 0.0281522 0.0000000 0.0021247 0.0193803 0.0281257 0.0215488 0.2787585 0.0347749 0.0000010 
94280_St_Joe                   0.0162984 0.0162984 0.0199696 0.0181232 0.0181247 0.0198650 0.1147127 0.0017908 0.0218207 0.0021247 0.0000000 0.0183242 0.0218035 0.0162984 0.2088057 0.0292088 0.0017908 
GCA016432855_Lake_Trout        0.0091059 0.0091059 0.0127800 0.0109354 0.0109364 0.0339224 0.1091914 0.0201722 0.0146298 0.0193803 0.0183242 0.0000000 0.0146182 0.0125648 0.2051527 0.0225517 0.0201722 
GCA036784925_Maine_S_alpinus   0.0053895 0.0053895 0.0053853 0.0071915 0.0071921 0.0380462 0.1031076 0.0236385 0.0108230 0.0281257 0.0218035 0.0146182 0.0000000 0.0053895 0.1975394 0.0254852 0.0236385 
GCA045679555_Iceland_A_alpinus 0.0000010 0.0000010 0.0035900 0.0017915 0.0017917 0.0312038 0.0962744 0.0181232 0.0053937 0.0215488 0.0162984 0.0125648 0.0053895 0.0000000 0.1941042 0.0232482 0.0181232 
GCF013265735_Rainbow_Trout     0.1941042 0.1941042 0.1975193 0.1975193 0.1975394 0.1782020 0.2488008 0.2088057 0.2012928 0.2787585 0.2088057 0.2051527 0.1975394 0.1941042 0.0000000 0.2155880 0.2088057 
GCF029448725_Brook_Trout       0.0199577 0.0199577 0.0236448 0.0217887 0.0217905 0.0472712 0.1171582 0.0310585 0.0255055 0.0347749 0.0292088 0.0225517 0.0254852 0.0232482 0.2155880 0.0000000 0.0310585 
Methow_River_99895             0.0181232 0.0181232 0.0218017 0.0199507 0.0199524 0.0220928 0.1169902 0.0000010 0.0236573 0.0000010 0.0017908 0.0201722 0.0236385 0.0181232 0.2088057 0.0310585 0.0000000 
