20
251140_Ward_Creek              0.0000000 0.0014227 0.0240839 0.0014227 0.0000010 0.3957182 0.2534141 0.1445707 0.3355913 0.1464760 0.0231216 0.0312951 0.0852551 0.1427930 0.2297090 0.0404527 0.1809502 0.7584884 0.2675354 0.1639483 
260512_Pybus_Point             0.0014227 0.0000000 0.0256260 0.0028493 0.0014227 0.4000358 0.2512496 0.1445707 0.3394175 0.1464760 0.0246007 0.0328324 0.0852551 0.1427930 0.2318286 0.0420116 0.1830597 0.7584884 0.2698487 0.1639483 
261935_Kenai_River             0.0240839 0.0256260 0.0000000 0.0256264 0.0240839 0.4579631 0.2508416 0.1497072 0.4054176 0.1517129 0.0134799 0.0201331 0.0874889 0.1478407 0.2290080 0.0280110 0.1746089 0.7700295 0.2590459 0.1702554 
353213_Cropley_Lake            0.0014227 0.0028493 0.0256264 0.0000000 0.0014227 0.4000452 0.2555874 0.1464812 0.3355913 0.1483933 0.0246010 0.0328328 0.0870026 0.1446988 0.2318320 0.0420122 0.1830626 0.7634163 0.2698528 0.1659694 
353219_Peterson_Creek          0.0000010 0.0014227 0.0240839 0.0014227 0.0000000 0.3957182 0.2534141 0.1445707 0.3355913 0.1464760 0.0231216 0.0312951 0.0852551 0.1427930 0.2297090 0.0404527 0.1809502 0.7584884 0.2675354 0.1639483 
353220_Fish_Creek              0.3957182 0.4000358 0.4579631 0.4000452 0.3957182 0.0000000 0.0435051 0.8868404 3.0416401 0.8959942 0.4523441 0.5031810 0.6916373 0.8815820 1.1896625 0.5311905 0.3442982 2.2481753 1.2268905 1.0172621 
353246_Cottonwood_Creek        0.2534141 0.2512496 0.2508416 0.2555874 0.2534141 0.0435051 0.0000000 0.4551958 1.1655330 0.4583240 0.2620554 0.2808284 0.3689611 0.4527294 0.5831106 0.2935520 0.1915942 1.2718445 0.6521105 0.4948842 
353379_Skagit_River            0.1445707 0.1445707 0.1497072 0.1464812 0.1445707 0.8868404 0.4551958 0.0000000 0.3889757 0.0045098 0.1336443 0.1457730 0.0544853 0.0014991 0.1575647 0.1550729 0.3512506 0.7499266 0.2197977 0.0155256 
353381_Dungeness_River         0.3355913 0.3394175 0.4054176 0.3355913 0.3355913 3.0416401 1.1655330 0.3889757 0.0000000 0.3889617 0.3730190 0.4106048 0.5384527 0.3854319 0.2977225 0.4240640 0.5609900 2.0650321 0.3663565 0.4434878 
353401_Peace_River             0.1464760 0.1464760 0.1517129 0.1483933 0.1464760 0.8959942 0.4583240 0.0045098 0.3889617 0.0000000 0.1355168 0.1477416 0.0561747 0.0030043 0.1595089 0.1570679 0.3541769 0.7547864 0.2220081 0.0171032 
353407_Noatok                  0.0231216 0.0246007 0.0134799 0.0246010 0.0231216 0.4523441 0.2620554 0.1336443 0.3730190 0.1355168 0.0000000 0.0193207 0.0750941 0.1318879 0.2143138 0.0283891 0.1662238 0.7309657 0.2549898 0.1524549 
353410_Horizon_Lake            0.0312951 0.0328324 0.0201331 0.0328328 0.0312951 0.5031810 0.2808284 0.1457730 0.4106048 0.1477416 0.0193207 0.0000000 0.0845799 0.1439373 0.2317981 0.0103187 0.1518482 0.7610052 0.2644676 0.1658453 
92319_Little_Lost              0.0852551 0.0852551 0.0874889 0.0870026 0.0852551 0.6916373 0.3689611 0.0544853 0.5384527 0.0561747 0.0750941 0.0845799 0.0000000 0.0528407 0.2277849 0.0932849 0.2216704 0.8456206 0.2986732 0.0697874 
94280_St_Joe                   0.1427930 0.1427930 0.1478407 0.1446988 0.1427930 0.8815820 0.4527294 0.0014991 0.3854319 0.0030043 0.1318879 0.1439373 0.0528407 0.0000000 0.1557621 0.1532211 0.3487999 0.7467936 0.2178111 0.0139624 
GCA016432855_Lake_Trout        0.2297090 0.2318286 0.2290080 0.2318320 0.2297090 1.1896625 0.5831106 0.1575647 0.2977225 0.1595089 0.2143138 0.2317981 0.2277849 0.1557621 0.0000000 0.2439960 0.3063921 0.9632541 0.0952162 0.1776179 
GCA036784925_Maine_S_alpinus   0.0404527 0.0420116 0.0280110 0.0420122 0.0404527 0.5311905 0.2935520 0.1550729 0.4240640 0.1570679 0.0283891 0.0103187 0.0932849 0.1532211 0.2439960 0.0000000 0.1594884 0.7794344 0.2754371 0.1756203 
GCA045679555_Iceland_A_alpinus 0.1809502 0.1830597 0.1746089 0.1830626 0.1809502 0.3442982 0.1915942 0.3512506 0.5609900 0.3541769 0.1662238 0.1518482 0.2216704 0.3487999 0.3063921 0.1594884 0.0000000 1.1244927 0.3567451 0.3866497 
GCF013265735_Rainbow_Trout     0.7584884 0.7584884 0.7700295 0.7634163 0.7584884 2.2481753 1.2718445 0.7499266 2.0650321 0.7547864 0.7309657 0.7610052 0.8456206 0.7467936 0.9632541 0.7794344 1.1244927 0.0000000 1.0203753 0.8161845 
GCF029448725_Brook_Trout       0.2675354 0.2698487 0.2590459 0.2698528 0.2675354 1.2268905 0.6521105 0.2197977 0.3663565 0.2220081 0.2549898 0.2644676 0.2986732 0.2178111 0.0952162 0.2754371 0.3567451 1.0203753 0.0000000 0.2440299 
Methow_River_99895             0.1639483 0.1639483 0.1702554 0.1659694 0.1639483 1.0172621 0.4948842 0.0155256 0.4434878 0.0171032 0.1524549 0.1658453 0.0697874 0.0139624 0.1776179 0.1756203 0.3866497 0.8161845 0.2440299 0.0000000 
