11
251140_Ward_Creek          0.0000000 0.0000010 0.0112154 0.3870201 0.1498575 0.0387092 0.0074629 0.0387092 0.0674231 0.1505703 0.0466350 
260512_Pybus_Point         0.0000010 0.0000000 0.0112154 0.3870201 0.1498575 0.0387092 0.0074629 0.0387092 0.0674231 0.1505703 0.0466350 
261935_Kenai_River         0.0112154 0.0112154 0.0000000 0.4473712 0.1579732 0.0426643 0.0112154 0.0426643 0.0715346 0.1550936 0.0506217 
353379_Skagit_River        0.3870201 0.3870201 0.4473712 0.0000000 0.1634787 0.3762028 0.3870201 0.3762028 0.6684392 0.4212944 0.4069288 
353381_Dungeness_River     0.1498575 0.1498575 0.1579732 0.1634787 0.0000000 0.0707686 0.1418060 0.0707686 0.1258938 0.1423102 0.0855457 
353401_Peace_River         0.0387092 0.0387092 0.0426643 0.3762028 0.0707686 0.0000000 0.0387092 0.0000010 0.0269365 0.1052782 0.0075474 
353407_Noatok              0.0074629 0.0074629 0.0112154 0.3870201 0.1418060 0.0387092 0.0000000 0.0387092 0.0674231 0.1505703 0.0466350 
353410_Horizon_Lake        0.0387092 0.0387092 0.0426643 0.3762028 0.0707686 0.0000010 0.0387092 0.0000000 0.0269365 0.1052782 0.0075474 
GCA016432855_Lake_Trout    0.0674231 0.0674231 0.0715346 0.6684392 0.1258938 0.0269365 0.0674231 0.0269365 0.0000000 0.1371203 0.0347698 
GCF013265735_Rainbow_Trout 0.1505703 0.1505703 0.1550936 0.4212944 0.1423102 0.1052782 0.1505703 0.1052782 0.1371203 0.0000000 0.1052782 
GCF029448725_Brook_Trout   0.0466350 0.0466350 0.0506217 0.4069288 0.0855457 0.0075474 0.0466350 0.0075474 0.0347698 0.1052782 0.0000000 
