13
251140_Ward_Creek            0.0000000 0.0000010 0.2035354 0.2357056 0.0503869 0.0516404 0.0633352 0.0503869 0.1579396 0.0516404 1.1203180 0.1880172 0.0699341 
260512_Pybus_Point           0.0000010 0.0000000 0.2035354 0.2357056 0.0503869 0.0516404 0.0633352 0.0503869 0.1579396 0.0516404 1.1203180 0.1880172 0.0699341 
353379_Skagit_River          0.2035354 0.2035354 0.0000000 0.0982627 0.1417186 0.2789605 0.2392540 0.1417186 0.4342788 0.2789605 0.8327451 0.4577550 0.1841989 
353381_Dungeness_River       0.2357056 0.2357056 0.0982627 0.0000000 0.3309140 0.3474590 0.7063906 0.3309140 0.5975815 0.3474590 1.1965749 0.6149201 0.5199905 
353401_Peace_River           0.0503869 0.0503869 0.1417186 0.3309140 0.0000000 0.1069163 0.0000010 0.0000010 0.2228318 0.1069163 1.1946278 0.2521021 0.0134763 
353410_Horizon_Lake          0.0516404 0.0516404 0.2789605 0.3474590 0.1069163 0.0000000 0.1566337 0.1069163 0.1191385 0.0000010 1.0943425 0.1507030 0.1520873 
92319_Little_Lost            0.0633352 0.0633352 0.2392540 0.7063906 0.0000010 0.1566337 0.0000000 0.0000010 0.3670496 0.1566337 1.7576447 0.3846423 0.0270509 
94280_St_Joe                 0.0503869 0.0503869 0.1417186 0.3309140 0.0000010 0.1069163 0.0000010 0.0000000 0.2228318 0.1069163 1.1946278 0.2521021 0.0134763 
GCA016432855_Lake_Trout      0.1579396 0.1579396 0.4342788 0.5975815 0.2228318 0.1191385 0.3670496 0.2228318 0.0000000 0.1191385 1.2622321 0.1661651 0.2916053 
GCA036784925_Maine_S_alpinus 0.0516404 0.0516404 0.2789605 0.3474590 0.1069163 0.0000010 0.1566337 0.1069163 0.1191385 0.0000000 1.0943425 0.1507030 0.1520873 
GCF013265735_Rainbow_Trout   1.1203180 1.1203180 0.8327451 1.1965749 1.1946278 1.0943425 1.7576447 1.1946278 1.2622321 1.0943425 0.0000000 1.1600295 1.6767593 
GCF029448725_Brook_Trout     0.1880172 0.1880172 0.4577550 0.6149201 0.2521021 0.1507030 0.3846423 0.2521021 0.1661651 0.1507030 1.1600295 0.0000000 0.3303992 
Methow_River_99895           0.0699341 0.0699341 0.1841989 0.5199905 0.0134763 0.1520873 0.0270509 0.0134763 0.2916053 0.1520873 1.6767593 0.3303992 0.0000000 
