17
251140_Ward_Creek              0.0000000 0.0000010 0.0016369 0.0024571 0.0008183 0.0057486 0.0063491 0.0032784 0.0147353 0.0045205 0.0040318 0.0032784 0.0036163 0.0027099 0.0027099 0.0438569 0.0108971 
260512_Pybus_Point             0.0000010 0.0000000 0.0016369 0.0024571 0.0008183 0.0057486 0.0063491 0.0032784 0.0147353 0.0045205 0.0040318 0.0032784 0.0036163 0.0027099 0.0027099 0.0438569 0.0108971 
261935_Kenai_River             0.0016369 0.0016369 0.0000000 0.0008183 0.0024571 0.0041010 0.0063491 0.0016369 0.0128762 0.0027088 0.0020130 0.0016369 0.0018050 0.0009019 0.0009019 0.0418914 0.0090689 
353220_Fish_Creek              0.0024571 0.0024571 0.0008183 0.0000000 0.0032797 0.0049254 0.0095526 0.0024571 0.0138081 0.0036148 0.0030224 0.0024571 0.0027110 0.0018050 0.0018050 0.0428829 0.0099846 
353246_Cottonwood_Creek        0.0008183 0.0008183 0.0024571 0.0032797 0.0000000 0.0065750 0.0063491 0.0041010 0.0156702 0.0054292 0.0050445 0.0041010 0.0045243 0.0036163 0.0036163 0.0448516 0.0118156 
353379_Skagit_River            0.0057486 0.0057486 0.0041010 0.0049254 0.0065750 0.0000000 0.0095386 0.0024518 0.0175373 0.0054315 0.0030132 0.0024518 0.0045262 0.0036178 0.0036178 0.0428829 0.0118206 
353381_Dungeness_River         0.0063491 0.0063491 0.0063491 0.0095526 0.0063491 0.0095386 0.0000000 0.0095386 0.0545660 0.0159482 0.0346801 0.0095386 0.0095386 0.0095386 0.0095386 0.1255445 0.0355828 
353401_Peace_River             0.0032784 0.0032784 0.0016369 0.0024571 0.0041010 0.0024518 0.0095386 0.0000000 0.0147353 0.0027099 0.0000010 0.0000010 0.0018058 0.0009023 0.0009023 0.0399313 0.0090727 
353407_Noatok                  0.0147353 0.0147353 0.0128762 0.0138081 0.0156702 0.0175373 0.0545660 0.0147353 0.0000000 0.0156569 0.0186519 0.0147353 0.0147353 0.0138022 0.0138022 0.0563933 0.0222036 
353410_Horizon_Lake            0.0045205 0.0045205 0.0027088 0.0036148 0.0054292 0.0054315 0.0159482 0.0027099 0.0156569 0.0000000 0.0034127 0.0027099 0.0027099 0.0018043 0.0018043 0.0428640 0.0099804 
92319_Little_Lost              0.0040318 0.0040318 0.0020130 0.0030224 0.0050445 0.0030132 0.0346801 0.0000010 0.0186519 0.0034127 0.0000000 0.0000010 0.0022751 0.0011363 0.0011363 0.0459659 0.0114392 
94280_St_Joe                   0.0032784 0.0032784 0.0016369 0.0024571 0.0041010 0.0024518 0.0095386 0.0000010 0.0147353 0.0027099 0.0000010 0.0000000 0.0018058 0.0009023 0.0009023 0.0399313 0.0090727 
GCA016432855_Lake_Trout        0.0036163 0.0036163 0.0018050 0.0027110 0.0045243 0.0045262 0.0095386 0.0018058 0.0147353 0.0027099 0.0022751 0.0018058 0.0000000 0.0009023 0.0009023 0.0419099 0.0090727 
GCA036784925_Maine_S_alpinus   0.0027099 0.0027099 0.0009019 0.0018050 0.0036163 0.0036178 0.0095386 0.0009023 0.0138022 0.0018043 0.0011363 0.0009023 0.0009023 0.0000000 0.0000010 0.0409192 0.0081584 
GCA045679555_Iceland_A_alpinus 0.0027099 0.0027099 0.0009019 0.0018050 0.0036163 0.0036178 0.0095386 0.0009023 0.0138022 0.0018043 0.0011363 0.0009023 0.0009023 0.0000010 0.0000000 0.0409192 0.0081584 
GCF013265735_Rainbow_Trout     0.0438569 0.0438569 0.0418914 0.0428829 0.0448516 0.0428829 0.1255445 0.0399313 0.0563933 0.0428640 0.0459659 0.0399313 0.0419099 0.0409192 0.0409192 0.0000000 0.0457513 
GCF029448725_Brook_Trout       0.0108971 0.0108971 0.0090689 0.0099846 0.0118156 0.0118206 0.0355828 0.0090727 0.0222036 0.0099804 0.0114392 0.0090727 0.0090727 0.0081584 0.0081584 0.0457513 0.0000000 
