20
251140_Ward_Creek              0.0000000 0.0017956 0.0090832 0.0306852 0.0054385 0.0326804 0.0072502 0.0403932 0.1427546 0.0424169 0.0205096 0.0072677 0.0583308 0.0382771 0.1365428 0.0368947 0.0327665 0.2896876 0.0474628 0.0402865 
260512_Pybus_Point             0.0017956 0.0000000 0.0108063 0.0323076 0.0071893 0.0303360 0.0089852 0.0419318 0.1438198 0.0439404 0.0242151 0.0090068 0.0599942 0.0398280 0.1423280 0.0384802 0.0343781 0.2955590 0.0493654 0.0418218 
261935_Kenai_River             0.0090832 0.0108063 0.0000000 0.0403926 0.0071722 0.0424160 0.0089638 0.0346951 0.1609591 0.0398280 0.0165696 0.0089852 0.0548935 0.0357742 0.1244019 0.0336557 0.0304180 0.2724872 0.0450732 0.0377452 
353213_Cropley_Lake            0.0306852 0.0323076 0.0403926 0.0000000 0.0364695 0.0017308 0.0383785 0.0424982 0.1046574 0.0444461 0.0257196 0.0384802 0.0600038 0.0404562 0.1419772 0.0052390 0.0017348 0.2909962 0.0523495 0.0423901 
353219_Peterson_Creek          0.0054385 0.0071893 0.0071722 0.0364695 0.0000000 0.0384802 0.0053672 0.0379410 0.1535204 0.0399323 0.0203955 0.0017763 0.0550698 0.0358669 0.1353105 0.0384802 0.0343781 0.2868256 0.0451959 0.0378433 
353220_Fish_Creek              0.0326804 0.0303360 0.0424160 0.0017308 0.0384802 0.0000000 0.0403926 0.0444461 0.1082434 0.0464025 0.0276191 0.0405001 0.0623933 0.0423901 0.1454327 0.0070006 0.0034771 0.2952705 0.0544171 0.0443325 
353246_Cottonwood_Creek        0.0072502 0.0089852 0.0089638 0.0383785 0.0053672 0.0403926 0.0000000 0.0358669 0.1568163 0.0378433 0.0222451 0.0071722 0.0524601 0.0338134 0.1312444 0.0403926 0.0362784 0.2809952 0.0471468 0.0357742 
353379_Skagit_River            0.0403932 0.0419318 0.0346951 0.0424982 0.0379410 0.0444461 0.0358669 0.0000000 0.1496464 0.0014030 0.0231346 0.0399323 0.0064235 0.0014056 0.0945987 0.0405350 0.0370629 0.2261288 0.0391414 0.0028161 
353381_Dungeness_River         0.1427546 0.1438198 0.1609591 0.1046574 0.1535204 0.1082434 0.1568163 0.1496464 0.0000000 0.1534802 0.1263601 0.1576599 0.2310066 0.1451250 0.6747495 0.1166053 0.1087545 1.3232763 0.1750720 0.1489088 
353401_Peace_River             0.0424169 0.0439404 0.0398280 0.0444461 0.0399323 0.0464025 0.0378433 0.0014030 0.1534802 0.0000000 0.0249696 0.0419318 0.0080454 0.0028161 0.0976205 0.0464025 0.0423901 0.2298457 0.0410996 0.0014056 
353407_Noatok                  0.0205096 0.0242151 0.0165696 0.0257196 0.0203955 0.0276191 0.0222451 0.0231346 0.1263601 0.0249696 0.0000000 0.0223010 0.0361190 0.0212576 0.0905338 0.0276191 0.0237697 0.2193488 0.0311608 0.0230789 
353410_Horizon_Lake            0.0072677 0.0090068 0.0089852 0.0384802 0.0017763 0.0405001 0.0071722 0.0399323 0.1576599 0.0419318 0.0223010 0.0000000 0.0575253 0.0378433 0.1388079 0.0405001 0.0363737 0.2911782 0.0472757 0.0398280 
92319_Little_Lost              0.0583308 0.0599942 0.0548935 0.0600038 0.0550698 0.0623933 0.0524601 0.0064235 0.2310066 0.0080454 0.0361190 0.0575253 0.0000000 0.0080627 0.1399797 0.0623933 0.0574481 0.3195459 0.0535932 0.0096946 
94280_St_Joe                   0.0382771 0.0398280 0.0357742 0.0404562 0.0358669 0.0423901 0.0338134 0.0014056 0.1451250 0.0028161 0.0212576 0.0378433 0.0080627 0.0000000 0.0912388 0.0423901 0.0384339 0.2213947 0.0370973 0.0014030 
GCA016432855_Lake_Trout        0.1365428 0.1423280 0.1244019 0.1419772 0.1353105 0.1454327 0.1312444 0.0945987 0.6747495 0.0976205 0.0905338 0.1388079 0.1399797 0.0912388 0.0000000 0.1454327 0.1379303 0.0916650 0.1149143 0.0942279 
GCA036784925_Maine_S_alpinus   0.0368947 0.0384802 0.0336557 0.0052390 0.0384802 0.0070006 0.0403926 0.0405350 0.1166053 0.0464025 0.0276191 0.0405001 0.0623933 0.0423901 0.1454327 0.0000000 0.0028161 0.2952705 0.0544171 0.0443325 
GCA045679555_Iceland_A_alpinus 0.0327665 0.0343781 0.0304180 0.0017348 0.0343781 0.0034771 0.0362784 0.0370629 0.1087545 0.0423901 0.0237697 0.0363737 0.0574481 0.0384339 0.1379303 0.0028161 0.0000000 0.2852509 0.0501563 0.0403540 
GCF013265735_Rainbow_Trout     0.2896876 0.2955590 0.2724872 0.2909962 0.2868256 0.2952705 0.2809952 0.2261288 1.3232763 0.2298457 0.2193488 0.2911782 0.3195459 0.2213947 0.0916650 0.2952705 0.2852509 0.0000000 0.2598325 0.2250679 
GCF029448725_Brook_Trout       0.0474628 0.0493654 0.0450732 0.0523495 0.0451959 0.0544171 0.0471468 0.0391414 0.1750720 0.0410996 0.0311608 0.0472757 0.0535932 0.0370973 0.1149143 0.0544171 0.0501563 0.2598325 0.0000000 0.0390413 
Methow_River_99895             0.0402865 0.0418218 0.0377452 0.0423901 0.0378433 0.0443325 0.0357742 0.0028161 0.1489088 0.0014056 0.0230789 0.0398280 0.0096946 0.0014030 0.0942279 0.0443325 0.0403540 0.2250679 0.0390413 0.0000000 
