13
251140_Ward_Creek            0.0000000 0.0000010 0.0095696 0.0095696 0.2320121 0.0095696 0.2320121 0.0192317 0.0487897 0.1243323 0.0487897 0.7942555 0.1005901 
260512_Pybus_Point           0.0000010 0.0000000 0.0095696 0.0095696 0.2320121 0.0095696 0.2320121 0.0192317 0.0487897 0.1243323 0.0487897 0.7942555 0.1005901 
353220_Fish_Creek            0.0095696 0.0095696 0.0000000 0.0192317 0.2176302 0.0000010 0.2176302 0.0095696 0.0388404 0.1097344 0.0388404 0.7632010 0.0900673 
353246_Cottonwood_Creek      0.0095696 0.0095696 0.0192317 0.0000000 0.2176302 0.0192317 0.2176302 0.0095696 0.0388404 0.1097344 0.0388404 0.7632010 0.0900673 
353379_Skagit_River          0.2320121 0.2320121 0.2176302 0.2176302 0.0000000 0.1714116 0.0000010 0.2034462 0.1542907 0.2839025 0.1542907 1.2253406 0.3876974 
353381_Dungeness_River       0.0095696 0.0095696 0.0000010 0.0192317 0.1714116 0.0000000 0.1714116 0.0095696 0.0330616 0.0879932 0.0330616 0.5481193 0.2009716 
353401_Peace_River           0.2320121 0.2320121 0.2176302 0.2176302 0.0000010 0.1714116 0.0000000 0.2034462 0.1542907 0.2839025 0.1542907 1.2253406 0.3876974 
353407_Noatok                0.0192317 0.0192317 0.0095696 0.0095696 0.2034462 0.0095696 0.2034462 0.0000000 0.0289881 0.0953439 0.0289881 0.7328864 0.0796518 
353410_Horizon_Lake          0.0487897 0.0487897 0.0388404 0.0388404 0.1542907 0.0330616 0.1542907 0.0289881 0.0000000 0.0674621 0.0000010 0.5481193 0.1761522 
GCA016432855_Lake_Trout      0.1243323 0.1243323 0.1097344 0.1097344 0.2839025 0.0879932 0.2839025 0.0953439 0.0674621 0.0000000 0.0674621 0.6535002 0.2487513 
GCA036784925_Maine_S_alpinus 0.0487897 0.0487897 0.0388404 0.0388404 0.1542907 0.0330616 0.1542907 0.0289881 0.0000010 0.0674621 0.0000000 0.5481193 0.1761522 
GCF013265735_Rainbow_Trout   0.7942555 0.7942555 0.7632010 0.7632010 1.2253406 0.5481193 1.2253406 0.7328864 0.5481193 0.6535002 0.5481193 0.0000000 1.0766012 
GCF029448725_Brook_Trout     0.1005901 0.1005901 0.0900673 0.0900673 0.3876974 0.2009716 0.3876974 0.0796518 0.1761522 0.2487513 0.1761522 1.0766012 0.0000000 
