11
251140_Ward_Creek          0.0000000 0.0247179 0.0247179 0.0000010 0.0501104 0.0000010 0.0247179 0.0247179 0.0247179 0.3873403 0.0509208 
260512_Pybus_Point         0.0247179 0.0000000 0.0000010 0.0247179 0.0762077 0.0607694 0.0501104 0.0501104 0.0501104 0.4275311 0.0774656 
261935_Kenai_River         0.0247179 0.0000010 0.0000000 0.0247179 0.0762077 0.0607694 0.0501104 0.0501104 0.0501104 0.4275311 0.0774656 
353213_Cropley_Lake        0.0000010 0.0247179 0.0247179 0.0000000 0.0501104 0.0000010 0.0247179 0.0247179 0.0247179 0.3873403 0.0509208 
353379_Skagit_River        0.0501104 0.0762077 0.0762077 0.0501104 0.0000000 0.1257129 0.0247179 0.0247179 0.0762077 0.4692099 0.1047789 
353381_Dungeness_River     0.0000010 0.0607694 0.0607694 0.0000010 0.1257129 0.0000000 0.0607694 0.0607694 0.0607694 1.3478335 0.1310559 
353401_Peace_River         0.0247179 0.0501104 0.0501104 0.0247179 0.0247179 0.0607694 0.0000000 0.0000010 0.0501104 0.4275311 0.0774656 
92319_Little_Lost          0.0247179 0.0501104 0.0501104 0.0247179 0.0247179 0.0607694 0.0000010 0.0000000 0.0501104 0.4275311 0.0774656 
GCA016432855_Lake_Trout    0.0247179 0.0501104 0.0501104 0.0247179 0.0762077 0.0607694 0.0501104 0.0501104 0.0000000 0.4275311 0.0774656 
GCF013265735_Rainbow_Trout 0.3873403 0.4275311 0.4275311 0.3873403 0.4692099 1.3478335 0.4275311 0.4275311 0.4275311 0.0000000 0.4809744 
GCF029448725_Brook_Trout   0.0509208 0.0774656 0.0774656 0.0509208 0.1047789 0.1310559 0.0774656 0.0774656 0.0774656 0.4809744 0.0000000 
