18
251140_Ward_Creek              0.0000000 0.0406556 0.0806700 0.0267688 0.1296582 0.0392114 0.1995454 0.3160018 1.3022229 0.4431909 0.1785785 0.4381836 0.4431909 1.3045884 0.4433532 0.4433532 1.5641356 1.4565751 
260512_Pybus_Point             0.0406556 0.0000000 0.0192606 0.0132979 0.1451072 0.0194199 0.2241959 0.2548905 1.2647234 0.3722404 0.1963753 0.4595147 0.3722404 1.2756201 0.4650802 0.4650802 1.5463421 1.4177390 
261935_Kenai_River             0.0806700 0.0192606 0.0000000 0.0392114 0.2464238 0.0392114 0.2492988 0.3835828 3.0414066 0.5952588 0.3011691 0.7637081 0.5952588 2.4773882 0.7853614 0.7853614 2.3665586 2.9200830 
353213_Cropley_Lake            0.0267688 0.0132979 0.0392114 0.0000000 0.1287918 0.0000010 0.1973569 0.2754541 1.1793654 0.3965011 0.1771709 0.4333888 0.3965011 1.2079303 0.4383993 0.4383993 1.4853310 1.3108285 
353219_Peterson_Creek          0.1296582 0.1451072 0.2464238 0.1287918 0.0000000 0.1951530 0.1698155 0.3322686 1.5709104 0.4595147 0.0915848 0.3261949 0.4595147 1.2925912 0.3682099 0.3682099 1.6429832 1.4236822 
353220_Fish_Creek              0.0392114 0.0194199 0.0392114 0.0000010 0.1951530 0.0000000 0.1973569 0.4546473 2.8496948 0.6850870 0.2464354 0.7444854 0.6850870 2.3065030 0.7643410 0.7643410 2.2718938 2.5846958 
353246_Cottonwood_Creek        0.1995454 0.2241959 0.2492988 0.1973569 0.1698155 0.1973569 0.0000000 0.5661141 3.1113612 0.8165453 0.0800950 0.6842017 0.8165453 1.9044081 0.7004088 0.7004088 2.4554906 2.5415293 
353379_Skagit_River            0.3160018 0.2548905 0.3835828 0.2754541 0.3322686 0.4546473 0.5661141 0.0000000 2.5107825 0.1072649 0.4209472 0.2021710 0.1072649 0.7500385 0.2198584 0.2198584 0.9928986 0.6367118 
353381_Dungeness_River         1.3022229 1.2647234 3.0414066 1.1793654 1.5709104 2.8496948 3.1113612 2.5107825 0.0000000 2.9205794 1.4867949 2.6458833 2.9205794 2.7149479 2.8288774 2.8288774 3.3065855 7.2724910 
353401_Peace_River             0.4431909 0.3722404 0.5952588 0.3965011 0.4595147 0.6850870 0.8165453 0.1072649 2.9205794 0.0000000 0.5742312 0.0688366 0.0000010 0.4389943 0.0812129 0.0812129 0.6759357 0.3024718 
353407_Noatok                  0.1785785 0.1963753 0.3011691 0.1771709 0.0915848 0.2464354 0.0800950 0.4209472 1.4867949 0.5742312 0.0000000 0.4113707 0.5742312 1.2148573 0.4622946 0.4622946 1.8703420 1.7873146 
353410_Horizon_Lake            0.4381836 0.4595147 0.7637081 0.4333888 0.3261949 0.7444854 0.6842017 0.2021710 2.6458833 0.0688366 0.4113707 0.0000000 0.0688366 0.4722314 0.0417535 0.0417535 0.7768579 0.3384018 
92319_Little_Lost              0.4431909 0.3722404 0.5952588 0.3965011 0.4595147 0.6850870 0.8165453 0.1072649 2.9205794 0.0000010 0.5742312 0.0688366 0.0000000 0.4389943 0.0812129 0.0812129 0.6759357 0.3024718 
GCA016432855_Lake_Trout        1.3045884 1.2756201 2.4773882 1.2079303 1.2925912 2.3065030 1.9044081 0.7500385 2.7149479 0.4389943 1.2148573 0.4722314 0.4389943 0.0000000 0.4773294 0.4773294 1.4446926 0.7988651 
GCA036784925_Maine_S_alpinus   0.4433532 0.4650802 0.7853614 0.4383993 0.3682099 0.7643410 0.7004088 0.2198584 2.8288774 0.0812129 0.4622946 0.0417535 0.0812129 0.4773294 0.0000000 0.0000010 0.8088390 0.3620365 
GCA045679555_Iceland_A_alpinus 0.4433532 0.4650802 0.7853614 0.4383993 0.3682099 0.7643410 0.7004088 0.2198584 2.8288774 0.0812129 0.4622946 0.0417535 0.0812129 0.4773294 0.0000010 0.0000000 0.8088390 0.3620365 
GCF013265735_Rainbow_Trout     1.5641356 1.5463421 2.3665586 1.4853310 1.6429832 2.2718938 2.4554906 0.9928986 3.3065855 0.6759357 1.8703420 0.7768579 0.6759357 1.4446926 0.8088390 0.8088390 0.0000000 1.3316565 
GCF029448725_Brook_Trout       1.4565751 1.4177390 2.9200830 1.3108285 1.4236822 2.5846958 2.5415293 0.6367118 7.2724910 0.3024718 1.7873146 0.3384018 0.3024718 0.7988651 0.3620365 0.3620365 1.3316565 0.0000000 
