15
251140_Ward_Creek              0.0000000 0.0000010 0.0721178 0.9519665 4.6789413 0.0737099 4.6789413 0.0973081 0.0235253 4.6789413 0.2723125 4.6406650 4.5217124 0.5997028 5.4615986 
260512_Pybus_Point             0.0000010 0.0000000 0.0721178 0.9519665 4.6789413 0.0737099 4.6789413 0.0973081 0.0235253 4.6789413 0.2723125 4.6406650 4.5217124 0.5997028 5.4615986 
261935_Kenai_River             0.0721178 0.0721178 0.0000000 1.1266669 4.8755484 0.1529145 4.8755484 0.0234790 0.0475157 4.8755484 0.2719953 4.5833498 4.4706059 0.5566624 5.7755508 
353219_Peterson_Creek          0.9519665 0.9519665 1.1266669 0.0000000 7.7679423 1.2422858 7.7679423 1.1835627 1.0132078 7.7679423 1.7546932 8.3068676 7.5983164 2.8035124 9.0000000 
353379_Skagit_River            4.6789413 4.6789413 4.8755484 7.7679423 0.0000000 4.6789413 0.0000010 5.0251553 4.8715585 0.0000010 5.2974987 0.1914112 0.2180168 5.0886223 0.5499207 
353381_Dungeness_River         0.0737099 0.0737099 0.1529145 1.2422858 4.6789413 0.0000000 4.6789413 0.1806768 0.0996121 4.6789413 0.3797986 5.1344089 4.9701928 0.7699557 6.0490657 
353401_Peace_River             4.6789413 4.6789413 4.8755484 7.7679423 0.0000010 4.6789413 0.0000000 5.0251553 4.8715585 0.0000010 5.2974987 0.1914112 0.2180168 5.0886223 0.5499207 
353407_Noatok                  0.0973081 0.0973081 0.0234790 1.1835627 5.0251553 0.1806768 5.0251553 0.0000000 0.0721227 5.0251553 0.2418674 4.7077470 4.5800118 0.5164885 6.0202393 
353410_Horizon_Lake            0.0235253 0.0235253 0.0475157 1.0132078 4.8715585 0.0996121 4.8715585 0.0721227 0.0000000 4.8715585 0.2723125 4.8501305 4.7039495 0.5573901 5.7691783 
92319_Little_Lost              4.6789413 4.6789413 4.8755484 7.7679423 0.0000010 4.6789413 0.0000010 5.0251553 4.8715585 0.0000000 5.2974987 0.1914112 0.2180168 5.0886223 0.5499207 
GCA016432855_Lake_Trout        0.2723125 0.2723125 0.2719953 1.7546932 5.2974987 0.3797986 5.2974987 0.2418674 0.2723125 5.2974987 0.0000000 4.9944673 4.8587908 0.5695270 8.9999989 
GCA036784925_Maine_S_alpinus   4.6406650 4.6406650 4.5833498 8.3068676 0.1914112 5.1344089 0.1914112 4.7077470 4.8501305 0.1914112 4.9944673 0.0000000 0.0195956 5.8641448 0.3037513 
GCA045679555_Iceland_A_alpinus 4.5217124 4.5217124 4.4706059 7.5983164 0.2180168 4.9701928 0.2180168 4.5800118 4.7039495 0.2180168 4.8587908 0.0195956 0.0000000 5.6341500 0.3309644 
GCF013265735_Rainbow_Trout     0.5997028 0.5997028 0.5566624 2.8035124 5.0886223 0.7699557 5.0886223 0.5164885 0.5573901 5.0886223 0.5695270 5.8641448 5.6341500 0.0000000 8.9999986 
GCF029448725_Brook_Trout       5.4615986 5.4615986 5.7755508 9.0000000 0.5499207 6.0490657 0.5499207 6.0202393 5.7691783 0.5499207 8.9999989 0.3037513 0.3309644 8.9999986 0.0000000 
