19
251140_Ward_Creek              0.0000000 0.0027198 0.0109357 0.0027258 0.0000010 0.0058937 0.0306335 0.0038803 0.0303777 0.0248506 0.0192247 0.1047799 0.0306335 0.0417196 0.0305155 0.0220410 0.1184365 0.0743374 0.0303777 
260512_Pybus_Point             0.0027198 0.0000000 0.0136929 0.0054609 0.0027198 0.0088566 0.0334767 0.0000010 0.0331965 0.0276596 0.0220085 0.1103860 0.0334767 0.0445787 0.0333476 0.0248394 0.1216323 0.0773388 0.0331965 
261935_Kenai_River             0.0109357 0.0136929 0.0000000 0.0137236 0.0109357 0.0178127 0.0249876 0.0195999 0.0247806 0.0192700 0.0136913 0.0937990 0.0249876 0.0360492 0.0248913 0.0164817 0.1121687 0.0684094 0.0247806 
353213_Cropley_Lake            0.0027258 0.0054609 0.0137236 0.0000000 0.0027258 0.0088781 0.0335531 0.0078045 0.0332716 0.0277222 0.0220582 0.1108556 0.0335531 0.0446801 0.0334234 0.0248946 0.1219235 0.0775190 0.0332716 
353219_Peterson_Creek          0.0000010 0.0027198 0.0109357 0.0027258 0.0000000 0.0058937 0.0306335 0.0038803 0.0303777 0.0248506 0.0192247 0.1047799 0.0306335 0.0417196 0.0305155 0.0220410 0.1184365 0.0743374 0.0303777 
353246_Cottonwood_Creek        0.0058937 0.0088566 0.0178127 0.0088781 0.0058937 0.0000000 0.0269496 0.0131166 0.0267079 0.0177274 0.0147514 0.1154937 0.0269496 0.0388710 0.0268378 0.0177619 0.1181171 0.0739072 0.0267079 
353379_Skagit_River            0.0306335 0.0334767 0.0249876 0.0335531 0.0306335 0.0269496 0.0000000 0.0483297 0.0000010 0.0221263 0.0165063 0.0566611 0.0000010 0.0164919 0.0277886 0.0193188 0.0906342 0.0480111 0.0000010 
353381_Dungeness_River         0.0038803 0.0000010 0.0195999 0.0078045 0.0038803 0.0131166 0.0483297 0.0000000 0.0477462 0.0397765 0.0315717 0.2643910 0.0483297 0.0643365 0.0480624 0.0356834 0.1762053 0.1086443 0.0477462 
353401_Peace_River             0.0303777 0.0331965 0.0247806 0.0332716 0.0303777 0.0267079 0.0000010 0.0477462 0.0000000 0.0219428 0.0163704 0.0557883 0.0000010 0.0163562 0.0275571 0.0191590 0.0898314 0.0476033 0.0000010 
353407_Noatok                  0.0248506 0.0276596 0.0192700 0.0277222 0.0248506 0.0177274 0.0221263 0.0397765 0.0219428 0.0000000 0.0109117 0.0938335 0.0221263 0.0331490 0.0220413 0.0136828 0.1087724 0.0652997 0.0219428 
353410_Horizon_Lake            0.0192247 0.0220085 0.0136913 0.0220582 0.0192247 0.0147514 0.0165063 0.0315717 0.0163704 0.0109117 0.0000000 0.0825594 0.0165063 0.0219081 0.0164432 0.0081665 0.0961069 0.0534591 0.0163704 
92319_Little_Lost              0.1047799 0.1103860 0.0937990 0.1108556 0.1047799 0.1154937 0.0566611 0.2643910 0.0557883 0.0938335 0.0825594 0.0000000 0.0566611 0.0769516 0.1051783 0.0882405 0.2243692 0.1286990 0.0557883 
94280_St_Joe                   0.0306335 0.0334767 0.0249876 0.0335531 0.0306335 0.0269496 0.0000010 0.0483297 0.0000010 0.0221263 0.0165063 0.0566611 0.0000000 0.0164919 0.0277886 0.0193188 0.0906342 0.0480111 0.0000010 
GCA016432855_Lake_Trout        0.0417196 0.0445787 0.0360492 0.0446801 0.0417196 0.0388710 0.0164919 0.0643365 0.0163562 0.0331490 0.0219081 0.0769516 0.0164919 0.0000000 0.0388552 0.0303203 0.0898816 0.0418811 0.0163562 
GCA036784925_Maine_S_alpinus   0.0305155 0.0333476 0.0248913 0.0334234 0.0305155 0.0268378 0.0277886 0.0480624 0.0275571 0.0220413 0.0164432 0.1051783 0.0277886 0.0388552 0.0000000 0.0081692 0.1152286 0.0653916 0.0275571 
GCA045679555_Iceland_A_alpinus 0.0220410 0.0248394 0.0164817 0.0248946 0.0220410 0.0177619 0.0193188 0.0356834 0.0191590 0.0136828 0.0081665 0.0882405 0.0193188 0.0303203 0.0081692 0.0000000 0.1055682 0.0564575 0.0191590 
GCF013265735_Rainbow_Trout     0.1184365 0.1216323 0.1121687 0.1219235 0.1184365 0.1181171 0.0906342 0.1762053 0.0898314 0.1087724 0.0961069 0.2243692 0.0906342 0.0898816 0.1152286 0.1055682 0.0000000 0.1186023 0.0898314 
GCF029448725_Brook_Trout       0.0743374 0.0773388 0.0684094 0.0775190 0.0743374 0.0739072 0.0480111 0.1086443 0.0476033 0.0652997 0.0534591 0.1286990 0.0480111 0.0418811 0.0653916 0.0564575 0.1186023 0.0000000 0.0476033 
Methow_River_99895             0.0303777 0.0331965 0.0247806 0.0332716 0.0303777 0.0267079 0.0000010 0.0477462 0.0000010 0.0219428 0.0163704 0.0557883 0.0000010 0.0163562 0.0275571 0.0191590 0.0898314 0.0476033 0.0000000 
