12
251140_Ward_Creek            0.0000000 0.0000010 0.0844686 0.3726081 0.0000010 0.3726081 0.1148772 0.0844606 0.3297641 0.0844606 1.2964492 0.4662279 
260512_Pybus_Point           0.0000010 0.0000000 0.0844686 0.3726081 0.0000010 0.3726081 0.1148772 0.0844606 0.3297641 0.0844606 1.2964492 0.4662279 
353246_Cottonwood_Creek      0.0844686 0.0844686 0.0000000 0.3298024 8.9999986 0.3298024 0.0271020 0.0552182 0.2893118 0.0552182 1.1569092 0.4178377 
353379_Skagit_River          0.3726081 0.3726081 0.3298024 0.0000000 8.9999990 0.0000010 0.2894430 0.2511560 0.1468806 0.2511560 0.9405067 0.2514033 
353381_Dungeness_River       0.0000010 0.0000010 8.9999986 8.9999990 0.0000000 8.9999990 8.9999986 8.9999985 8.9999990 8.9999985 8.9999980 8.9999981 
353401_Peace_River           0.3726081 0.3726081 0.3298024 0.0000010 8.9999990 0.0000000 0.2894430 0.2511560 0.1468806 0.2511560 0.9405067 0.2514033 
353407_Noatok                0.1148772 0.1148772 0.0271020 0.2894430 8.9999986 0.2894430 0.0000000 0.0270995 0.2510456 0.0270995 1.0402283 0.3725615 
353410_Horizon_Lake          0.0844606 0.0844606 0.0552182 0.2511560 8.9999985 0.2511560 0.0270995 0.0000000 0.2146460 0.0000010 0.9394151 0.3298788 
GCA016432855_Lake_Trout      0.3297641 0.3297641 0.2893118 0.1468806 8.9999990 0.1468806 0.2510456 0.2146460 0.0000000 0.2146460 0.6995296 0.2148513 
GCA036784925_Maine_S_alpinus 0.0844606 0.0844606 0.0552182 0.2511560 8.9999985 0.2511560 0.0270995 0.0000010 0.2146460 0.0000000 0.9394151 0.3298788 
GCF013265735_Rainbow_Trout   1.2964492 1.2964492 1.1569092 0.9405067 8.9999980 0.9405067 1.0402283 0.9394151 0.6995296 0.9394151 0.0000000 1.0419835 
GCF029448725_Brook_Trout     0.4662279 0.4662279 0.4178377 0.2514033 8.9999981 0.2514033 0.3725615 0.3298788 0.2148513 0.3298788 1.0419835 0.0000000 
