14
251140_Ward_Creek              0.0000000 0.0000010 0.0084915 0.0170971 0.0621552 0.0621552 0.0170971 0.0257481 0.0530587 0.0436131 0.0171045 0.0085152 0.3216639 0.1550144 
260512_Pybus_Point             0.0000010 0.0000000 0.0084915 0.0170971 0.0621552 0.0621552 0.0170971 0.0257481 0.0530587 0.0436131 0.0171045 0.0085152 0.3216639 0.1550144 
353219_Peterson_Creek          0.0084915 0.0084915 0.0000000 0.0257481 0.0713264 0.0713264 0.0257481 0.0344670 0.0621552 0.0525465 0.0257588 0.0170971 0.3340485 0.1833054 
353246_Cottonwood_Creek        0.0170971 0.0170971 0.0257481 0.0000000 0.0621320 0.0621320 0.0000010 0.0084833 0.0530382 0.0435959 0.0170971 0.0085115 0.3217005 0.1549166 
353379_Skagit_River            0.0621552 0.0621552 0.0713264 0.0621320 0.0000000 0.0000010 0.0621320 0.0713008 0.0084518 0.0906366 0.0621552 0.0530382 0.3655377 0.3232360 
353401_Peace_River             0.0621552 0.0621552 0.0713264 0.0621320 0.0000010 0.0000000 0.0621320 0.0713008 0.0084518 0.0906366 0.0621552 0.0530382 0.3655377 0.3232360 
353407_Noatok                  0.0170971 0.0170971 0.0257481 0.0000010 0.0621320 0.0621320 0.0000000 0.0084833 0.0530382 0.0435959 0.0170971 0.0085115 0.3217005 0.1549166 
353410_Horizon_Lake            0.0257481 0.0257481 0.0344670 0.0084833 0.0713008 0.0713008 0.0084833 0.0000000 0.0621320 0.0525264 0.0257481 0.0170898 0.3340964 0.1832154 
92319_Little_Lost              0.0530587 0.0530587 0.0621552 0.0530382 0.0084518 0.0084518 0.0530382 0.0621320 0.0000000 0.0812328 0.0530587 0.0440186 0.3805901 0.2894135 
GCA016432855_Lake_Trout        0.0436131 0.0436131 0.0525465 0.0435959 0.0906366 0.0906366 0.0435959 0.0525264 0.0812328 0.0000000 0.0436131 0.0347370 0.3629241 0.2177727 
GCA036784925_Maine_S_alpinus   0.0171045 0.0171045 0.0257588 0.0170971 0.0621552 0.0621552 0.0170971 0.0257481 0.0530587 0.0436131 0.0000000 0.0085152 0.3216639 0.1550144 
GCA045679555_Iceland_A_alpinus 0.0085152 0.0085152 0.0170971 0.0085115 0.0530382 0.0530382 0.0085115 0.0170898 0.0440186 0.0347370 0.0085152 0.0000000 0.3094245 0.1273736 
GCF013265735_Rainbow_Trout     0.3216639 0.3216639 0.3340485 0.3217005 0.3655377 0.3655377 0.3217005 0.3340964 0.3805901 0.3629241 0.3216639 0.3094245 0.0000000 1.4786761 
GCF029448725_Brook_Trout       0.1550144 0.1550144 0.1833054 0.1549166 0.3232360 0.3232360 0.1549166 0.1832154 0.2894135 0.2177727 0.1550144 0.1273736 1.4786761 0.0000000 
