15
251140_Ward_Creek              0.0000000 0.0000010 0.0009519 0.0035171 0.0077443 0.0108329 0.0077443 0.0151465 0.0057915 0.0087296 0.0191290 0.9392773 0.0087173 0.1051604 0.0275876 
260512_Pybus_Point             0.0000010 0.0000000 0.0009519 0.0035171 0.0077443 0.0108329 0.0077443 0.0151465 0.0057915 0.0087296 0.0191290 0.9392773 0.0087173 0.1051604 0.0275876 
353219_Peterson_Creek          0.0009519 0.0009519 0.0000000 0.0047000 0.0087286 0.0108329 0.0087286 0.0161878 0.0067693 0.0097177 0.0201750 0.9216820 0.0097039 0.1037091 0.0286658 
353246_Cottonwood_Creek        0.0035171 0.0035171 0.0047000 0.0000000 0.0119345 0.0177909 0.0119345 0.0148258 0.0071034 0.0131599 0.0263091 0.9641624 0.0131364 0.1369813 0.0370036 
353379_Skagit_River            0.0077443 0.0077443 0.0087286 0.0119345 0.0000000 0.0237126 0.0000010 0.0213193 0.0077035 0.0009471 0.0231863 0.9992792 0.0096442 0.1072113 0.0339014 
353381_Dungeness_River         0.0108329 0.0108329 0.0108329 0.0177909 0.0237126 0.0000000 0.0237126 0.0427763 0.0204552 0.0253764 0.0475540 8.9999983 0.0253141 0.1305820 0.0647958 
353401_Peace_River             0.0077443 0.0077443 0.0087286 0.0119345 0.0000010 0.0237126 0.0000000 0.0213193 0.0077035 0.0009471 0.0231863 0.9992792 0.0096442 0.1072113 0.0339014 
353407_Noatok                  0.0151465 0.0151465 0.0161878 0.0148258 0.0213193 0.0427763 0.0213193 0.0000000 0.0171395 0.0223815 0.0157270 1.0670080 0.0223465 0.1062811 0.0218385 
353410_Horizon_Lake            0.0057915 0.0057915 0.0067693 0.0071034 0.0077035 0.0204552 0.0077035 0.0171395 0.0000000 0.0086835 0.0211065 0.9602134 0.0066779 0.1044266 0.0338672 
92319_Little_Lost              0.0087296 0.0087296 0.0097177 0.0131599 0.0009471 0.0253764 0.0009471 0.0223815 0.0086835 0.0000000 0.0242450 0.9753163 0.0106295 0.1087048 0.0350039 
GCA016432855_Lake_Trout        0.0191290 0.0191290 0.0201750 0.0263091 0.0231863 0.0475540 0.0231863 0.0157270 0.0211065 0.0242450 0.0000000 0.9850973 0.0242072 0.0950962 0.0193217 
GCA036784925_Maine_S_alpinus   0.9392773 0.9392773 0.9216820 0.9641624 0.9992792 8.9999983 0.9992792 1.0670080 0.9602134 0.9753163 0.9850973 0.0000000 1.0201348 1.5891182 0.9986339 
GCA045679555_Iceland_A_alpinus 0.0087173 0.0087173 0.0097039 0.0131364 0.0096442 0.0253141 0.0096442 0.0223465 0.0066779 0.0106295 0.0242072 1.0201348 0.0000000 0.1084567 0.0370779 
GCF013265735_Rainbow_Trout     0.1051604 0.1051604 0.1037091 0.1369813 0.1072113 0.1305820 0.1072113 0.1062811 0.1044266 0.1087048 0.0950962 1.5891182 0.1084567 0.0000000 0.1032870 
GCF029448725_Brook_Trout       0.0275876 0.0275876 0.0286658 0.0370036 0.0339014 0.0647958 0.0339014 0.0218385 0.0338672 0.0350039 0.0193217 0.9986339 0.0370779 0.1032870 0.0000000 
