20
251140_Ward_Creek              0.0000000 0.0204187 0.0155963 0.0172480 0.0405550 0.0085493 0.0155963 0.1845042 0.0412578 0.1951732 0.0315652 0.1259398 0.4460825 0.2038224 0.2651734 0.0727471 0.1259398 2.6972314 0.5433449 0.1941247 
260512_Pybus_Point             0.0204187 0.0000000 0.0204187 0.0000010 0.0142147 0.0101572 0.0204187 0.2237137 0.0600193 0.2386503 0.0414832 0.1321800 0.6817569 0.2501352 0.3498705 0.0963647 0.1449085 3.2100812 0.6464547 0.2368553 
261935_Kenai_River             0.0155963 0.0204187 0.0000000 0.0172480 0.0302650 0.0085493 0.0155963 0.1654950 0.0307853 0.1758814 0.0156591 0.1082531 0.4153050 0.1845042 0.2447835 0.0561331 0.1082531 2.7381605 0.5159432 0.1749610 
353213_Cropley_Lake            0.0172480 0.0000010 0.0172480 0.0000000 0.0689311 0.0067430 0.0172480 0.1592614 0.0472521 0.1756086 0.0278727 0.1104089 0.4981855 0.1830889 0.2612831 0.0640640 0.1104089 2.1031716 0.4645654 0.1748111 
353219_Peterson_Creek          0.0405550 0.0142147 0.0302650 0.0689311 0.0000000 0.0689311 0.0405550 0.2191136 0.0629878 0.2336487 0.0512244 0.0736848 0.6520313 0.2448938 0.3971645 0.0617813 0.0846598 3.4376672 0.8108018 0.2319387 
353220_Fish_Creek              0.0085493 0.0101572 0.0085493 0.0067430 0.0689311 0.0000000 0.0085493 0.1504466 0.0350143 0.1665908 0.0207571 0.1022547 0.4744298 0.1740220 0.2511538 0.0565306 0.1022547 2.0498712 0.4512321 0.1658471 
353246_Cottonwood_Creek        0.0155963 0.0204187 0.0155963 0.0172480 0.0405550 0.0085493 0.0000000 0.1845042 0.0412578 0.1951732 0.0315652 0.1259398 0.4460825 0.2038224 0.2651734 0.0727471 0.1259398 2.6972314 0.5433449 0.1941247 
353379_Skagit_River            0.1845042 0.2237137 0.1654950 0.1592614 0.2191136 0.1504466 0.1845042 0.0000000 0.2501360 0.0058906 0.1247171 0.1634829 0.1588928 0.0117804 0.1641593 0.1315756 0.1470132 1.7741449 0.3501377 0.0058729 
353381_Dungeness_River         0.0412578 0.0600193 0.0307853 0.0472521 0.0629878 0.0350143 0.0412578 0.2501360 0.0000000 0.2656234 0.0521246 0.1558969 0.7365690 0.2771063 0.3643726 0.0847112 0.1558969 3.5775935 0.7583389 0.2635532 
353401_Peace_River             0.1951732 0.2386503 0.1758814 0.1756086 0.2336487 0.1665908 0.1951732 0.0058906 0.2656234 0.0000000 0.1394197 0.1788276 0.1700016 0.0177040 0.1783333 0.1463033 0.1620043 1.8132151 0.3682406 0.0117679 
353407_Noatok                  0.0315652 0.0414832 0.0156591 0.0278727 0.0512244 0.0207571 0.0315652 0.1247171 0.0521246 0.1394197 0.0000000 0.0874633 0.3964218 0.1463033 0.1944977 0.0321952 0.0729806 2.0934172 0.4104303 0.1388606 
353410_Horizon_Lake            0.1259398 0.1321800 0.1082531 0.1104089 0.0736848 0.1022547 0.1259398 0.1634829 0.1558969 0.1788276 0.0874633 0.0000000 0.4986491 0.1858317 0.2264534 0.0663650 0.0391566 1.9838701 0.4517645 0.1780642 
92319_Little_Lost              0.4460825 0.6817569 0.4153050 0.4981855 0.6520313 0.4744298 0.4460825 0.1588928 0.7365690 0.1700016 0.3964218 0.4986491 0.0000000 0.1792990 0.4371845 0.4223923 0.4570488 1.5393283 0.8861434 0.1690493 
94280_St_Joe                   0.2038224 0.2501352 0.1845042 0.1830889 0.2448938 0.1740220 0.2038224 0.0117804 0.2771063 0.0177040 0.1463033 0.1858317 0.1792990 0.0000000 0.1776303 0.1531683 0.1689228 1.7748024 0.3662036 0.0058491 
GCA016432855_Lake_Trout        0.2651734 0.3498705 0.2447835 0.2612831 0.3971645 0.2511538 0.2651734 0.1641593 0.3643726 0.1783333 0.1944977 0.2264534 0.4371845 0.1776303 0.0000000 0.2015180 0.2264534 1.6509295 0.1805818 0.1776303 
GCA036784925_Maine_S_alpinus   0.0727471 0.0963647 0.0561331 0.0640640 0.0617813 0.0565306 0.0727471 0.1315756 0.0847112 0.1463033 0.0321952 0.0663650 0.4223923 0.1531683 0.2015180 0.0000000 0.0390228 2.0341515 0.4179725 0.1457136 
GCA045679555_Iceland_A_alpinus 0.1259398 0.1449085 0.1082531 0.1104089 0.0846598 0.1022547 0.1259398 0.1470132 0.1558969 0.1620043 0.0729806 0.0391566 0.4570488 0.1689228 0.2264534 0.0390228 0.0000000 1.9838701 0.4517645 0.1613343 
GCF013265735_Rainbow_Trout     2.6972314 3.2100812 2.7381605 2.1031716 3.4376672 2.0498712 2.6972314 1.7741449 3.5775935 1.8132151 2.0934172 1.9838701 1.5393283 1.7748024 1.6509295 2.0341515 1.9838701 0.0000000 1.8859644 1.7701628 
GCF029448725_Brook_Trout       0.5433449 0.6464547 0.5159432 0.4645654 0.8108018 0.4512321 0.5433449 0.3501377 0.7583389 0.3682406 0.4104303 0.4517645 0.8861434 0.3662036 0.1805818 0.4179725 0.4517645 1.8859644 0.0000000 0.3662036 
Methow_River_99895             0.1941247 0.2368553 0.1749610 0.1748111 0.2319387 0.1658471 0.1941247 0.0058729 0.2635532 0.0117679 0.1388606 0.1780642 0.1690493 0.0058491 0.1776303 0.1457136 0.1613343 1.7701628 0.3662036 0.0000000 
