20
251140_Ward_Creek              0.0000000 0.0229386 0.0228966 0.0229392 0.0268635 0.0229391 0.0347359 0.2820429 0.0623726 0.2776866 0.2748262 0.0507553 2.7088241 0.2828548 0.1885998 0.1369400 0.1510127 2.5228692 0.5960708 0.2828548 
260512_Pybus_Point             0.0229386 0.0000000 0.0228966 0.0152342 0.0191143 0.0229391 0.0269121 0.2500817 0.0369671 0.2457527 0.2426766 0.0269127 2.6680401 0.2507654 0.1600907 0.1101900 0.1237320 2.5053230 0.5516234 0.2507654 
261935_Kenai_River             0.0228966 0.0228966 0.0000000 0.0228972 0.0268140 0.0152079 0.0346710 0.2812370 0.0557886 0.2768952 0.2740384 0.0506577 2.6423565 0.2820429 0.1881391 0.1366332 0.1506655 2.5019592 0.5933250 0.2820429 
353213_Cropley_Lake            0.0229392 0.0152342 0.0228972 0.0000000 0.0113833 0.0229397 0.0190787 0.2717593 0.0495915 0.2674015 0.2644621 0.0427795 2.7453554 0.2725304 0.1792703 0.1281098 0.1420276 2.5317790 0.5828154 0.2725304 
353219_Peterson_Creek          0.0268635 0.0191143 0.0268140 0.0113833 0.0000000 0.0268642 0.0229807 0.2776843 0.0561377 0.2733125 0.2704084 0.0468504 2.8020564 0.2784815 0.1843770 0.1328146 0.1468497 2.5580455 0.5921654 0.2784815 
353220_Fish_Creek              0.0229391 0.0229391 0.0152079 0.0229397 0.0268642 0.0000000 0.0347367 0.2820450 0.0367470 0.2776887 0.2748285 0.0507565 2.7098953 0.2828568 0.1886025 0.1369424 0.1510153 2.5231386 0.5828895 0.2828568 
353246_Cottonwood_Creek        0.0347359 0.0269121 0.0346710 0.0190787 0.0229807 0.0347367 0.0000000 0.2768875 0.0559628 0.2725304 0.2593333 0.0388153 2.7451983 0.2776788 0.1839246 0.1325156 0.1465105 2.5275976 0.5894175 0.2776788 
353379_Skagit_River            0.2820429 0.2500817 0.2812370 0.2717593 0.2776843 0.2820450 0.2768875 0.0000000 0.3735261 0.0190501 0.4803480 0.2769006 1.4630441 0.0229036 0.2290014 0.2240778 0.2400704 2.5069315 0.6484144 0.0229036 
353381_Dungeness_River         0.0623726 0.0369671 0.0557886 0.0495915 0.0561377 0.0367470 0.0559628 0.3735261 0.0000000 0.3665802 0.4580450 0.0829035 5.3021202 0.3755197 0.2483944 0.1841617 0.2083744 3.0815096 0.9541847 0.3755197 
353401_Peace_River             0.2776866 0.2457527 0.2768952 0.2674015 0.2733125 0.2776887 0.2725304 0.0190501 0.3665802 0.0000000 0.4760792 0.2725433 1.5596396 0.0037742 0.2247049 0.2197842 0.2357444 2.5315878 0.6448006 0.0037742 
353407_Noatok                  0.2748262 0.2426766 0.2740384 0.2644621 0.2704084 0.2748285 0.2593333 0.4803480 0.4580450 0.4760792 0.0000000 0.2696429 1.8633743 0.4822472 0.3629625 0.2992684 0.3170553 2.3265476 0.3627864 0.4822472 
353410_Horizon_Lake            0.0507553 0.0269127 0.0506577 0.0427795 0.0468504 0.0507565 0.0388153 0.2769006 0.0829035 0.2725433 0.2696429 0.0000000 2.7452504 0.2776920 0.1839327 0.1325213 0.1465168 2.5276210 0.5894501 0.2776920 
92319_Little_Lost              2.7088241 2.6680401 2.6423565 2.7453554 2.8020564 2.7098953 2.7451983 1.4630441 5.3021202 1.5596396 1.8633743 2.7452504 0.0000000 1.5596396 3.0616297 2.5083278 2.6080425 3.3878421 2.5582229 1.5596396 
94280_St_Joe                   0.2828548 0.2507654 0.2820429 0.2725304 0.2784815 0.2828568 0.2776788 0.0229036 0.3755197 0.0037742 0.4822472 0.2776920 1.5596396 0.0000000 0.2296050 0.2246642 0.2407172 2.5275184 0.6516876 0.0000010 
GCA016432855_Lake_Trout        0.1885998 0.1600907 0.1881391 0.1792703 0.1843770 0.1886025 0.1839246 0.2290014 0.2483944 0.2247049 0.3629625 0.1839327 3.0616297 0.2296050 0.0000000 0.1369378 0.1510104 2.4552178 0.5108696 0.2296050 
GCA036784925_Maine_S_alpinus   0.1369400 0.1101900 0.1366332 0.1281098 0.1328146 0.1369424 0.1325156 0.2240778 0.1841617 0.2197842 0.2992684 0.1325213 2.5083278 0.2246642 0.1369378 0.0000000 0.0114026 2.4834095 0.5148954 0.2246642 
GCA045679555_Iceland_A_alpinus 0.1510127 0.1237320 0.1506655 0.1420276 0.1468497 0.1510153 0.1465105 0.2400704 0.2083744 0.2357444 0.3170553 0.1465168 2.6080425 0.2407172 0.1510104 0.0114026 0.0000000 2.5146626 0.5320932 0.2407172 
GCF013265735_Rainbow_Trout     2.5228692 2.5053230 2.5019592 2.5317790 2.5580455 2.5231386 2.5275976 2.5069315 3.0815096 2.5315878 2.3265476 2.5276210 3.3878421 2.5275184 2.4552178 2.4834095 2.5146626 0.0000000 2.3228027 2.5275184 
GCF029448725_Brook_Trout       0.5960708 0.5516234 0.5933250 0.5828154 0.5921654 0.5828895 0.5894175 0.6484144 0.9541847 0.6448006 0.3627864 0.5894501 2.5582229 0.6516876 0.5108696 0.5148954 0.5320932 2.3228027 0.0000000 0.6516876 
Methow_River_99895             0.2828548 0.2507654 0.2820429 0.2725304 0.2784815 0.2828568 0.2776788 0.0229036 0.3755197 0.0037742 0.4822472 0.2776920 1.5596396 0.0000010 0.2296050 0.2246642 0.2407172 2.5275184 0.6516876 0.0000000 
