11
251140_Ward_Creek            0.0000000 0.0000010 0.0088230 0.0177523 0.0177523 0.0177523 0.1884858 0.0451943 0.0177523 0.0834192 0.0451943 
260512_Pybus_Point           0.0000010 0.0000000 0.0088230 0.0177523 0.0177523 0.0177523 0.1884858 0.0451943 0.0177523 0.0834192 0.0451943 
353220_Fish_Creek            0.0088230 0.0088230 0.0000000 0.0267885 0.0267885 0.0267885 0.2635484 0.0545691 0.0267885 0.0932872 0.0545691 
353379_Skagit_River          0.0177523 0.0177523 0.0267885 0.0000000 0.0000010 0.0088230 0.0577208 0.0451943 0.0088230 0.0834192 0.0451943 
353401_Peace_River           0.0177523 0.0177523 0.0267885 0.0000010 0.0000000 0.0088230 0.0577208 0.0451943 0.0088230 0.0834192 0.0451943 
353410_Horizon_Lake          0.0177523 0.0177523 0.0267885 0.0088230 0.0088230 0.0000000 0.1202570 0.0451943 0.0000010 0.0834192 0.0451943 
92319_Little_Lost            0.1884858 0.1884858 0.2635484 0.0577208 0.0577208 0.1202570 0.0000000 0.4408400 0.1202570 0.8239592 0.4408400 
GCA016432855_Lake_Trout      0.0451943 0.0451943 0.0545691 0.0451943 0.0451943 0.0451943 0.4408400 0.0000000 0.0451943 0.1134232 0.0736784 
GCA036784925_Maine_S_alpinus 0.0177523 0.0177523 0.0267885 0.0088230 0.0088230 0.0000010 0.1202570 0.0451943 0.0000000 0.0834192 0.0451943 
GCF013265735_Rainbow_Trout   0.0834192 0.0834192 0.0932872 0.0834192 0.0834192 0.0834192 0.8239592 0.1134232 0.0834192 0.0000000 0.0932872 
GCF029448725_Brook_Trout     0.0451943 0.0451943 0.0545691 0.0451943 0.0451943 0.0451943 0.4408400 0.0736784 0.0451943 0.0932872 0.0000000 
