13
251140_Ward_Creek            0.0000000 0.0054685 0.0054685 0.0000010 0.0109690 0.0000010 0.0109690 0.0056533 0.0220669 0.0109690 0.0056533 0.1727347 0.0334084 
260512_Pybus_Point           0.0054685 0.0000000 0.0000010 0.0054685 0.0054505 0.0278857 0.0054505 0.0000010 0.0164469 0.0054505 0.0000010 0.1653629 0.0276649 
261935_Kenai_River           0.0054685 0.0000010 0.0000000 0.0054685 0.0054505 0.0278857 0.0054505 0.0000010 0.0164469 0.0054505 0.0000010 0.1653629 0.0276649 
353213_Cropley_Lake          0.0000010 0.0054685 0.0054685 0.0000000 0.0109690 0.0000010 0.0109690 0.0056533 0.0220669 0.0109690 0.0056533 0.1727347 0.0334084 
353379_Skagit_River          0.0109690 0.0054505 0.0054505 0.0109690 0.0000000 0.0566203 0.0000010 0.0056340 0.0109327 0.0109327 0.0056340 0.1720655 0.0332966 
353381_Dungeness_River       0.0000010 0.0278857 0.0278857 0.0000010 0.0566203 0.0000000 0.0566203 0.0334900 0.1168115 0.0566203 0.0334900 1.4333945 0.1511713 
353401_Peace_River           0.0109690 0.0054505 0.0054505 0.0109690 0.0000010 0.0566203 0.0000000 0.0056340 0.0109327 0.0109327 0.0056340 0.1720655 0.0332966 
353410_Horizon_Lake          0.0056533 0.0000010 0.0000010 0.0056533 0.0056340 0.0334900 0.0056340 0.0000000 0.0170063 0.0056340 0.0000010 0.1716853 0.0286152 
92319_Little_Lost            0.0220669 0.0164469 0.0164469 0.0220669 0.0109327 0.1168115 0.0109327 0.0170063 0.0000000 0.0219933 0.0170063 0.1856069 0.0446603 
GCA016432855_Lake_Trout      0.0109690 0.0054505 0.0054505 0.0109690 0.0109327 0.0566203 0.0109327 0.0056340 0.0219933 0.0000000 0.0056340 0.1587059 0.0220669 
GCA036784925_Maine_S_alpinus 0.0056533 0.0000010 0.0000010 0.0056533 0.0056340 0.0334900 0.0056340 0.0000010 0.0170063 0.0056340 0.0000000 0.1716853 0.0286152 
GCF013265735_Rainbow_Trout   0.1727347 0.1653629 0.1653629 0.1727347 0.1720655 1.4333945 0.1720655 0.1716853 0.1856069 0.1587059 0.1716853 0.0000000 0.1727347 
GCF029448725_Brook_Trout     0.0334084 0.0276649 0.0276649 0.0334084 0.0332966 0.1511713 0.0332966 0.0286152 0.0446603 0.0220669 0.0286152 0.1727347 0.0000000 
