14
251140_Ward_Creek              0.0000000 0.0000010 0.0054320 0.0108946 0.0164063 0.0000010 0.0164063 0.0275440 0.0108918 0.0678881 0.0275632 0.0219627 0.1295923 0.0797997 
260512_Pybus_Point             0.0000010 0.0000000 0.0054320 0.0108946 0.0164063 0.0000010 0.0164063 0.0275440 0.0108918 0.0678881 0.0275632 0.0219627 0.1295923 0.0797997 
261935_Kenai_River             0.0054320 0.0054320 0.0000000 0.0164063 0.0219627 0.0391966 0.0219627 0.0331859 0.0164020 0.0738558 0.0332093 0.0275633 0.1360965 0.0858649 
353246_Cottonwood_Creek        0.0108946 0.0108946 0.0164063 0.0000000 0.0054298 0.0800432 0.0054298 0.0164063 0.0108872 0.0561456 0.0164176 0.0109021 0.1168590 0.0678765 
353379_Skagit_River            0.0164063 0.0164063 0.0219627 0.0054298 0.0000000 0.1237891 0.0000010 0.0108947 0.0163950 0.0503234 0.0109021 0.0054298 0.1105269 0.0619603 
353381_Dungeness_River         0.0000010 0.0000010 0.0391966 0.0800432 0.1237891 0.0000000 0.1237891 0.2190511 0.0798803 0.2205268 0.2205268 0.1704698 1.7220876 0.2732620 
353401_Peace_River             0.0164063 0.0164063 0.0219627 0.0054298 0.0000010 0.1237891 0.0000000 0.0108947 0.0163950 0.0503234 0.0109021 0.0054298 0.1105269 0.0619603 
353407_Noatok                  0.0275440 0.0275440 0.0331859 0.0164063 0.0108947 0.2190511 0.0108947 0.0000000 0.0275248 0.0619708 0.0108946 0.0054261 0.1231489 0.0737871 
353410_Horizon_Lake            0.0108918 0.0108918 0.0164020 0.0108872 0.0163950 0.0798803 0.0163950 0.0275248 0.0000000 0.0678375 0.0275440 0.0219475 0.1294855 0.0797391 
GCA016432855_Lake_Trout        0.0678881 0.0678881 0.0738558 0.0561456 0.0503234 0.2205268 0.0503234 0.0619708 0.0678375 0.0000000 0.0620166 0.0561456 0.1691354 0.0219309 
GCA036784925_Maine_S_alpinus   0.0275632 0.0275632 0.0332093 0.0164176 0.0109021 0.2205268 0.0109021 0.0108946 0.0275440 0.0620166 0.0000000 0.0054297 0.1232495 0.0738427 
GCA045679555_Iceland_A_alpinus 0.0219627 0.0219627 0.0275633 0.0109021 0.0054298 0.1704698 0.0054298 0.0054261 0.0219475 0.0561456 0.0054297 0.0000000 0.1168590 0.0678765 
GCF013265735_Rainbow_Trout     0.1295923 0.1295923 0.1360965 0.1168590 0.1105269 1.7220876 0.1105269 0.1231489 0.1294855 0.1691354 0.1232495 0.1168590 0.0000000 0.1759077 
GCF029448725_Brook_Trout       0.0797997 0.0797997 0.0858649 0.0678765 0.0619603 0.2732620 0.0619603 0.0737871 0.0797391 0.0219309 0.0738427 0.0678765 0.1759077 0.0000000 
