20
251140_Ward_Creek              0.0000000 0.0005864 0.0035969 0.0034788 0.0033355 0.0006638 0.0036931 0.0147036 0.0148289 0.0095462 0.0171239 0.0071187 0.0195857 0.0150283 0.0469476 0.0096033 0.0093767 0.0719590 0.0175129 0.0148149 
260512_Pybus_Point             0.0005864 0.0000000 0.0032754 0.0031618 0.0030579 0.0006800 0.0036271 0.0150271 0.0159286 0.0096243 0.0173138 0.0073966 0.0205881 0.0157008 0.0455305 0.0098554 0.0097497 0.0745066 0.0181219 0.0153669 
261935_Kenai_River             0.0035969 0.0032754 0.0000000 0.0012306 0.0011341 0.0036706 0.0011538 0.0121551 0.0112492 0.0095831 0.0142252 0.0050382 0.0169996 0.0126504 0.0475882 0.0072652 0.0072369 0.0775002 0.0150200 0.0123729 
353213_Cropley_Lake            0.0034788 0.0031618 0.0012306 0.0000000 0.0002763 0.0029189 0.0009402 0.0123339 0.0110757 0.0100032 0.0144945 0.0042018 0.0166586 0.0124314 0.0475901 0.0062997 0.0063022 0.0772686 0.0148756 0.0121616 
353219_Peterson_Creek          0.0033355 0.0030579 0.0011341 0.0002763 0.0000000 0.0028210 0.0008341 0.0122075 0.0105389 0.0101987 0.0144342 0.0042906 0.0168908 0.0126299 0.0471688 0.0064781 0.0063907 0.0766895 0.0149593 0.0124219 
353220_Fish_Creek              0.0006638 0.0006800 0.0036706 0.0029189 0.0028210 0.0000000 0.0031639 0.0148585 0.0149529 0.0100650 0.0169658 0.0065434 0.0199490 0.0152825 0.0475901 0.0088350 0.0087602 0.0726926 0.0177768 0.0149648 
353246_Cottonwood_Creek        0.0036931 0.0036271 0.0011538 0.0009402 0.0008341 0.0031639 0.0000000 0.0123196 0.0114663 0.0099519 0.0143767 0.0042683 0.0169827 0.0126405 0.0502887 0.0064944 0.0064038 0.0776850 0.0150091 0.0124278 
353379_Skagit_River            0.0147036 0.0150271 0.0121551 0.0123339 0.0122075 0.0148585 0.0123196 0.0000000 0.0229095 0.0036152 0.0195909 0.0123695 0.0078819 0.0068217 0.0463802 0.0103398 0.0104146 0.0723351 0.0157874 0.0064401 
353381_Dungeness_River         0.0148289 0.0159286 0.0112492 0.0110757 0.0105389 0.0149529 0.0114663 0.0229095 0.0000000 0.0215652 0.0202344 0.0151921 0.0319197 0.0276370 0.1002675 0.0159349 0.0157438 0.1080636 0.0265922 0.0264521 
353401_Peace_River             0.0095462 0.0096243 0.0095831 0.0100032 0.0101987 0.0100650 0.0099519 0.0036152 0.0215652 0.0000000 0.0173117 0.0097276 0.0079728 0.0038951 0.0481981 0.0119895 0.0119433 0.0698508 0.0154046 0.0038094 
353407_Noatok                  0.0171239 0.0173138 0.0142252 0.0144945 0.0144342 0.0169658 0.0143767 0.0195909 0.0202344 0.0173117 0.0000000 0.0145707 0.0256436 0.0210436 0.0710764 0.0170952 0.0169339 0.0838236 0.0234562 0.0199816 
353410_Horizon_Lake            0.0071187 0.0073966 0.0050382 0.0042018 0.0042906 0.0065434 0.0042683 0.0123695 0.0151921 0.0097276 0.0145707 0.0000000 0.0160315 0.0119764 0.0471753 0.0039761 0.0039465 0.0752899 0.0147704 0.0118207 
92319_Little_Lost              0.0195857 0.0205881 0.0169996 0.0166586 0.0168908 0.0199490 0.0169827 0.0078819 0.0319197 0.0079728 0.0256436 0.0160315 0.0000000 0.0039554 0.0640121 0.0156869 0.0151421 0.0795470 0.0193820 0.0039597 
94280_St_Joe                   0.0150283 0.0157008 0.0126504 0.0124314 0.0126299 0.0152825 0.0126405 0.0068217 0.0276370 0.0038951 0.0210436 0.0119764 0.0039554 0.0000000 0.0633955 0.0149673 0.0142677 0.0787654 0.0183466 0.0002902 
GCA016432855_Lake_Trout        0.0469476 0.0455305 0.0475882 0.0475901 0.0471688 0.0475901 0.0502887 0.0463802 0.1002675 0.0481981 0.0710764 0.0471753 0.0640121 0.0633955 0.0000000 0.0415217 0.0484483 0.1227016 0.0445085 0.0582816 
GCA036784925_Maine_S_alpinus   0.0096033 0.0098554 0.0072652 0.0062997 0.0064781 0.0088350 0.0064944 0.0103398 0.0159349 0.0119895 0.0170952 0.0039761 0.0156869 0.0149673 0.0415217 0.0000000 0.0007572 0.0761249 0.0150130 0.0142539 
GCA045679555_Iceland_A_alpinus 0.0093767 0.0097497 0.0072369 0.0063022 0.0063907 0.0087602 0.0064038 0.0104146 0.0157438 0.0119433 0.0169339 0.0039465 0.0151421 0.0142677 0.0484483 0.0007572 0.0000000 0.0723532 0.0147731 0.0141433 
GCF013265735_Rainbow_Trout     0.0719590 0.0745066 0.0775002 0.0772686 0.0766895 0.0726926 0.0776850 0.0723351 0.1080636 0.0698508 0.0838236 0.0752899 0.0795470 0.0787654 0.1227016 0.0761249 0.0723532 0.0000000 0.0736064 0.0790900 
GCF029448725_Brook_Trout       0.0175129 0.0181219 0.0150200 0.0148756 0.0149593 0.0177768 0.0150091 0.0157874 0.0265922 0.0154046 0.0234562 0.0147704 0.0193820 0.0183466 0.0445085 0.0150130 0.0147731 0.0736064 0.0000000 0.0179206 
Methow_River_99895             0.0148149 0.0153669 0.0123729 0.0121616 0.0124219 0.0149648 0.0124278 0.0064401 0.0264521 0.0038094 0.0199816 0.0118207 0.0039597 0.0002902 0.0582816 0.0142539 0.0141433 0.0790900 0.0179206 0.0000000 
