14
251140_Ward_Creek            0.0000000 0.0817062 0.0817062 0.0190780 0.0394771 0.0190780 0.0590776 3.2916171 0.0590776 0.1541816 0.0795901 0.1541816 0.3157244 0.0795901 
260512_Pybus_Point           0.0817062 0.0000000 0.0000010 0.1032243 0.0390249 0.1032243 0.1019097 3.5196561 0.1019097 0.1519596 0.1236097 0.1519596 0.3820349 0.1236097 
261935_Kenai_River           0.0817062 0.0000010 0.0000000 0.1032243 0.0390249 0.1032243 0.1019097 3.5196561 0.1019097 0.1519596 0.1236097 0.1519596 0.3820349 0.1236097 
353213_Cropley_Lake          0.0190780 0.1032243 0.1032243 0.0000000 0.0598268 0.0000010 0.0389949 3.3696324 0.0389949 0.1782678 0.0591020 0.1782678 0.2878837 0.0591020 
353220_Fish_Creek            0.0394771 0.0390249 0.0390249 0.0598268 0.0000000 0.0598268 0.0591251 3.4608861 0.0591251 0.1045882 0.0796531 0.1045882 0.3159413 0.0796531 
353246_Cottonwood_Creek      0.0190780 0.1032243 0.1032243 0.0000010 0.0598268 0.0000000 0.0389949 3.3696324 0.0389949 0.1782678 0.0591020 0.1782678 0.2878837 0.0591020 
353379_Skagit_River          0.0590776 0.1019097 0.1019097 0.0389949 0.0591251 0.0389949 0.0000000 3.3696324 0.0000010 0.1756038 0.0584181 0.1756038 0.2826575 0.0584181 
353381_Dungeness_River       3.2916171 3.5196561 3.5196561 3.3696324 3.4608861 3.3696324 3.3696324 0.0000000 3.3696324 2.7664592 3.2002637 2.7664592 2.9993319 3.2002637 
353401_Peace_River           0.0590776 0.1019097 0.1019097 0.0389949 0.0591251 0.0389949 0.0000010 3.3696324 0.0000000 0.1756038 0.0584181 0.1756038 0.2826575 0.0584181 
353410_Horizon_Lake          0.1541816 0.1519596 0.1519596 0.1782678 0.1045882 0.1782678 0.1756038 2.7664592 0.1756038 0.0000000 0.1998838 0.0000010 0.5105200 0.1998838 
GCA016432855_Lake_Trout      0.0795901 0.1236097 0.1236097 0.0591020 0.0796531 0.0591020 0.0584181 3.2002637 0.0584181 0.1998838 0.0000000 0.1998838 0.2554796 0.0385880 
GCA036784925_Maine_S_alpinus 0.1541816 0.1519596 0.1519596 0.1782678 0.1045882 0.1782678 0.1756038 2.7664592 0.1756038 0.0000010 0.1998838 0.0000000 0.5105200 0.1998838 
GCF013265735_Rainbow_Trout   0.3157244 0.3820349 0.3820349 0.2878837 0.3159413 0.2878837 0.2826575 2.9993319 0.2826575 0.5105200 0.2554796 0.5105200 0.0000000 0.3100595 
GCF029448725_Brook_Trout     0.0795901 0.1236097 0.1236097 0.0591020 0.0796531 0.0591020 0.0584181 3.2002637 0.0584181 0.1998838 0.0385880 0.1998838 0.3100595 0.0000000 
