16
251140_Ward_Creek            0.0000000 0.0219496 0.0307398 0.0000010 0.1371676 3.6015164 0.0479466 3.9678175 0.8749451 0.8354985 3.6015164 0.3353796 0.8354985 3.3163931 0.6110503 3.9678175 
260512_Pybus_Point           0.0219496 0.0000000 0.0624342 0.0219496 0.1669692 3.4357672 0.0728118 3.7499247 0.9124634 0.8745650 3.4357672 0.3682019 0.8745650 3.1844189 0.6110503 3.7499247 
261935_Kenai_River           0.0307398 0.0624342 0.0000000 0.0307398 0.1374620 8.9999987 0.0696851 8.9999981 1.3206264 1.2836094 8.9999987 0.4249730 1.2836094 4.0004172 0.8459078 8.9999981 
353213_Cropley_Lake          0.0000010 0.0219496 0.0307398 0.0000000 0.1371676 3.6015164 0.0479466 3.9678175 0.8749451 0.8354985 3.6015164 0.3353796 0.8354985 3.3163931 0.6110503 3.9678175 
353246_Cottonwood_Creek      0.1371676 0.1669692 0.1374620 0.1371676 0.0000000 4.0277294 0.1846163 4.5312027 0.9101992 0.8667610 4.0277294 0.3086842 0.8667610 3.7619678 0.5618981 4.5312027 
353379_Skagit_River          3.6015164 3.4357672 8.9999987 3.6015164 4.0277294 0.0000000 4.5379440 0.0000010 2.4168519 2.5203950 0.0000010 3.7876685 2.5203950 2.2520752 1.5397734 0.0000010 
353381_Dungeness_River       0.0479466 0.0728118 0.0696851 0.0479466 0.1846163 4.5379440 0.0000000 5.5274016 0.6708389 0.6283297 4.5379440 0.3732001 0.6283297 4.1257386 0.7179074 5.5274016 
353401_Peace_River           3.9678175 3.7499247 8.9999981 3.9678175 4.5312027 0.0000010 5.5274016 0.0000000 2.8675234 3.0520006 0.0000010 4.1551933 3.0520006 2.2389433 1.5397734 0.0000010 
353407_Noatok                0.8749451 0.9124634 1.3206264 0.8749451 0.9101992 2.4168519 0.6708389 2.8675234 0.0000000 0.0226652 2.4168519 1.1181751 0.0226652 3.2327508 1.5520862 2.8675234 
353410_Horizon_Lake          0.8354985 0.8745650 1.2836094 0.8354985 0.8667610 2.5203950 0.6283297 3.0520006 0.0226652 0.0000000 2.5203950 1.0839078 0.0000010 3.3164024 1.5399701 3.0520006 
92319_Little_Lost            3.6015164 3.4357672 8.9999987 3.6015164 4.0277294 0.0000010 4.5379440 0.0000010 2.4168519 2.5203950 0.0000000 3.7876685 2.5203950 2.2520752 1.5397734 0.0000010 
GCA016432855_Lake_Trout      0.3353796 0.3682019 0.4249730 0.3353796 0.3086842 3.7876685 0.3732001 4.1551933 1.1181751 1.0839078 3.7876685 0.0000000 1.0839078 3.2255844 0.1636450 4.1551933 
GCA036784925_Maine_S_alpinus 0.8354985 0.8745650 1.2836094 0.8354985 0.8667610 2.5203950 0.6283297 3.0520006 0.0226652 0.0000010 2.5203950 1.0839078 0.0000000 3.3164024 1.5399701 3.0520006 
GCF013265735_Rainbow_Trout   3.3163931 3.1844189 4.0004172 3.3163931 3.7619678 2.2520752 4.1257386 2.2389433 3.2327508 3.3164024 2.2520752 3.2255844 3.3164024 0.0000000 1.3205563 2.2389433 
GCF029448725_Brook_Trout     0.6110503 0.6110503 0.8459078 0.6110503 0.5618981 1.5397734 0.7179074 1.5397734 1.5520862 1.5399701 1.5397734 0.1636450 1.5399701 1.3205563 0.0000000 1.5397734 
Methow_River_99895           3.9678175 3.7499247 8.9999981 3.9678175 4.5312027 0.0000010 5.5274016 0.0000010 2.8675234 3.0520006 0.0000010 4.1551933 3.0520006 2.2389433 1.5397734 0.0000000 
