19
251140_Ward_Creek              0.0000000 0.0060895 0.0071368 0.0060895 0.0000010 0.4596235 0.0503341 0.0621238 0.0502285 0.0247354 0.0246406 0.0621284 0.0502285 0.1115648 0.0372818 0.0309022 0.3569561 0.1039213 0.0503341 
260512_Pybus_Point             0.0060895 0.0000000 0.0000010 0.0000010 0.0060895 0.4475615 0.0439007 0.0550278 0.0438092 0.0184936 0.0184233 0.0530135 0.0438092 0.1025283 0.0309711 0.0246451 0.3477980 0.0971029 0.0439007 
261935_Kenai_River             0.0071368 0.0000010 0.0000000 0.0000010 0.0071368 0.5886882 0.0517226 0.0659685 0.0515950 0.0217207 0.0216235 0.0673645 0.0515950 0.1173127 0.0364074 0.0289437 0.4166834 0.1150767 0.0517226 
353213_Cropley_Lake            0.0060895 0.0000010 0.0000010 0.0000000 0.0060895 0.4475615 0.0439007 0.0550278 0.0438092 0.0184936 0.0184233 0.0530135 0.0438092 0.1025283 0.0309711 0.0246451 0.3477980 0.0971029 0.0439007 
353219_Peterson_Creek          0.0000010 0.0060895 0.0071368 0.0060895 0.0000000 0.4596235 0.0503341 0.0621238 0.0502285 0.0247354 0.0246406 0.0621284 0.0502285 0.1115648 0.0372818 0.0309022 0.3569561 0.1039213 0.0503341 
353220_Fish_Creek              0.4596235 0.4475615 0.5886882 0.4475615 0.4596235 0.0000000 0.4296586 0.4946194 0.4280936 0.4911094 0.4618464 1.1028366 0.4280936 1.1676156 0.4891286 0.4742670 0.8028370 0.6716854 0.4296586 
353379_Skagit_River            0.0503341 0.0439007 0.0517226 0.0439007 0.0503341 0.4296586 0.0000000 0.0864713 0.0101597 0.0504370 0.0374235 0.0172425 0.0101597 0.0932370 0.0503417 0.0438076 0.2722796 0.0900852 0.0000010 
353381_Dungeness_River         0.0621238 0.0550278 0.0659685 0.0550278 0.0621238 0.4946194 0.0864713 0.0000000 0.0863004 0.0770226 0.0766744 0.0530135 0.0863004 0.2053467 0.0915243 0.0839609 0.3971405 0.1704753 0.0864713 
353401_Peace_River             0.0502285 0.0438092 0.0515950 0.0438092 0.0502285 0.4280936 0.0101597 0.0863004 0.0000000 0.0503310 0.0373463 0.0000010 0.0000010 0.0929648 0.0502360 0.0437165 0.2715957 0.0898860 0.0101597 
353407_Noatok                  0.0247354 0.0184936 0.0217207 0.0184936 0.0247354 0.4911094 0.0504370 0.0770226 0.0503310 0.0000000 0.0374257 0.0717517 0.0503310 0.1118917 0.0503448 0.0438102 0.3581070 0.1041500 0.0504370 
353410_Horizon_Lake            0.0246406 0.0184233 0.0216235 0.0184233 0.0246406 0.4618464 0.0374235 0.0766744 0.0373463 0.0374257 0.0000000 0.0438382 0.0373463 0.0932684 0.0122446 0.0060903 0.3375267 0.0901082 0.0374235 
92319_Little_Lost              0.0621284 0.0530135 0.0673645 0.0530135 0.0621284 1.1028366 0.0172425 0.0530135 0.0000010 0.0717517 0.0438382 0.0000000 0.0000010 0.1553111 0.0621415 0.0528543 0.4846114 0.1292899 0.0172425 
94280_St_Joe                   0.0502285 0.0438092 0.0515950 0.0438092 0.0502285 0.4280936 0.0101597 0.0863004 0.0000010 0.0503310 0.0373463 0.0000010 0.0000000 0.0929648 0.0502360 0.0437165 0.2715957 0.0898860 0.0101597 
GCA016432855_Lake_Trout        0.1115648 0.1025283 0.1173127 0.1025283 0.1115648 1.1676156 0.0932370 0.2053467 0.0929648 0.1118917 0.0932684 0.1553111 0.0929648 0.0000000 0.0935660 0.0844211 0.3604601 0.0932899 0.0932370 
GCA036784925_Maine_S_alpinus   0.0372818 0.0309711 0.0364074 0.0309711 0.0372818 0.4891286 0.0503417 0.0915243 0.0502360 0.0503448 0.0122446 0.0621415 0.0502360 0.0935660 0.0000000 0.0061035 0.3386863 0.0903258 0.0503417 
GCA045679555_Iceland_A_alpinus 0.0309022 0.0246451 0.0289437 0.0246451 0.0309022 0.4742670 0.0438076 0.0839609 0.0437165 0.0438102 0.0060903 0.0528543 0.0437165 0.0844211 0.0061035 0.0000000 0.3285516 0.0833976 0.0438076 
GCF013265735_Rainbow_Trout     0.3569561 0.3477980 0.4166834 0.3477980 0.3569561 0.8028370 0.2722796 0.3971405 0.2715957 0.3581070 0.3375267 0.4846114 0.2715957 0.3604601 0.3386863 0.3285516 0.0000000 0.3196356 0.2722796 
GCF029448725_Brook_Trout       0.1039213 0.0971029 0.1150767 0.0971029 0.1039213 0.6716854 0.0900852 0.1704753 0.0898860 0.1041500 0.0901082 0.1292899 0.0898860 0.0932899 0.0903258 0.0833976 0.3196356 0.0000000 0.0900852 
Methow_River_99895             0.0503341 0.0439007 0.0517226 0.0439007 0.0503341 0.4296586 0.0000010 0.0864713 0.0101597 0.0504370 0.0374235 0.0172425 0.0101597 0.0932370 0.0503417 0.0438076 0.2722796 0.0900852 0.0000000 
