19
251140_Ward_Creek              0.0000000 0.0022903 0.0117585 0.0011430 0.0011410 0.0011410 0.0045998 0.0081375 0.0022512 0.0093339 0.0117395 0.0081375 0.0081515 0.0081515 0.0843266 0.0093199 0.0081383 0.2816726 0.0735859 
260512_Pybus_Point             0.0022903 0.0000000 0.0141930 0.0011408 0.0011428 0.0011428 0.0046074 0.0105220 0.0000010 0.0117339 0.0141699 0.0105220 0.0105403 0.0105403 0.0879092 0.0117161 0.0105230 0.2839803 0.0768544 
261935_Kenai_River             0.0117585 0.0141930 0.0000000 0.0129845 0.0129607 0.0129607 0.0117381 0.0129158 0.0188507 0.0141422 0.0022906 0.0104874 0.0129385 0.0129385 0.0913362 0.0117186 0.0105252 0.3024602 0.0800028 
353213_Cropley_Lake            0.0011430 0.0011408 0.0129845 0.0000000 0.0022903 0.0022903 0.0057710 0.0093348 0.0000010 0.0105401 0.0129634 0.0093348 0.0093509 0.0093509 0.0862281 0.0105242 0.0093357 0.2885499 0.0753071 
353219_Peterson_Creek          0.0011410 0.0011428 0.0129607 0.0022903 0.0000000 0.0000010 0.0034429 0.0093180 0.0022512 0.0105210 0.0129397 0.0093180 0.0093341 0.0093341 0.0859940 0.0105051 0.0093189 0.2771924 0.0751212 
353220_Fish_Creek              0.0011410 0.0011428 0.0129607 0.0022903 0.0000010 0.0000000 0.0034429 0.0093180 0.0022512 0.0105210 0.0129397 0.0093180 0.0093341 0.0093341 0.0859940 0.0105051 0.0093189 0.2771924 0.0751212 
353246_Cottonwood_Creek        0.0045998 0.0046074 0.0117381 0.0057710 0.0034429 0.0034429 0.0000000 0.0104876 0.0091482 0.0116963 0.0117192 0.0104876 0.0105058 0.0105058 0.0874703 0.0141209 0.0129173 0.2794953 0.0765055 
353379_Skagit_River            0.0081375 0.0105220 0.0129158 0.0093348 0.0093180 0.0093180 0.0104876 0.0000000 0.0163023 0.0034056 0.0153542 0.0091868 0.0022662 0.0022662 0.0844034 0.0128931 0.0116968 0.2649086 0.0747678 
353381_Dungeness_River         0.0022512 0.0000010 0.0188507 0.0000010 0.0022512 0.0022512 0.0091482 0.0163023 0.0000000 0.0187704 0.0187887 0.0115513 0.0163596 0.0163596 0.2154809 0.0115175 0.0091762 8.9999987 0.1553211 
353401_Peace_River             0.0093339 0.0117339 0.0141422 0.0105401 0.0105210 0.0105210 0.0116963 0.0034056 0.0187704 0.0000000 0.0165971 0.0103733 0.0011289 0.0011289 0.0862644 0.0141172 0.0129139 0.2798670 0.0764828 
353407_Noatok                  0.0117395 0.0141699 0.0022906 0.0129634 0.0129397 0.0129397 0.0117192 0.0153542 0.0187887 0.0165971 0.0000000 0.0128935 0.0153814 0.0153814 0.0950370 0.0117401 0.0105444 0.3146251 0.0833695 
353410_Horizon_Lake            0.0081375 0.0105220 0.0104874 0.0093348 0.0093180 0.0093180 0.0104876 0.0091868 0.0115513 0.0103733 0.0128935 0.0000000 0.0092025 0.0092025 0.0844034 0.0128931 0.0116968 0.2734378 0.0747678 
92319_Little_Lost              0.0081515 0.0105403 0.0129385 0.0093509 0.0093341 0.0093341 0.0105058 0.0022662 0.0163596 0.0011289 0.0153814 0.0092025 0.0000000 0.0000010 0.0846202 0.0129157 0.0117163 0.2755945 0.0749449 
94280_St_Joe                   0.0081515 0.0105403 0.0129385 0.0093509 0.0093341 0.0093341 0.0105058 0.0022662 0.0163596 0.0011289 0.0153814 0.0092025 0.0000010 0.0000000 0.0846202 0.0129157 0.0117163 0.2755945 0.0749449 
GCA016432855_Lake_Trout        0.0843266 0.0879092 0.0913362 0.0862281 0.0859940 0.0859940 0.0874703 0.0844034 0.2154809 0.0862644 0.0950370 0.0844034 0.0846202 0.0846202 0.0000000 0.0910889 0.0893849 0.1553253 0.0277452 
GCA036784925_Maine_S_alpinus   0.0093199 0.0117161 0.0117186 0.0105242 0.0105051 0.0105051 0.0141209 0.0128931 0.0115175 0.0141172 0.0117401 0.0128931 0.0129157 0.0129157 0.0910889 0.0000000 0.0011409 0.2998564 0.0798054 
GCA045679555_Iceland_A_alpinus 0.0081383 0.0105230 0.0105252 0.0093357 0.0093189 0.0093189 0.0129173 0.0116968 0.0091762 0.0129139 0.0105444 0.0116968 0.0117163 0.0117163 0.0893849 0.0011409 0.0000000 0.2952504 0.0782390 
GCF013265735_Rainbow_Trout     0.2816726 0.2839803 0.3024602 0.2885499 0.2771924 0.2771924 0.2794953 0.2649086 8.9999987 0.2798670 0.3146251 0.2734378 0.2755945 0.2755945 0.1553253 0.2998564 0.2952504 0.0000000 0.1214712 
GCF029448725_Brook_Trout       0.0735859 0.0768544 0.0800028 0.0753071 0.0751212 0.0751212 0.0765055 0.0747678 0.1553211 0.0764828 0.0833695 0.0747678 0.0749449 0.0749449 0.0277452 0.0798054 0.0782390 0.1214712 0.0000000 
