11
251140_Ward_Creek          0.0000000 0.0054032 0.0054032 0.0108354 0.0211481 0.0108354 0.1677139 0.1571946 0.1823825 0.0782347 0.0735043 
260512_Pybus_Point         0.0054032 0.0000000 0.0000010 0.0053906 0.0104708 0.0053906 0.1602601 0.1486313 0.1747596 0.0718079 0.0674888 
261935_Kenai_River         0.0054032 0.0000010 0.0000000 0.0053906 0.0104708 0.0053906 0.1602601 0.1486313 0.1747596 0.0718079 0.0674888 
353379_Skagit_River        0.0108354 0.0053906 0.0053906 0.0000000 0.0210513 0.0000010 0.1672347 0.1486313 0.1818550 0.0780292 0.0733229 
353381_Dungeness_River     0.0211481 0.0104708 0.0104708 0.0210513 0.0000000 0.0210513 0.4008456 0.4850655 0.4230673 0.1699268 0.1367949 
353401_Peace_River         0.0108354 0.0053906 0.0053906 0.0000010 0.0210513 0.0000000 0.1672347 0.1486313 0.1818550 0.0780292 0.0733229 
353407_Noatok              0.1677139 0.1602601 0.1602601 0.1672347 0.4008456 0.1672347 0.0000000 0.3594504 0.0113912 0.2290597 0.1433068 
92319_Little_Lost          0.1571946 0.1486313 0.1486313 0.1486313 0.4850655 0.1486313 0.3594504 0.0000000 0.3580646 0.2114183 0.2307411 
GCA016432855_Lake_Trout    0.1823825 0.1747596 0.1747596 0.1818550 0.4230673 0.1818550 0.0113912 0.3580646 0.0000000 0.2445951 0.1437029 
GCF013265735_Rainbow_Trout 0.0782347 0.0718079 0.0718079 0.0780292 0.1699268 0.0780292 0.2290597 0.2114183 0.2445951 0.0000000 0.1351488 
GCF029448725_Brook_Trout   0.0735043 0.0674888 0.0674888 0.0733229 0.1367949 0.0733229 0.1433068 0.2307411 0.1437029 0.1351488 0.0000000 
