20
251140_Ward_Creek              0.0000000 0.0132624 0.0117764 0.0000010 0.0738112 0.0222108 0.0098051 0.0571700 0.0860835 0.0421701 0.0000010 0.0099306 0.0589836 0.0421701 0.0377288 0.0337758 0.0337758 0.1061748 0.0399580 0.0651267 
260512_Pybus_Point             0.0132624 0.0000000 0.0129732 0.0166735 0.0517740 0.0098628 0.0114133 0.0446613 0.1035935 0.0314468 0.0131119 0.0053880 0.0466687 0.0314468 0.0312088 0.0237648 0.0237648 0.1029542 0.0374301 0.0507711 
261935_Kenai_River             0.0117764 0.0129732 0.0000000 0.0151100 0.0701566 0.0116436 0.0100713 0.0518810 0.1075322 0.0376610 0.0116436 0.0164326 0.0542276 0.0376610 0.0332442 0.0257096 0.0257096 0.1006748 0.0314700 0.0590282 
353213_Cropley_Lake            0.0000010 0.0166735 0.0151100 0.0000000 0.0796529 0.0259940 0.0130193 0.0621168 0.0944183 0.0464278 0.0026114 0.0131598 0.0589836 0.0464278 0.0419689 0.0378695 0.0378695 0.1109429 0.0442305 0.0707896 
353219_Peterson_Creek          0.0738112 0.0517740 0.0701566 0.0796529 0.0000000 0.0594737 0.0673368 0.1292967 0.0516682 0.0982814 0.0727435 0.0621143 0.1372605 0.0982814 0.0976832 0.0862447 0.0862447 0.1794024 0.1009299 0.1543792 
353220_Fish_Creek              0.0222108 0.0098628 0.0116436 0.0259940 0.0594737 0.0000000 0.0101132 0.0424096 0.1232048 0.0296801 0.0219512 0.0165730 0.0442898 0.0296801 0.0293950 0.0221904 0.0221904 0.1005860 0.0315283 0.0481326 
353246_Cottonwood_Creek        0.0098051 0.0114133 0.0100713 0.0130193 0.0673368 0.0101132 0.0000000 0.0446036 0.0998308 0.0315607 0.0096970 0.0113765 0.0465860 0.0315607 0.0313296 0.0276593 0.0276593 0.0983928 0.0295987 0.0506381 
353379_Skagit_River            0.0571700 0.0446613 0.0518810 0.0621168 0.1292967 0.0424096 0.0446036 0.0000000 0.2236973 0.0097972 0.0564371 0.0495877 0.0000010 0.0097972 0.0611213 0.0214389 0.0214389 0.1424859 0.0684619 0.0000010 
353381_Dungeness_River         0.0860835 0.1035935 0.1075322 0.0944183 0.0516682 0.1232048 0.0998308 0.2236973 0.0000000 0.1579676 0.0843650 0.0998308 0.2453520 0.1579676 0.1515236 0.1514727 0.1514727 0.2644969 0.1526811 0.2970203 
353401_Peace_River             0.0421701 0.0314468 0.0376610 0.0464278 0.0982814 0.0296801 0.0315607 0.0097972 0.1579676 0.0000000 0.0416766 0.0356782 0.0102312 0.0025776 0.0457497 0.0116076 0.0116076 0.1189656 0.0521364 0.0111209 
353407_Noatok                  0.0000010 0.0131119 0.0116436 0.0026114 0.0727435 0.0219512 0.0096970 0.0564371 0.0843650 0.0416766 0.0000000 0.0098205 0.0589836 0.0416766 0.0372793 0.0333794 0.0333794 0.1049803 0.0394836 0.0641938 
353410_Horizon_Lake            0.0099306 0.0053880 0.0164326 0.0131598 0.0621143 0.0165730 0.0113765 0.0495877 0.0998308 0.0356782 0.0098205 0.0000000 0.0518290 0.0356782 0.0312696 0.0238750 0.0238750 0.1028681 0.0374467 0.0564144 
92319_Little_Lost              0.0589836 0.0466687 0.0542276 0.0589836 0.1372605 0.0442898 0.0465860 0.0000010 0.2453520 0.0102312 0.0589836 0.0518290 0.0000000 0.0102312 0.0638799 0.0224152 0.0224152 0.1489156 0.0715584 0.0000010 
94280_St_Joe                   0.0421701 0.0314468 0.0376610 0.0464278 0.0982814 0.0296801 0.0315607 0.0097972 0.1579676 0.0025776 0.0416766 0.0356782 0.0102312 0.0000000 0.0457497 0.0116076 0.0116076 0.1189656 0.0521364 0.0091587 
GCA016432855_Lake_Trout        0.0377288 0.0312088 0.0332442 0.0419689 0.0976832 0.0293950 0.0313296 0.0611213 0.1515236 0.0457497 0.0372793 0.0312696 0.0638799 0.0457497 0.0000000 0.0413295 0.0413295 0.1049803 0.0334835 0.0695228 
GCA036784925_Maine_S_alpinus   0.0337758 0.0237648 0.0257096 0.0378695 0.0862447 0.0221904 0.0276593 0.0214389 0.1514727 0.0116076 0.0333794 0.0238750 0.0224152 0.0116076 0.0413295 0.0000000 0.0000010 0.1136552 0.0476418 0.0244157 
GCA045679555_Iceland_A_alpinus 0.0337758 0.0237648 0.0257096 0.0378695 0.0862447 0.0221904 0.0276593 0.0214389 0.1514727 0.0116076 0.0333794 0.0238750 0.0224152 0.0116076 0.0413295 0.0000010 0.0000000 0.1136552 0.0476418 0.0244157 
GCF013265735_Rainbow_Trout     0.1061748 0.1029542 0.1006748 0.1109429 0.1794024 0.1005860 0.0983928 0.1424859 0.2644969 0.1189656 0.1049803 0.1028681 0.1489156 0.1189656 0.1049803 0.1136552 0.1136552 0.0000000 0.1031316 0.1591986 
GCF029448725_Brook_Trout       0.0399580 0.0374301 0.0314700 0.0442305 0.1009299 0.0315283 0.0295987 0.0684619 0.1526811 0.0521364 0.0394836 0.0374467 0.0715584 0.0521364 0.0334835 0.0476418 0.0476418 0.1031316 0.0000000 0.0778969 
Methow_River_99895             0.0651267 0.0507711 0.0590282 0.0707896 0.1543792 0.0481326 0.0506381 0.0000010 0.2970203 0.0111209 0.0641938 0.0564144 0.0000010 0.0091587 0.0695228 0.0244157 0.0244157 0.1591986 0.0778969 0.0000000 
