17
251140_Ward_Creek            0.0000000 0.0025221 0.0025221 0.0050565 0.0101429 0.0416218 0.0438304 0.0416019 0.0310480 0.0204505 0.0414970 0.0389029 0.0493479 0.0204505 0.1444746 0.0523045 0.0416019 
260512_Pybus_Point           0.0025221 0.0000000 0.0000010 0.0025264 0.0076016 0.0389921 0.0290928 0.0389733 0.0284400 0.0178812 0.0388751 0.0362830 0.0467169 0.0178812 0.1415944 0.0496530 0.0389733 
261935_Kenai_River           0.0025221 0.0000010 0.0000000 0.0025264 0.0076016 0.0389921 0.0290928 0.0389733 0.0284400 0.0178812 0.0388751 0.0362830 0.0467169 0.0178812 0.1415944 0.0496530 0.0389733 
353219_Peterson_Creek        0.0050565 0.0025264 0.0025264 0.0000000 0.0101603 0.0416967 0.0426717 0.0416767 0.0311032 0.0204862 0.0415714 0.0389726 0.0494370 0.0204862 0.1447721 0.0523998 0.0416767 
353246_Cottonwood_Creek      0.0101429 0.0076016 0.0076016 0.0101603 0.0000000 0.0416975 0.0751660 0.0416775 0.0363988 0.0101441 0.0415722 0.0389733 0.0494380 0.0101441 0.1447754 0.0524009 0.0416775 
353379_Skagit_River          0.0416218 0.0389921 0.0389921 0.0416967 0.0416975 0.0000000 0.2807362 0.0050196 0.0527638 0.0310855 0.0100682 0.0025037 0.0335812 0.0310855 0.1252025 0.0364121 0.0050196 
353381_Dungeness_River       0.0438304 0.0290928 0.0290928 0.0426717 0.0751660 0.2807362 0.0000000 0.2801439 0.1845290 0.1425103 0.2554137 0.2577984 0.2529955 0.1425103 1.2695397 0.3047206 0.2801439 
353401_Peace_River           0.0416019 0.0389733 0.0389733 0.0416767 0.0416775 0.0050196 0.2801439 0.0000000 0.0527386 0.0310704 0.0100633 0.0025025 0.0335650 0.0310704 0.1251476 0.0363945 0.0050172 
353407_Noatok                0.0310480 0.0284400 0.0284400 0.0311032 0.0363988 0.0527638 0.1845290 0.0527386 0.0000000 0.0311006 0.0526038 0.0499722 0.0605827 0.0311006 0.1579954 0.0606711 0.0527386 
353410_Horizon_Lake          0.0204505 0.0178812 0.0178812 0.0204862 0.0101441 0.0310855 0.1425103 0.0310704 0.0311006 0.0000000 0.0309922 0.0284095 0.0387971 0.0000010 0.1327940 0.0416683 0.0310704 
92319_Little_Lost            0.0414970 0.0388751 0.0388751 0.0415714 0.0415722 0.0100682 0.2554137 0.0100633 0.0526038 0.0309922 0.0000000 0.0075291 0.0334809 0.0309922 0.1248194 0.0363027 0.0100633 
94280_St_Joe                 0.0389029 0.0362830 0.0362830 0.0389726 0.0389733 0.0025037 0.2577984 0.0025025 0.0499722 0.0284095 0.0075291 0.0000000 0.0309045 0.0284095 0.1220955 0.0337093 0.0025025 
GCA016432855_Lake_Trout      0.0493479 0.0467169 0.0467169 0.0494370 0.0494380 0.0335812 0.2529955 0.0335650 0.0605827 0.0387971 0.0334809 0.0309045 0.0000000 0.0387971 0.1237986 0.0230987 0.1227365 
GCA036784925_Maine_S_alpinus 0.0204505 0.0178812 0.0178812 0.0204862 0.0101441 0.0310855 0.1425103 0.0310704 0.0311006 0.0000010 0.0309922 0.0284095 0.0387971 0.0000000 0.1327940 0.0416683 0.0310704 
GCF013265735_Rainbow_Trout   0.1444746 0.1415944 0.1415944 0.1447721 0.1447754 0.1252025 1.2695397 0.1251476 0.1579954 0.1327940 0.1248194 0.1220955 0.1237986 0.1327940 0.0000000 0.1328997 0.1753044 
GCF029448725_Brook_Trout     0.0523045 0.0496530 0.0496530 0.0523998 0.0524009 0.0364121 0.3047206 0.0363945 0.0606711 0.0416683 0.0363027 0.0337093 0.0230987 0.0416683 0.1328997 0.0000000 0.0363945 
Methow_River_99895           0.0416019 0.0389733 0.0389733 0.0416767 0.0416775 0.0050196 0.2801439 0.0050172 0.0527386 0.0310704 0.0100633 0.0025025 0.1227365 0.0310704 0.1753044 0.0363945 0.0000000 
