9
251140_Ward_Creek          0.0000000 0.0000010 0.0241956 0.0428688 0.0428688 0.0241956 0.0491974 0.1584818 0.1884858 
260512_Pybus_Point         0.0000010 0.0000000 0.0241956 0.0428688 0.0428688 0.0241956 0.0491974 0.1584818 0.1884858 
261935_Kenai_River         0.0241956 0.0241956 0.0000000 0.0883373 0.0883373 0.0000010 0.0577203 0.1423174 0.1884858 
353379_Skagit_River        0.0428688 0.0428688 0.0883373 0.0000000 0.0000010 0.0883373 0.1367408 0.2440662 0.4408400 
353401_Peace_River         0.0428688 0.0428688 0.0883373 0.0000010 0.0000000 0.0883373 0.1367408 0.2440662 0.4408400 
353407_Noatok              0.0241956 0.0241956 0.0000010 0.0883373 0.0883373 0.0000000 0.0577203 0.1423174 0.1884858 
GCA016432855_Lake_Trout    0.0491974 0.0491974 0.0577203 0.1367408 0.1367408 0.0577203 0.0000000 0.1650464 0.8239592 
GCF013265735_Rainbow_Trout 0.1584818 0.1584818 0.1423174 0.2440662 0.2440662 0.1423174 0.1650464 0.0000000 0.8239592 
GCF029448725_Brook_Trout   0.1884858 0.1884858 0.1884858 0.4408400 0.4408400 0.1884858 0.8239592 0.8239592 0.0000000 
