16
251140_Ward_Creek            0.0000000 0.0028565 0.0000010 0.0000010 0.0042449 0.0242602 0.1189334 0.0210019 0.0785441 0.0087545 0.0210019 0.0147592 0.0087545 0.1976482 0.0243782 0.1971330 
260512_Pybus_Point           0.0028565 0.0000000 0.0042360 0.0028565 0.0085971 0.0275404 0.1282533 0.0242167 0.0830164 0.0117743 0.0242167 0.0178666 0.0117743 0.2049891 0.0276768 0.2063416 
261935_Kenai_River           0.0000010 0.0042360 0.0000000 0.0000010 0.0042449 0.0371169 3.6726771 0.0319406 0.0384897 0.0131219 0.0319406 0.0176479 0.0131219 0.1585514 0.0324246 0.0669131 
353213_Cropley_Lake          0.0000010 0.0028565 0.0000010 0.0000000 0.0042449 0.0242602 0.1189334 0.0210019 0.0785441 0.0087545 0.0210019 0.0147592 0.0087545 0.1976482 0.0243782 0.1971330 
353220_Fish_Creek            0.0042449 0.0085971 0.0042449 0.0042449 0.0000000 0.0319406 4.7260231 0.0269377 0.0440872 0.0086162 0.0269377 0.0130342 0.0086162 0.1478464 0.0273326 0.0605760 
353379_Skagit_River          0.0242602 0.0275404 0.0371169 0.0242602 0.0319406 0.0000000 0.1639719 0.0028605 0.1069158 0.0210019 0.0028605 0.0208049 0.0210019 0.2076524 0.0306900 0.1461946 
353381_Dungeness_River       0.1189334 0.1282533 3.6726771 0.1189334 4.7260231 0.1639719 0.0000000 0.1503725 1.6850367 0.1428966 0.1503725 0.1639719 0.1428966 8.9999985 0.2131005 8.9999985 
353401_Peace_River           0.0210019 0.0242167 0.0319406 0.0210019 0.0269377 0.0028605 0.1503725 0.0000000 0.1015072 0.0178135 0.0000010 0.0176498 0.0178135 0.1988704 0.0273219 0.1378997 
353407_Noatok                0.0785441 0.0830164 0.0384897 0.0785441 0.0440872 0.1069158 1.6850367 0.1015072 0.0000000 0.0832929 0.1015072 0.0918917 0.0832929 0.0802430 0.1077793 0.0949836 
353410_Horizon_Lake          0.0087545 0.0117743 0.0131219 0.0087545 0.0086162 0.0210019 0.1428966 0.0178135 0.0832929 0.0000000 0.0178135 0.0116872 0.0000010 0.1890144 0.0211018 0.1864198 
92319_Little_Lost            0.0210019 0.0242167 0.0319406 0.0210019 0.0269377 0.0028605 0.1503725 0.0000010 0.1015072 0.0178135 0.0000000 0.0176498 0.0178135 0.1988704 0.0273219 0.1378997 
GCA016432855_Lake_Trout      0.0147592 0.0178666 0.0176479 0.0147592 0.0130342 0.0208049 0.1639719 0.0176498 0.0918917 0.0116872 0.0176498 0.0000000 0.0116872 0.1845704 0.0209029 0.1738857 
GCA036784925_Maine_S_alpinus 0.0087545 0.0117743 0.0131219 0.0087545 0.0086162 0.0210019 0.1428966 0.0178135 0.0832929 0.0000010 0.0178135 0.0116872 0.0000000 0.1890144 0.0211018 0.1864198 
GCF013265735_Rainbow_Trout   0.1976482 0.2049891 0.1585514 0.1976482 0.1478464 0.2076524 8.9999985 0.1988704 0.0802430 0.1890144 0.1988704 0.1845704 0.1890144 0.0000000 0.2104051 0.1957670 
GCF029448725_Brook_Trout     0.0243782 0.0276768 0.0324246 0.0243782 0.0273326 0.0306900 0.2131005 0.0273219 0.1077793 0.0211018 0.0273219 0.0209029 0.0211018 0.2104051 0.0000000 0.2050893 
Methow_River_99895           0.1971330 0.2063416 0.0669131 0.1971330 0.0605760 0.1461946 8.9999985 0.1378997 0.0949836 0.1864198 0.1378997 0.1738857 0.1864198 0.1957670 0.2050893 0.0000000 
