11
251140_Ward_Creek            0.0000000 0.0000010 0.0564279 0.3275315 0.0564279 0.0067794 0.0067794 0.0067794 0.0067794 0.1822409 0.0475755 
260512_Pybus_Point           0.0000010 0.0000000 0.0564279 0.3275315 0.0564279 0.0067794 0.0067794 0.0067794 0.0067794 0.1822409 0.0475755 
353379_Skagit_River          0.0564279 0.0564279 0.0000000 0.8434022 0.0000010 0.0637091 0.0491990 0.0491990 0.0491990 0.2460544 0.0993155 
353381_Dungeness_River       0.3275315 0.3275315 0.8434022 0.0000000 0.8434022 0.3714731 0.3714731 0.3714731 0.3714731 1.2453115 0.3275315 
353401_Peace_River           0.0564279 0.0564279 0.0000010 0.8434022 0.0000000 0.0637091 0.0491990 0.0491990 0.0491990 0.2460544 0.0993155 
353407_Noatok                0.0067794 0.0067794 0.0637091 0.3714731 0.0637091 0.0000000 0.0136046 0.0136046 0.0136046 0.1917999 0.0557276 
353410_Horizon_Lake          0.0067794 0.0067794 0.0491990 0.3714731 0.0491990 0.0136046 0.0000000 0.0136046 0.0000010 0.1917999 0.0557276 
GCA016432855_Lake_Trout      0.0067794 0.0067794 0.0491990 0.3714731 0.0491990 0.0136046 0.0136046 0.0000000 0.0136046 0.1727717 0.0394886 
GCA036784925_Maine_S_alpinus 0.0067794 0.0067794 0.0491990 0.3714731 0.0491990 0.0136046 0.0000010 0.0136046 0.0000000 0.1917999 0.0557276 
GCF013265735_Rainbow_Trout   0.1822409 0.1822409 0.2460544 1.2453115 0.2460544 0.1917999 0.1917999 0.1727717 0.1917999 0.0000000 0.1633900 
GCF029448725_Brook_Trout     0.0475755 0.0475755 0.0993155 0.3275315 0.0993155 0.0557276 0.0557276 0.0394886 0.0557276 0.1633900 0.0000000 
