16
251140_Ward_Creek            0.0000000 0.0036578 0.0036578 0.0000010 0.0036574 0.0209003 0.0070420 0.0122172 0.1007769 0.1182965 0.0207836 0.0122172 0.1978127 0.1182965 0.2296261 0.1882757 
260512_Pybus_Point           0.0036578 0.0000000 0.0000010 0.0036578 0.0073617 0.0252675 0.0000010 0.0164068 0.1062183 0.1245605 0.0251238 0.0164068 0.2053616 0.1245605 0.2296261 0.1955824 
261935_Kenai_River           0.0036578 0.0000010 0.0000000 0.0036578 0.0073617 0.0252675 0.0000010 0.0164068 0.1062183 0.1245605 0.0251238 0.0164068 0.2053616 0.1245605 0.2296261 0.1955824 
353213_Cropley_Lake          0.0000010 0.0036578 0.0036578 0.0000000 0.0036574 0.0209003 0.0070420 0.0122172 0.1007769 0.1182965 0.0207836 0.0122172 0.1978127 0.1182965 0.2296261 0.1882757 
353219_Peterson_Creek        0.0036574 0.0073617 0.0073617 0.0036574 0.0000000 0.0252645 0.0142575 0.0164049 0.1062052 0.1245434 0.0251209 0.0164049 0.2053327 0.1245434 0.2385007 0.1955553 
353379_Skagit_River          0.0209003 0.0252675 0.0252675 0.0209003 0.0252645 0.0000000 0.0568159 0.0077880 0.1497586 0.1492655 0.0077410 0.0077880 0.2576295 0.1492655 0.2990712 0.2448726 
353381_Dungeness_River       0.0070420 0.0000010 0.0000010 0.0070420 0.0142575 0.0568159 0.0000000 0.0356409 0.2809788 0.4175142 0.0560382 0.0356409 1.1317401 0.4175142 2.4862741 0.8165246 
353401_Peace_River           0.0122172 0.0164068 0.0164068 0.0122172 0.0164049 0.0077880 0.0356409 0.0000000 0.1332819 0.1334387 0.0077487 0.0000010 0.2326942 0.1334387 0.2698077 0.2212195 
353407_Noatok                0.1007769 0.1062183 0.1062183 0.1007769 0.1062052 0.1497586 0.2809788 0.1332819 0.0000000 0.3418635 0.1482721 0.1332819 0.5034069 0.3418635 0.6665456 0.4781387 
353410_Horizon_Lake          0.1182965 0.1245605 0.1245605 0.1182965 0.1245434 0.1492655 0.4175142 0.1334387 0.3418635 0.0000000 0.1478436 0.1334387 0.0680046 0.0000010 0.8998719 0.0625697 
92319_Little_Lost            0.0207836 0.0251238 0.0251238 0.0207836 0.0251209 0.0077410 0.0560382 0.0077487 0.1482721 0.1478436 0.0000000 0.0077487 0.2449712 0.1478436 0.2841977 0.2328706 
94280_St_Joe                 0.0122172 0.0164068 0.0164068 0.0122172 0.0164049 0.0077880 0.0356409 0.0000010 0.1332819 0.1334387 0.0077487 0.0000000 0.2326942 0.1334387 0.2698077 0.2212195 
GCA016432855_Lake_Trout      0.1978127 0.2053616 0.2053616 0.1978127 0.2053327 0.2576295 1.1317401 0.2326942 0.5034069 0.0680046 0.2449712 0.2326942 0.0000000 0.0680046 0.8867714 0.0595827 
GCA036784925_Maine_S_alpinus 0.1182965 0.1245605 0.1245605 0.1182965 0.1245434 0.1492655 0.4175142 0.1334387 0.3418635 0.0000010 0.1478436 0.1334387 0.0680046 0.0000000 0.8998719 0.0625697 
GCF013265735_Rainbow_Trout   0.2296261 0.2296261 0.2296261 0.2296261 0.2385007 0.2990712 2.4862741 0.2698077 0.6665456 0.8998719 0.2841977 0.2698077 0.8867714 0.8998719 0.0000000 0.7984298 
GCF029448725_Brook_Trout     0.1882757 0.1955824 0.1955824 0.1882757 0.1955553 0.2448726 0.8165246 0.2212195 0.4781387 0.0625697 0.2328706 0.2212195 0.0595827 0.0625697 0.7984298 0.0000000 
