14
251140_Ward_Creek              0.0000000 0.0000010 2.9178447 0.8062114 0.2686958 0.0629493 0.1696374 8.9999989 0.2686958 0.6012388 0.1334330 0.2337933 2.0583353 0.6670387 
260512_Pybus_Point             0.0000010 0.0000000 2.9178447 0.8062114 0.2686958 0.0629493 0.1696374 8.9999989 0.2686958 0.6012388 0.1334330 0.2337933 2.0583353 0.6670387 
353379_Skagit_River            2.9178447 2.9178447 0.0000000 1.1987519 0.9676224 1.8761600 2.6500920 0.1397526 0.9676224 2.5688539 2.9515591 4.2407309 3.0353199 2.7781916 
353381_Dungeness_River         0.8062114 0.8062114 1.1987519 0.0000000 2.4976908 0.8048189 1.7358526 3.3052150 2.4976908 3.1270147 1.4203715 1.4203715 3.4861272 3.2790437 
353401_Peace_River             0.2686958 0.2686958 0.9676224 2.4976908 0.0000000 0.1845379 0.3089896 8.9999989 0.0000010 0.4979022 0.2681575 0.3879305 1.8099863 0.5549548 
353407_Noatok                  0.0629493 0.0629493 1.8761600 0.8048189 0.1845379 0.0000000 0.0957442 8.9999982 0.1845379 0.4749135 0.0628357 0.1512977 1.9055709 0.5311305 
353410_Horizon_Lake            0.1696374 0.1696374 2.6500920 1.7358526 0.3089896 0.0957442 0.0000000 8.9999988 0.3089896 0.6516701 0.0622662 0.1497135 2.0555527 0.7189034 
92319_Little_Lost              8.9999989 8.9999989 0.1397526 3.3052150 8.9999989 8.9999982 8.9999988 0.0000000 8.9999989 4.4341150 8.9999980 8.9999989 3.7707279 4.7067100 
94280_St_Joe                   0.2686958 0.2686958 0.9676224 2.4976908 0.0000010 0.1845379 0.3089896 8.9999989 0.0000000 0.4979022 0.2681575 0.3879305 1.8099863 0.5549548 
GCA016432855_Lake_Trout        0.6012388 0.6012388 2.5688539 3.1270147 0.4979022 0.4749135 0.6516701 4.4341150 0.4979022 0.0000000 0.5999342 0.7795013 1.7579789 0.2820328 
GCA036784925_Maine_S_alpinus   0.1334330 0.1334330 2.9515591 1.4203715 0.2681575 0.0628357 0.0622662 8.9999980 0.2681575 0.5999342 0.0000000 0.0791248 2.0620305 0.6655878 
GCA045679555_Iceland_A_alpinus 0.2337933 0.2337933 4.2407309 1.4203715 0.3879305 0.1512977 0.1497135 8.9999989 0.3879305 0.7795013 0.0791248 0.0000000 1.9041721 0.8578729 
GCF013265735_Rainbow_Trout     2.0583353 2.0583353 3.0353199 3.4861272 1.8099863 1.9055709 2.0555527 3.7707279 1.8099863 1.7579789 2.0620305 1.9041721 0.0000000 1.9048969 
GCF029448725_Brook_Trout       0.6670387 0.6670387 2.7781916 3.2790437 0.5549548 0.5311305 0.7189034 4.7067100 0.5549548 0.2820328 0.6655878 0.8578729 1.9048969 0.0000000 
