10
251140_Ward_Creek              0.0000000 0.0000010 0.1173427 0.1491568 0.1173427 0.1820633 0.1522529 0.1522529 1.9845720 0.2570495 
260512_Pybus_Point             0.0000010 0.0000000 0.1173427 0.1491568 0.1173427 0.1820633 0.1522529 0.1522529 1.9845720 0.2570495 
353246_Cottonwood_Creek        0.1173427 0.1173427 0.0000000 0.0274410 0.0000010 0.0557373 0.0279445 0.0279445 1.5539375 0.1173427 
353379_Skagit_River            0.1491568 0.1491568 0.0274410 0.0000000 0.0274410 0.0849313 0.0567863 0.0567863 1.6365500 0.1491568 
353401_Peace_River             0.1173427 0.1173427 0.0000010 0.0274410 0.0000000 0.0557373 0.0279445 0.0279445 1.5539375 0.1173427 
GCA016432855_Lake_Trout        0.1820633 0.1820633 0.0557373 0.0849313 0.0557373 0.0000000 0.0865692 0.0865692 1.7157487 0.1173427 
GCA036784925_Maine_S_alpinus   0.1522529 0.1522529 0.0279445 0.0567863 0.0279445 0.0865692 0.0000000 0.0000010 1.7480311 0.1522529 
GCA045679555_Iceland_A_alpinus 0.1522529 0.1522529 0.0279445 0.0567863 0.0279445 0.0865692 0.0000010 0.0000000 1.7480311 0.1522529 
GCF013265735_Rainbow_Trout     1.9845720 1.9845720 1.5539375 1.6365500 1.5539375 1.7157487 1.7480311 1.7480311 0.0000000 1.8312525 
GCF029448725_Brook_Trout       0.2570495 0.2570495 0.1173427 0.1491568 0.1173427 0.1173427 0.1522529 0.1522529 1.8312525 0.0000000 
