11
251140_Ward_Creek              0.0000000 0.0000010 0.0379828 0.0379828 0.0779923 0.0779923 0.1584818 0.0379828 0.0379828 0.5106578 0.1202570 
260512_Pybus_Point             0.0000010 0.0000000 0.0379828 0.0379828 0.0779923 0.0779923 0.1584818 0.0379828 0.0379828 0.5106578 0.1202570 
353379_Skagit_River            0.0379828 0.0379828 0.0000000 0.0000010 0.1202570 0.1202570 0.2197403 0.0779923 0.0779923 0.5876475 0.1650464 
353401_Peace_River             0.0379828 0.0379828 0.0000010 0.0000000 0.1202570 0.1202570 0.2197403 0.0779923 0.0779923 0.5876475 0.1650464 
353407_Noatok                  0.0779923 0.0779923 0.1202570 0.1202570 0.0000000 0.1650464 0.2864510 0.1202570 0.1202570 0.6734562 0.2126814 
353410_Horizon_Lake            0.0779923 0.0779923 0.1202570 0.1202570 0.1650464 0.0000000 0.2864510 0.0379828 0.0379828 0.6734562 0.2126814 
GCA016432855_Lake_Trout        0.1584818 0.1584818 0.2197403 0.2197403 0.2864510 0.2864510 0.0000000 0.2197403 0.2197403 1.3089296 0.3596798 
GCA036784925_Maine_S_alpinus   0.0379828 0.0379828 0.0779923 0.0779923 0.1202570 0.0379828 0.2197403 0.0000000 0.0000010 0.5876475 0.1650464 
GCA045679555_Iceland_A_alpinus 0.0379828 0.0379828 0.0779923 0.0779923 0.1202570 0.0379828 0.2197403 0.0000010 0.0000000 0.5876475 0.1650464 
GCF013265735_Rainbow_Trout     0.5106578 0.5106578 0.5876475 0.5876475 0.6734562 0.6734562 1.3089296 0.5876475 0.5876475 0.0000000 0.7703650 
GCF029448725_Brook_Trout       0.1202570 0.1202570 0.1650464 0.1650464 0.2126814 0.2126814 0.3596798 0.1650464 0.1650464 0.7703650 0.0000000 
