19
251140_Ward_Creek              0.0000000 0.0270028 0.1473605 0.0133364 0.0000010 0.0133364 0.0133364 0.1284073 2.1005914 0.1436304 0.0978098 0.0688805 0.1436304 0.1301534 0.0550755 0.0133364 0.6089478 0.0997620 0.1284073 
260512_Pybus_Point             0.0270028 0.0000000 0.0998900 0.0206890 0.0209165 0.0102467 0.0102467 0.1090696 0.1937510 0.1206097 0.1085515 0.0525388 0.1206097 0.0981209 0.0420082 0.0102467 0.4752741 0.0871496 0.0971525 
261935_Kenai_River             0.1473605 0.0998900 0.0000000 0.0998844 0.1013712 0.0844677 0.0753621 0.2307254 0.0335157 0.2307254 0.1167161 0.0889619 0.2307254 0.1983731 0.1166092 0.0753621 0.6547865 0.1828941 0.2120765 
353213_Cropley_Lake            0.0133364 0.0206890 0.0998844 0.0000000 0.0209161 0.0102465 0.0102465 0.1090648 0.1937048 0.1206040 0.1085467 0.0525373 0.1206040 0.0981169 0.0420071 0.0102465 0.4581696 0.0871463 0.0971485 
353219_Peterson_Creek          0.0000010 0.0209165 0.1013712 0.0209161 0.0000000 0.0103589 0.0103589 0.1102958 0.1899423 0.1219671 0.1097654 0.0531197 0.1219671 0.0992294 0.0424743 0.0103589 0.4811141 0.0881373 0.0982387 
353220_Fish_Creek              0.0133364 0.0102467 0.0844677 0.0102465 0.0103589 0.0000000 0.0000010 0.0971525 0.1490494 0.1085087 0.0967005 0.0416247 0.1085087 0.0863201 0.0312012 0.0000010 0.4540445 0.0754735 0.0854862 
353246_Cottonwood_Creek        0.0133364 0.0102467 0.0753621 0.0102465 0.0103589 0.0000010 0.0000000 0.0971525 0.1490494 0.1085087 0.0905471 0.0438627 0.1085087 0.0863201 0.0260887 0.0000010 0.4540445 0.0754735 0.0854862 
353379_Skagit_River            0.1284073 0.1090696 0.2307254 0.1090648 0.1102958 0.0971525 0.0971525 0.0000000 0.5139294 0.0101992 0.1554063 0.1441115 0.0101992 0.1448834 0.1330176 0.0971525 0.5094342 0.1577819 0.0102441 
353381_Dungeness_River         2.1005914 0.1937510 0.0335157 0.1937048 0.1899423 0.1490494 0.1490494 0.5139294 0.0000000 0.5139294 0.4442656 0.2372640 0.5139294 0.4701398 0.1490494 0.1490494 2.3853625 0.4812536 0.4429281 
353401_Peace_River             0.1436304 0.1206097 0.2307254 0.1206040 0.1219671 0.1085087 0.1085087 0.0101992 0.5139294 0.0000000 0.1673720 0.1560137 0.0000010 0.1568630 0.1448743 0.1085087 0.5269506 0.1699613 0.0205914 
353407_Noatok                  0.0978098 0.1085515 0.1167161 0.1085467 0.1097654 0.0967005 0.0905471 0.1554063 0.4442656 0.1673720 0.0000000 0.0810694 0.1673720 0.1682924 0.1203491 0.0905471 0.5768793 0.1569730 0.1427866 
353410_Horizon_Lake            0.0688805 0.0525388 0.0889619 0.0525373 0.0531197 0.0416247 0.0438627 0.1441115 0.2372640 0.1560137 0.0810694 0.0000000 0.1560137 0.1085321 0.0716850 0.0438627 0.5101552 0.1218266 0.1316249 
92319_Little_Lost              0.1436304 0.1206097 0.2307254 0.1206040 0.1219671 0.1085087 0.1085087 0.0101992 0.5139294 0.0000010 0.1673720 0.1560137 0.0000000 0.1568630 0.1448743 0.1085087 0.5269506 0.1699613 0.0205914 
GCA016432855_Lake_Trout        0.1301534 0.0981209 0.1983731 0.0981169 0.0992294 0.0863201 0.0863201 0.1448834 0.4701398 0.1568630 0.1682924 0.1085321 0.1568630 0.0000000 0.1218936 0.0863201 0.4973363 0.0990953 0.1323144 
GCA036784925_Maine_S_alpinus   0.0550755 0.0420082 0.1166092 0.0420071 0.0424743 0.0312012 0.0260887 0.1330176 0.1490494 0.1448743 0.1203491 0.0716850 0.1448743 0.1218936 0.0000000 0.0260887 0.5150640 0.1107214 0.1206446 
GCA045679555_Iceland_A_alpinus 0.0133364 0.0102467 0.0753621 0.0102465 0.0103589 0.0000010 0.0000010 0.0971525 0.1490494 0.1085087 0.0905471 0.0438627 0.1085087 0.0863201 0.0260887 0.0000000 0.4540445 0.0754735 0.0854862 
GCF013265735_Rainbow_Trout     0.6089478 0.4752741 0.6547865 0.4581696 0.4811141 0.4540445 0.4540445 0.5094342 2.3853625 0.5269506 0.5768793 0.5101552 0.5269506 0.4973363 0.5150640 0.4540445 0.0000000 0.5189494 0.4873818 
GCF029448725_Brook_Trout       0.0997620 0.0871496 0.1828941 0.0871463 0.0881373 0.0754735 0.0754735 0.1577819 0.4812536 0.1699613 0.1569730 0.1218266 0.1699613 0.0990953 0.1107214 0.0754735 0.5189494 0.0000000 0.1449297 
Methow_River_99895             0.1284073 0.0971525 0.2120765 0.0971485 0.0982387 0.0854862 0.0854862 0.0102441 0.4429281 0.0205914 0.1427866 0.1316249 0.0205914 0.1323144 0.1206446 0.0854862 0.4873818 0.1449297 0.0000000 
