9
251140_Ward_Creek          0.0000000 0.0000010 0.0104870 0.0104870 0.0332229 0.1867491 0.0212886 0.0428163 0.0211166 
260512_Pybus_Point         0.0000010 0.0000000 0.0104870 0.0104870 0.0332229 0.1867491 0.0212886 0.0428163 0.0211166 
261935_Kenai_River         0.0104870 0.0104870 0.0000000 0.0000010 0.0219905 0.0880682 0.0105715 0.0318920 0.0104870 
353220_Fish_Creek          0.0104870 0.0104870 0.0000010 0.0000000 0.0219905 0.0880682 0.0105715 0.0318920 0.0104870 
353401_Peace_River         0.0332229 0.0332229 0.0219905 0.0219905 0.0000000 0.4858615 0.0335083 0.0561789 0.0332229 
92319_Little_Lost          0.1867491 0.1867491 0.0880682 0.0880682 0.4858615 0.0000000 0.2022550 0.4228691 0.1867491 
94280_St_Joe               0.0212886 0.0212886 0.0105715 0.0105715 0.0335083 0.2022550 0.0000000 0.0431728 0.0212886 
GCF013265735_Rainbow_Trout 0.0428163 0.0428163 0.0318920 0.0318920 0.0561789 0.4228691 0.0431728 0.0000000 0.0428163 
GCF029448725_Brook_Trout   0.0211166 0.0211166 0.0104870 0.0104870 0.0332229 0.1867491 0.0212886 0.0428163 0.0000000 
