20
251140_Ward_Creek              0.0000000 0.0025028 0.0109500 0.0253719 0.0000010 0.0000010 0.0075423 0.0517267 0.0076545 0.0463627 0.0279217 0.0177041 0.4339242 0.0490457 0.3054202 0.0075284 0.0075284 0.5587838 0.3680117 0.1319966 
260512_Pybus_Point             0.0025028 0.0000000 0.0137168 0.0279647 0.0025517 0.0025517 0.0100762 0.0544243 0.0115163 0.0490380 0.0305207 0.0202734 0.4396947 0.0517325 0.3098788 0.0100576 0.0100576 0.5649271 0.3724217 0.1351146 
261935_Kenai_River             0.0109500 0.0137168 0.0000000 0.0164944 0.0109500 0.0109500 0.0192992 0.0449083 0.0175787 0.0391198 0.0192530 0.0137376 0.4638972 0.0420138 0.3118556 0.0027241 0.0027241 0.6096088 0.3948722 0.1320224 
353213_Cropley_Lake            0.0253719 0.0279647 0.0164944 0.0000000 0.0258752 0.0258752 0.0279841 0.0490348 0.0350361 0.0436936 0.0125926 0.0177042 0.4281208 0.0463649 0.2932729 0.0176810 0.0176810 0.5364452 0.3640391 0.1288778 
353219_Peterson_Creek          0.0000010 0.0025517 0.0109500 0.0258752 0.0000000 0.0000010 0.0076905 0.0527726 0.0078859 0.0472963 0.0284757 0.0180542 0.4482222 0.0500355 0.3139047 0.0076761 0.0076761 0.5767519 0.3776647 0.1349001 
353220_Fish_Creek              0.0000010 0.0025517 0.0109500 0.0258752 0.0000010 0.0000000 0.0076905 0.0527726 0.0078859 0.0472963 0.0284757 0.0180542 0.4482222 0.0500355 0.3139047 0.0076761 0.0076761 0.5767519 0.3776647 0.1349001 
353246_Cottonwood_Creek        0.0075423 0.0100762 0.0192992 0.0279841 0.0076905 0.0076905 0.0000000 0.0544636 0.0193286 0.0490732 0.0305419 0.0100494 0.4403993 0.0517698 0.3102571 0.0151551 0.0151551 0.5659040 0.3689006 0.1352281 
353379_Skagit_River            0.0517267 0.0544243 0.0449083 0.0490348 0.0527726 0.0527726 0.0544636 0.0000000 0.0676862 0.0050179 0.0543374 0.0491155 0.3713724 0.0025038 0.3009418 0.0437663 0.0437663 0.5566995 0.3610965 0.0787248 
353381_Dungeness_River         0.0076545 0.0115163 0.0175787 0.0350361 0.0078859 0.0078859 0.0193286 0.0676862 0.0000000 0.0676862 0.0349962 0.0311186 0.8616673 0.0676862 0.5955471 0.0153723 0.0153723 0.8321817 0.6821462 0.2051139 
353401_Peace_River             0.0463627 0.0490380 0.0391198 0.0436936 0.0472963 0.0472963 0.0490732 0.0050179 0.0676862 0.0000000 0.0489604 0.0437649 0.3608183 0.0075415 0.2921577 0.0384596 0.0384596 0.5445034 0.3523911 0.0845321 
353407_Noatok                  0.0279217 0.0305207 0.0192530 0.0125926 0.0284757 0.0284757 0.0305419 0.0543374 0.0349962 0.0489604 0.0000000 0.0202426 0.4381357 0.0516503 0.3049681 0.0202161 0.0202161 0.5474433 0.3674702 0.1348640 
353410_Horizon_Lake            0.0177041 0.0202734 0.0137376 0.0177042 0.0180542 0.0180542 0.0100494 0.0491155 0.0311186 0.0437649 0.0202426 0.0000000 0.4296062 0.0464409 0.2976878 0.0100715 0.0100715 0.5546438 0.3566689 0.1291212 
92319_Little_Lost              0.4339242 0.4396947 0.4638972 0.4281208 0.4482222 0.4482222 0.4403993 0.3713724 0.8616673 0.3608183 0.4381357 0.4296062 0.0000000 0.3661284 0.3835785 0.4232348 0.4232348 1.8473678 0.7503725 0.2412973 
94280_St_Joe                   0.0490457 0.0517325 0.0420138 0.0463649 0.0500355 0.0500355 0.0517698 0.0025038 0.0676862 0.0075415 0.0516503 0.0464409 0.3661284 0.0000000 0.2965775 0.0411130 0.0411130 0.5506302 0.3567738 0.0758539 
GCA016432855_Lake_Trout        0.3054202 0.3098788 0.3118556 0.2932729 0.3139047 0.3139047 0.3102571 0.3009418 0.5955471 0.2921577 0.3049681 0.2976878 0.3835785 0.2965775 0.0000000 0.2929424 0.2929424 1.2465451 0.4540559 0.1898715 
GCA036784925_Maine_S_alpinus   0.0075284 0.0100576 0.0027241 0.0176810 0.0076761 0.0076761 0.0151551 0.0437663 0.0153723 0.0384596 0.0202161 0.0100715 0.4232348 0.0411130 0.2929424 0.0000000 0.0000010 0.5425375 0.3558237 0.1229436 
GCA045679555_Iceland_A_alpinus 0.0075284 0.0100576 0.0027241 0.0176810 0.0076761 0.0076761 0.0151551 0.0437663 0.0153723 0.0384596 0.0202161 0.0100715 0.4232348 0.0411130 0.2929424 0.0000010 0.0000000 0.5425375 0.3558237 0.1229436 
GCF013265735_Rainbow_Trout     0.5587838 0.5649271 0.6096088 0.5364452 0.5767519 0.5767519 0.5659040 0.5566995 0.8321817 0.5445034 0.5474433 0.5546438 1.8473678 0.5506302 1.2465451 0.5425375 0.5425375 0.0000000 1.1579414 0.7367046 
GCF029448725_Brook_Trout       0.3680117 0.3724217 0.3948722 0.3640391 0.3776647 0.3776647 0.3689006 0.3610965 0.6821462 0.3523911 0.3674702 0.3566689 0.7503725 0.3567738 0.4540559 0.3558237 0.3558237 1.1579414 0.0000000 0.5062256 
Methow_River_99895             0.1319966 0.1351146 0.1320224 0.1288778 0.1349001 0.1349001 0.1352281 0.0787248 0.2051139 0.0845321 0.1348640 0.1291212 0.2412973 0.0758539 0.1898715 0.1229436 0.1229436 0.7367046 0.5062256 0.0000000 
