15
251140_Ward_Creek              0.0000000 0.0000010 0.0145961 0.1045407 0.0599313 0.0945732 0.0146966 0.0681944 0.8253038 0.0945732 0.0367976 0.0760663 0.0760663 0.4922216 0.0832675 
260512_Pybus_Point             0.0000010 0.0000000 0.0145961 0.1045407 0.0599313 0.0945732 0.0146966 0.0681944 0.8253038 0.0945732 0.0367976 0.0760663 0.0760663 0.4922216 0.0832675 
261935_Kenai_River             0.0145961 0.0145961 0.0000000 0.1045407 0.0599313 0.0945732 0.0073018 0.0681944 0.8253038 0.0945732 0.0521905 0.0760663 0.0760663 0.5081897 0.0997534 
353379_Skagit_River            0.1045407 0.1045407 0.1045407 0.0000000 0.0286552 0.0074864 0.3628794 0.4249127 3.6677845 0.0074864 0.3899621 0.4376951 0.4376951 0.7718662 0.1778311 
353381_Dungeness_River         0.0599313 0.0599313 0.0599313 0.0286552 0.0000000 0.0190120 0.3832583 0.4730560 7.6399237 0.0190120 0.4224352 0.4902195 0.4902195 0.9982031 0.1647386 
353401_Peace_River             0.0945732 0.0945732 0.0945732 0.0074864 0.0190120 0.0000000 0.3509007 0.4122603 3.7706539 0.0000010 0.3779763 0.4249127 0.4249127 0.7521809 0.1671044 
353407_Noatok                  0.0146966 0.0146966 0.0073018 0.3628794 0.3832583 0.3509007 0.0000000 0.0635505 0.4768642 0.3509007 0.0436462 0.0701336 0.0701336 0.5667234 0.1004767 
353410_Horizon_Lake            0.0681944 0.0681944 0.0681944 0.4249127 0.4730560 0.4122603 0.0635505 0.0000000 0.5899255 0.4122603 0.0759331 0.0060104 0.0060104 0.5844370 0.1417414 
92319_Little_Lost              0.8253038 0.8253038 0.8253038 3.6677845 7.6399237 3.7706539 0.4768642 0.5899255 0.0000000 3.7706539 0.4578266 0.6134482 0.6134482 5.5080261 1.1225634 
94280_St_Joe                   0.0945732 0.0945732 0.0945732 0.0074864 0.0190120 0.0000010 0.3509007 0.4122603 3.7706539 0.0000000 0.3779763 0.4249127 0.4249127 0.7521809 0.1671044 
GCA016432855_Lake_Trout        0.0367976 0.0367976 0.0521905 0.3899621 0.4224352 0.3779763 0.0436462 0.0759331 0.4578266 0.3779763 0.0000000 0.0825254 0.0825254 0.5438999 0.0751938 
GCA036784925_Maine_S_alpinus   0.0760663 0.0760663 0.0760663 0.4376951 0.4902195 0.4249127 0.0701336 0.0060104 0.6134482 0.4249127 0.0825254 0.0000000 0.0000010 0.5987343 0.1502167 
GCA045679555_Iceland_A_alpinus 0.0760663 0.0760663 0.0760663 0.4376951 0.4902195 0.4249127 0.0701336 0.0060104 0.6134482 0.4249127 0.0825254 0.0000010 0.0000000 0.5987343 0.1502167 
GCF013265735_Rainbow_Trout     0.4922216 0.4922216 0.5081897 0.7718662 0.9982031 0.7521809 0.5667234 0.5844370 5.5080261 0.7521809 0.5438999 0.5987343 0.5987343 0.0000000 0.5621583 
GCF029448725_Brook_Trout       0.0832675 0.0832675 0.0997534 0.1778311 0.1647386 0.1671044 0.1004767 0.1417414 1.1225634 0.1671044 0.0751938 0.1502167 0.1502167 0.5621583 0.0000000 
