19
251140_Ward_Creek              0.0000000 0.2569857 0.3893810 0.0278865 0.1532912 0.0278865 0.1532912 0.8626369 0.2724856 0.7744086 0.2934772 8.9999985 0.8626369 0.5023228 0.1868701 0.1868701 2.3612316 1.0905805 0.7744086 
260512_Pybus_Point             0.2569857 0.0000000 0.2168630 0.2168630 0.2168630 0.2168630 0.2168630 0.5801955 0.0000010 0.5182799 0.0832948 5.4894566 0.5801955 0.3619870 0.2514221 0.2514221 2.0841272 0.8717191 0.5182799 
261935_Kenai_River             0.3893810 0.2168630 0.0000000 0.3392257 0.2628675 0.3392257 0.2628675 0.3423285 0.2294100 0.2966752 0.1831838 5.9489149 0.3423285 0.3690773 0.3005379 0.3005379 2.2386719 0.8930229 0.2966752 
353213_Cropley_Lake            0.0278865 0.2168630 0.3392257 0.0000000 0.1185355 0.0000010 0.1185355 0.7744086 0.2294100 0.6957353 0.2514221 6.8295327 0.7744086 0.4475735 0.1504052 0.1504052 2.2681819 0.9882822 0.6957353 
353219_Peterson_Creek          0.1532912 0.2168630 0.2628675 0.1185355 0.0000000 0.1185355 0.0000010 0.7744086 0.2294100 0.6957353 0.2514221 6.8295327 0.7744086 0.4475735 0.0274632 0.0274632 2.2681819 0.9882822 0.6957353 
353220_Fish_Creek              0.0278865 0.2168630 0.3392257 0.0000010 0.1185355 0.0000000 0.1185355 0.7744086 0.2294100 0.6957353 0.2514221 6.8295327 0.7744086 0.4475735 0.1504052 0.1504052 2.2681819 0.9882822 0.6957353 
353246_Cottonwood_Creek        0.1532912 0.2168630 0.2628675 0.1185355 0.0000010 0.1185355 0.0000000 0.7744086 0.2294100 0.6957353 0.2514221 6.8295327 0.7744086 0.4475735 0.0274632 0.0274632 2.2681819 0.9882822 0.6957353 
353379_Skagit_River            0.8626369 0.5801955 0.3423285 0.7744086 0.7744086 0.7744086 0.7744086 0.0000000 0.5727667 0.0084501 0.5353589 8.9999988 0.0000010 0.6957353 0.8224090 0.8224090 2.3887945 1.1294993 0.0084501 
353381_Dungeness_River         0.2724856 0.0000010 0.2294100 0.2294100 0.2294100 0.2294100 0.2294100 0.5727667 0.0000000 0.5074992 0.0875877 5.6110925 0.5727667 0.3841098 0.2661510 0.2661510 2.1388115 0.9383290 0.5074992 
353401_Peace_River             0.7744086 0.5182799 0.2966752 0.6957353 0.6957353 0.6957353 0.6957353 0.0084501 0.5074992 0.0000000 0.4757434 8.9999984 0.0084501 0.6250268 0.7420855 0.7420855 2.3126837 1.0481011 0.0000010 
353407_Noatok                  0.2934772 0.0832948 0.1831838 0.2514221 0.2514221 0.2514221 0.2514221 0.5353589 0.0875877 0.4757434 0.0000000 6.3515418 0.5353589 0.4001297 0.2868260 0.2868260 2.0767052 0.9199592 0.4757434 
92319_Little_Lost              8.9999985 5.4894566 5.9489149 6.8295327 6.8295327 6.8295327 6.8295327 8.9999988 5.6110925 8.9999984 6.3515418 0.0000000 8.9999988 5.6232249 5.7603790 5.7603790 9.0000000 8.9999984 8.9999984 
94280_St_Joe                   0.8626369 0.5801955 0.3423285 0.7744086 0.7744086 0.7744086 0.7744086 0.0000010 0.5727667 0.0084501 0.5353589 8.9999988 0.0000000 0.6957353 0.8224090 0.8224090 2.3887945 1.1294993 0.0084501 
GCA016432855_Lake_Trout        0.5023228 0.3619870 0.3690773 0.4475735 0.4475735 0.4475735 0.4475735 0.6957353 0.3841098 0.6250268 0.4001297 5.6232249 0.6957353 0.0000000 0.4875927 0.4875927 2.1287352 0.3168967 0.6250268 
GCA036784925_Maine_S_alpinus   0.1868701 0.2514221 0.3005379 0.1504052 0.0274632 0.1504052 0.0274632 0.8224090 0.2661510 0.7420855 0.2868260 5.7603790 0.8224090 0.4875927 0.0000000 0.0556858 2.2528318 1.0323223 0.7420855 
GCA045679555_Iceland_A_alpinus 0.1868701 0.2514221 0.3005379 0.1504052 0.0274632 0.1504052 0.0274632 0.8224090 0.2661510 0.7420855 0.2868260 5.7603790 0.8224090 0.4875927 0.0556858 0.0000000 2.2528318 1.0323223 0.7420855 
GCF013265735_Rainbow_Trout     2.3612316 2.0841272 2.2386719 2.2681819 2.2681819 2.2681819 2.2681819 2.3887945 2.1388115 2.3126837 2.0767052 9.0000000 2.3887945 2.1287352 2.2528318 2.2528318 0.0000000 2.4972025 2.3126837 
GCF029448725_Brook_Trout       1.0905805 0.8717191 0.8930229 0.9882822 0.9882822 0.9882822 0.9882822 1.1294993 0.9383290 1.0481011 0.9199592 8.9999984 1.1294993 0.3168967 1.0323223 1.0323223 2.4972025 0.0000000 1.0481011 
Methow_River_99895             0.7744086 0.5182799 0.2966752 0.6957353 0.6957353 0.6957353 0.6957353 0.0084501 0.5074992 0.0000010 0.4757434 8.9999984 0.0084501 0.6250268 0.7420855 0.7420855 2.3126837 1.0481011 0.0000000 
