15
251140_Ward_Creek              0.0000000 0.0080279 0.0000010 0.0080279 0.0173803 0.3321690 0.0173803 0.0053448 0.0080279 0.0173803 0.0923440 0.0134156 0.0080279 0.2127775 0.0986902 
260512_Pybus_Point             0.0080279 0.0000000 0.0080279 0.0053333 0.0173599 0.3523628 0.0173599 0.0026624 0.0053333 0.0173599 0.0922280 0.0106949 0.0053333 0.2124639 0.0985659 
261935_Kenai_River             0.0000010 0.0080279 0.0000000 0.0080279 0.0173803 0.3321690 0.0173803 0.0053448 0.0080279 0.0173803 0.0923440 0.0134156 0.0080279 0.2127775 0.0986902 
353246_Cottonwood_Creek        0.0080279 0.0053333 0.0080279 0.0000000 0.0173599 0.3523628 0.0173599 0.0026624 0.0053333 0.0173599 0.0922280 0.0106949 0.0053333 0.2124639 0.0976623 
353379_Skagit_River            0.0173803 0.0173599 0.0173803 0.0173599 0.0000000 0.3930253 0.0000010 0.0144458 0.0115401 0.0000010 0.0857001 0.0173599 0.0115401 0.2082192 0.0919969 
353381_Dungeness_River         0.3321690 0.3523628 0.3321690 0.3523628 0.3930253 0.0000000 0.3930253 0.3427828 0.3523628 0.3930253 0.7340247 0.3718054 0.3523628 2.0835344 0.7456398 
353401_Peace_River             0.0173803 0.0173599 0.0173803 0.0173599 0.0000010 0.3930253 0.0000000 0.0144458 0.0115401 0.0000010 0.0857001 0.0173599 0.0115401 0.2082192 0.0919969 
353407_Noatok                  0.0053448 0.0026624 0.0053448 0.0026624 0.0144458 0.3427828 0.0144458 0.0000000 0.0026624 0.0144458 0.0890125 0.0080105 0.0026624 0.2085253 0.0953339 
353410_Horizon_Lake            0.0080279 0.0053333 0.0080279 0.0053333 0.0115401 0.3523628 0.0115401 0.0026624 0.0000000 0.0115401 0.0858074 0.0053333 0.0000010 0.2085253 0.0921123 
92319_Little_Lost              0.0173803 0.0173599 0.0173803 0.0173599 0.0000010 0.3930253 0.0000010 0.0144458 0.0115401 0.0000000 0.0857001 0.0173599 0.0115401 0.2082192 0.0919969 
GCA016432855_Lake_Trout        0.0923440 0.0922280 0.0923440 0.0922280 0.0857001 0.7340247 0.0857001 0.0890125 0.0858074 0.0857001 0.0000000 0.0922280 0.0858074 0.3022148 0.0202837 
GCA036784925_Maine_S_alpinus   0.0134156 0.0106949 0.0134156 0.0106949 0.0173599 0.3718054 0.0173599 0.0080105 0.0053333 0.0173599 0.0922280 0.0000000 0.0053333 0.2164180 0.0985659 
GCA045679555_Iceland_A_alpinus 0.0080279 0.0053333 0.0080279 0.0053333 0.0115401 0.3523628 0.0115401 0.0026624 0.0000010 0.0115401 0.0858074 0.0053333 0.0000000 0.2085253 0.0921123 
GCF013265735_Rainbow_Trout     0.2127775 0.2124639 0.2127775 0.2124639 0.2082192 2.0835344 0.2082192 0.2085253 0.2085253 0.2082192 0.3022148 0.2164180 0.2085253 0.0000000 0.3110861 
GCF029448725_Brook_Trout       0.0986902 0.0985659 0.0986902 0.0976623 0.0919969 0.7456398 0.0919969 0.0953339 0.0921123 0.0919969 0.0202837 0.0985659 0.0921123 0.3110861 0.0000000 
