16
251140_Ward_Creek              0.0000000 0.0000010 0.0046265 0.0023111 0.0059254 0.0089876 0.0000010 0.0089876 0.0023092 0.0092806 0.0131918 0.0092806 0.8370226 0.0069529 0.0502352 0.0139874 
260512_Pybus_Point             0.0000010 0.0000000 0.0046265 0.0023111 0.0059254 0.0089876 0.0000010 0.0089876 0.0023092 0.0092806 0.0131918 0.0092806 0.8370226 0.0069529 0.0502352 0.0139874 
261935_Kenai_River             0.0046265 0.0046265 0.0000000 0.0069560 0.0000010 0.0150372 0.0064499 0.0150372 0.0023095 0.0092818 0.0221134 0.0092818 0.8355792 0.0069538 0.0502404 0.0139891 
353213_Cropley_Lake            0.0023111 0.0023111 0.0069560 0.0000000 0.0089148 0.0120193 0.0032213 0.0120193 0.0046303 0.0116279 0.0176673 0.0116279 0.8479992 0.0092922 0.0527549 0.0163570 
353246_Cottonwood_Creek        0.0059254 0.0059254 0.0000010 0.0089148 0.0000000 0.0210352 0.0092898 0.0210352 0.0029575 0.0118995 0.0221134 0.0118995 1.8923296 0.0089112 0.0586062 0.0179594 
353379_Skagit_River            0.0089876 0.0089876 0.0150372 0.0120193 0.0210352 0.0000000 0.0096946 0.0000010 0.0120064 0.0089730 0.0000010 0.0029811 0.8940448 0.0059737 0.0525412 0.0059799 
353381_Dungeness_River         0.0000010 0.0000010 0.0064499 0.0032213 0.0092898 0.0096946 0.0000000 0.0096946 0.0032175 0.0129528 0.0147723 0.0129528 0.9925463 0.0097001 0.0637566 0.0162432 
353401_Peace_River             0.0089876 0.0089876 0.0150372 0.0120193 0.0210352 0.0000010 0.0096946 0.0000000 0.0120064 0.0089730 0.0000010 0.0029811 0.8940448 0.0059737 0.0525412 0.0059799 
353407_Noatok                  0.0023092 0.0023092 0.0023095 0.0046303 0.0029575 0.0120064 0.0032175 0.0120064 0.0000000 0.0069509 0.0176396 0.0069509 0.8267873 0.0046289 0.0477728 0.0116399 
353410_Horizon_Lake            0.0092806 0.0092806 0.0092818 0.0116279 0.0118995 0.0089730 0.0129528 0.0089730 0.0069509 0.0000000 0.0131605 0.0046212 0.8093245 0.0023075 0.0452548 0.0092863 
92319_Little_Lost              0.0131918 0.0131918 0.0221134 0.0176673 0.0221134 0.0000010 0.0147723 0.0000010 0.0176396 0.0131605 0.0000000 0.0043652 2.7618640 0.0087555 0.0687750 0.0087689 
GCA016432855_Lake_Trout        0.0092806 0.0092806 0.0092818 0.0116279 0.0118995 0.0029811 0.0129528 0.0029811 0.0069509 0.0046212 0.0043652 0.0000000 0.8093245 0.0023075 0.0403825 0.0046311 
GCA036784925_Maine_S_alpinus   0.8370226 0.8370226 0.8355792 0.8479992 1.8923296 0.8940448 0.9925463 0.8940448 0.8267873 0.8093245 2.7618640 0.8093245 0.0000000 0.8180355 0.9041471 0.7987473 
GCA045679555_Iceland_A_alpinus 0.0069529 0.0069529 0.0069538 0.0092922 0.0089112 0.0059737 0.0097001 0.0059737 0.0046289 0.0023075 0.0087555 0.0023075 0.8180355 0.0000000 0.0428249 0.0069571 
GCF013265735_Rainbow_Trout     0.0502352 0.0502352 0.0502404 0.0527549 0.0586062 0.0525412 0.0637566 0.0525412 0.0477728 0.0452548 0.0687750 0.0403825 0.9041471 0.0428249 0.0000000 0.0453583 
GCF029448725_Brook_Trout       0.0139874 0.0139874 0.0139891 0.0163570 0.0179594 0.0059799 0.0162432 0.0059799 0.0116399 0.0092863 0.0087689 0.0046311 0.7987473 0.0069571 0.0453583 0.0000000 
