16
251140_Ward_Creek              0.0000000 0.0444794 0.0051951 0.0468774 0.0000010 0.0493463 0.0065596 0.0065596 0.0493463 0.0065516 0.0242075 0.0065596 0.0065516 0.0087453 0.0471633 0.0087560 
260512_Pybus_Point             0.0444794 0.0000000 0.0106714 0.0022197 0.0444794 0.0044500 0.0507507 0.0507507 0.0044500 0.0517591 0.0980450 0.0518277 0.0517591 0.0541785 0.0970289 0.0531223 
261935_Kenai_River             0.0051951 0.0106714 0.0000000 0.0053211 0.0051951 0.0215255 0.0157150 0.0157150 0.0215255 0.0210099 0.3103151 0.0157150 0.0210099 0.0210099 0.1112310 0.0210718 
353213_Cropley_Lake            0.0468774 0.0022197 0.0053211 0.0000000 0.0468774 0.0066823 0.0531223 0.0531223 0.0066823 0.0541785 0.1020196 0.0542503 0.0541785 0.0566034 0.0995822 0.0554987 
353219_Peterson_Creek          0.0000010 0.0444794 0.0051951 0.0468774 0.0000000 0.0493463 0.0065596 0.0065596 0.0493463 0.0065516 0.0242075 0.0065596 0.0065516 0.0087453 0.0471633 0.0087560 
353246_Cottonwood_Creek        0.0493463 0.0044500 0.0215255 0.0066823 0.0493463 0.0000000 0.0506860 0.0506860 0.0000010 0.0468774 0.0978364 0.0517591 0.0468774 0.0492812 0.0968954 0.0530534 
353379_Skagit_River            0.0065596 0.0507507 0.0157150 0.0531223 0.0065596 0.0506860 0.0000000 0.0000010 0.0506860 0.0087453 0.0166491 0.0087560 0.0087453 0.0109439 0.0448658 0.0107454 
353401_Peace_River             0.0065596 0.0507507 0.0157150 0.0531223 0.0065596 0.0506860 0.0000010 0.0000000 0.0506860 0.0087453 0.0166491 0.0087560 0.0087453 0.0109439 0.0448658 0.0107454 
353407_Noatok                  0.0493463 0.0044500 0.0215255 0.0066823 0.0493463 0.0000010 0.0506860 0.0506860 0.0000000 0.0468774 0.0978364 0.0517591 0.0468774 0.0492812 0.0968954 0.0530534 
353410_Horizon_Lake            0.0065516 0.0517591 0.0210099 0.0541785 0.0065516 0.0468774 0.0087453 0.0087453 0.0468774 0.0000000 0.0241608 0.0087453 0.0000010 0.0021761 0.0494055 0.0109439 
92319_Little_Lost              0.0242075 0.0980450 0.3103151 0.1020196 0.0242075 0.0978364 0.0166491 0.0166491 0.0978364 0.0241608 0.0000000 0.0277148 0.0241608 0.0276611 0.0788192 0.0302896 
GCA016432855_Lake_Trout        0.0065596 0.0518277 0.0157150 0.0542503 0.0065596 0.0517591 0.0087560 0.0087560 0.0517591 0.0087453 0.0277148 0.0000000 0.0087453 0.0109439 0.0448658 0.0065596 
GCA036784925_Maine_S_alpinus   0.0065516 0.0517591 0.0210099 0.0541785 0.0065516 0.0468774 0.0087453 0.0087453 0.0468774 0.0000010 0.0241608 0.0087453 0.0000000 0.0021761 0.0494055 0.0109439 
GCA045679555_Iceland_A_alpinus 0.0087453 0.0541785 0.0210099 0.0566034 0.0087453 0.0492812 0.0109439 0.0109439 0.0492812 0.0021761 0.0276611 0.0109439 0.0021761 0.0000000 0.0517114 0.0131475 
GCF013265735_Rainbow_Trout     0.0471633 0.0970289 0.1112310 0.0995822 0.0471633 0.0968954 0.0448658 0.0448658 0.0968954 0.0494055 0.0788192 0.0448658 0.0494055 0.0517114 0.0000000 0.0471633 
GCF029448725_Brook_Trout       0.0087560 0.0531223 0.0210718 0.0554987 0.0087560 0.0530534 0.0107454 0.0107454 0.0530534 0.0109439 0.0302896 0.0065596 0.0109439 0.0131475 0.0471633 0.0000000 
