18
251140_Ward_Creek              0.0000000 0.0065237 0.0032570 0.0032570 0.0000010 0.0637622 0.0000010 0.0600170 0.0098278 0.0065308 0.0601227 0.0636777 0.0504297 0.0098119 0.0098119 0.2340058 0.0709797 0.0601227 
260512_Pybus_Point             0.0065237 0.0000000 0.0032570 0.0032570 0.0065237 0.0711056 0.0206196 0.0673216 0.0164339 0.0131066 0.0674407 0.0710111 0.0573504 0.0164072 0.0164072 0.2434615 0.0783637 0.0674407 
261935_Kenai_River             0.0032570 0.0032570 0.0000000 0.0000010 0.0032570 0.0674407 0.0102619 0.0636754 0.0131278 0.0098156 0.0637878 0.0673512 0.0538943 0.0131065 0.0131065 0.2387822 0.0746800 0.0637878 
353213_Cropley_Lake            0.0032570 0.0032570 0.0000010 0.0000000 0.0032570 0.0674407 0.0102619 0.0636754 0.0131278 0.0098156 0.0637878 0.0673512 0.0538943 0.0131065 0.0131065 0.2387822 0.0746800 0.0637878 
353220_Fish_Creek              0.0000010 0.0065237 0.0032570 0.0032570 0.0000000 0.0637622 0.0000010 0.0600170 0.0098278 0.0065308 0.0601227 0.0636777 0.0504297 0.0098119 0.0098119 0.2340058 0.0709797 0.0601227 
353379_Skagit_River            0.0637622 0.0711056 0.0674407 0.0674407 0.0637622 0.0000000 0.2489749 0.0102073 0.0601006 0.0563762 0.0033830 0.0136361 0.0382055 0.0599950 0.0599950 0.2248288 0.0562265 0.0033830 
353381_Dungeness_River         0.0000010 0.0206196 0.0102619 0.0102619 0.0000010 0.2489749 0.0000000 0.2164832 0.0313570 0.0207000 0.2335576 0.2319709 0.1586324 0.0311951 0.0311951 1.3854984 0.2472055 0.2335576 
353401_Peace_River             0.0600170 0.0673216 0.0636754 0.0636754 0.0600170 0.0102073 0.2164832 0.0000000 0.0563753 0.0526759 0.0067945 0.0033858 0.0346183 0.0562766 0.0562766 0.2102747 0.0525367 0.0067945 
353407_Noatok                  0.0098278 0.0164339 0.0131278 0.0131278 0.0098278 0.0601006 0.0313570 0.0563753 0.0000000 0.0032600 0.0564743 0.0600212 0.0469799 0.0065286 0.0065286 0.2292561 0.0672967 0.0564743 
353410_Horizon_Lake            0.0065308 0.0131066 0.0098156 0.0098156 0.0065308 0.0563762 0.0207000 0.0526759 0.0032600 0.0000000 0.0527681 0.0563019 0.0434863 0.0032547 0.0032547 0.2241700 0.0635410 0.0527681 
92319_Little_Lost              0.0601227 0.0674407 0.0637878 0.0637878 0.0601227 0.0033830 0.2335576 0.0067945 0.0564743 0.0527681 0.0000000 0.0102115 0.0346779 0.0563753 0.0563753 0.2201420 0.0526284 0.0000010 
94280_St_Joe                   0.0636777 0.0710111 0.0673512 0.0673512 0.0636777 0.0136361 0.2319709 0.0033858 0.0600212 0.0563019 0.0102115 0.0000000 0.0381559 0.0599158 0.0599158 0.2150327 0.0561526 0.0102115 
GCA016432855_Lake_Trout        0.0504297 0.0573504 0.0538943 0.0538943 0.0504297 0.0382055 0.1586324 0.0346183 0.0469799 0.0434863 0.0346779 0.0381559 0.0000000 0.0469017 0.0469017 0.2142928 0.0170981 0.0346779 
GCA036784925_Maine_S_alpinus   0.0098119 0.0164072 0.0131065 0.0131065 0.0098119 0.0599950 0.0311951 0.0562766 0.0065286 0.0032547 0.0563753 0.0599158 0.0469017 0.0000000 0.0000010 0.2287658 0.0671781 0.0563753 
GCA045679555_Iceland_A_alpinus 0.0098119 0.0164072 0.0131065 0.0131065 0.0098119 0.0599950 0.0311951 0.0562766 0.0065286 0.0032547 0.0563753 0.0599158 0.0469017 0.0000010 0.0000000 0.2287658 0.0671781 0.0563753 
GCF013265735_Rainbow_Trout     0.2340058 0.2434615 0.2387822 0.2387822 0.2340058 0.2248288 1.3854984 0.2102747 0.2292561 0.2241700 0.2201420 0.2150327 0.2142928 0.2287658 0.2287658 0.0000000 0.2445501 0.2201420 
GCF029448725_Brook_Trout       0.0709797 0.0783637 0.0746800 0.0746800 0.0709797 0.0562265 0.2472055 0.0525367 0.0672967 0.0635410 0.0526284 0.0561526 0.0170981 0.0671781 0.0671781 0.2445501 0.0000000 0.0526284 
Methow_River_99895             0.0601227 0.0674407 0.0637878 0.0637878 0.0601227 0.0033830 0.2335576 0.0067945 0.0564743 0.0527681 0.0000010 0.0102115 0.0346779 0.0563753 0.0563753 0.2201420 0.0526284 0.0000000 
