19
251140_Ward_Creek              0.0000000 0.0000010 0.0015993 0.0020807 0.0032498 0.0020807 0.1083751 0.0074878 0.1867976 0.0074972 0.0231594 0.0231012 0.0074972 0.0085986 0.0074731 0.0020809 0.0185340 0.2602778 0.0651355 
260512_Pybus_Point             0.0000010 0.0000000 0.0015993 0.0020807 0.0032498 0.0020807 0.1083751 0.0074878 0.1867976 0.0074972 0.0231594 0.0231012 0.0074972 0.0085986 0.0074731 0.0020809 0.0185340 0.2602778 0.0651355 
261935_Kenai_River             0.0015993 0.0015993 0.0000000 0.0032154 0.0068718 0.0032154 0.2377794 0.0131404 8.9999989 0.0131651 0.0370372 0.0387706 0.0131651 0.0148934 0.0132984 0.0048387 0.0312657 3.8874059 0.1115148 
353213_Cropley_Lake            0.0020807 0.0020807 0.0032154 0.0000000 0.0032455 0.0000010 0.1132904 0.0074779 0.1773127 0.0074872 0.0231260 0.0230682 0.0074872 0.0085871 0.0074632 0.0020782 0.0185081 0.2586373 0.0650125 
353219_Peterson_Creek          0.0032498 0.0032498 0.0068718 0.0032455 0.0000000 0.0032455 0.1166371 0.0066511 0.2092874 0.0066597 0.0228830 0.0199755 0.0066597 0.0077981 0.0066375 0.0010774 0.0180894 0.2848696 0.0666409 
353220_Fish_Creek              0.0020807 0.0020807 0.0032154 0.0000010 0.0032455 0.0000000 0.1132904 0.0074779 0.1773127 0.0074872 0.0231260 0.0230682 0.0074872 0.0085871 0.0074632 0.0020782 0.0185081 0.2586373 0.0650125 
353246_Cottonwood_Creek        0.1083751 0.1083751 0.2377794 0.1132904 0.1166371 0.1132904 0.0000000 0.1058333 0.0132324 0.1081987 0.1238129 0.1145157 0.1081987 0.1106215 0.1227637 0.1087341 0.1214811 0.0910177 0.0496856 
353379_Skagit_River            0.0074878 0.0074878 0.0131404 0.0074779 0.0066511 0.0074779 0.1058333 0.0000000 0.1726193 0.0017947 0.0340879 0.0339949 0.0017947 0.0026999 0.0085894 0.0053195 0.0291897 0.2380888 0.0611946 
353381_Dungeness_River         0.1867976 0.1867976 8.9999989 0.1773127 0.2092874 0.1773127 0.0132324 0.1726193 0.0000000 0.1735341 0.2198474 0.1962165 0.1735341 0.1781772 0.2139329 0.1856198 0.2092754 0.1387091 0.0778348 
353401_Peace_River             0.0074972 0.0074972 0.0131651 0.0074872 0.0066597 0.0074872 0.1081987 0.0017947 0.1735341 0.0000000 0.0341373 0.0340440 0.0000010 0.0008958 0.0086002 0.0053260 0.0292309 0.2393255 0.0612952 
353407_Noatok                  0.0231594 0.0231594 0.0370372 0.0231260 0.0228830 0.0231260 0.1238129 0.0340879 0.2198474 0.0341373 0.0000000 0.0082544 0.0341373 0.0354149 0.0270481 0.0206305 0.0040553 0.2954711 0.0750192 
353410_Horizon_Lake            0.0231012 0.0231012 0.0387706 0.0230682 0.0199755 0.0230682 0.1145157 0.0339949 0.1962165 0.0340440 0.0082544 0.0000000 0.0340440 0.0353173 0.0269767 0.0207813 0.0040836 0.2684417 0.0762376 
92319_Little_Lost              0.0074972 0.0074972 0.0131651 0.0074872 0.0066597 0.0074872 0.1081987 0.0017947 0.1735341 0.0000010 0.0341373 0.0340440 0.0000000 0.0008958 0.0086002 0.0053260 0.0292309 0.2393255 0.0612952 
94280_St_Joe                   0.0085986 0.0085986 0.0148934 0.0085871 0.0077981 0.0085871 0.1106215 0.0026999 0.1781772 0.0008958 0.0354149 0.0353173 0.0008958 0.0000000 0.0097098 0.0064137 0.0304729 0.2438586 0.0627401 
GCA016432855_Lake_Trout        0.0074731 0.0074731 0.0132984 0.0074632 0.0066375 0.0074632 0.1227637 0.0085894 0.2139329 0.0086002 0.0270481 0.0269767 0.0086002 0.0097098 0.0000000 0.0053090 0.0222751 0.2603033 0.0602660 
GCA036784925_Maine_S_alpinus   0.0020809 0.0020809 0.0048387 0.0020782 0.0010774 0.0020782 0.1087341 0.0053195 0.1856198 0.0053260 0.0206305 0.0207813 0.0053260 0.0064137 0.0053090 0.0000000 0.0161047 0.2586670 0.0621458 
GCA045679555_Iceland_A_alpinus 0.0185340 0.0185340 0.0312657 0.0185081 0.0180894 0.0185081 0.1214811 0.0291897 0.2092754 0.0292309 0.0040553 0.0040836 0.0292309 0.0304729 0.0222751 0.0161047 0.0000000 0.2797193 0.0703090 
GCF013265735_Rainbow_Trout     0.2602778 0.2602778 3.8874059 0.2586373 0.2848696 0.2586373 0.0910177 0.2380888 0.1387091 0.2393255 0.2954711 0.2684417 0.2393255 0.2438586 0.2603033 0.2586670 0.2797193 0.0000000 0.1409660 
GCF029448725_Brook_Trout       0.0651355 0.0651355 0.1115148 0.0650125 0.0666409 0.0650125 0.0496856 0.0611946 0.0778348 0.0612952 0.0750192 0.0762376 0.0612952 0.0627401 0.0602660 0.0621458 0.0703090 0.1409660 0.0000000 
