19
251140_Ward_Creek            0.0000000 0.0020013 0.0040075 0.0040115 0.0020021 0.0040115 0.0046074 0.0069222 0.0046128 0.0060183 0.0040076 0.0040075 0.0092384 0.0060183 0.0643780 0.0020021 0.2923029 0.1246957 0.0069222 
260512_Pybus_Point           0.0020013 0.0000000 0.0060160 0.0060221 0.0040075 0.0060221 0.0069191 0.0092384 0.0069272 0.0080319 0.0060162 0.0060160 0.0115590 0.0080319 0.0643780 0.0040075 0.2923029 0.1246957 0.0092384 
261935_Kenai_River           0.0040075 0.0060160 0.0000000 0.0040115 0.0020021 0.0040115 0.0000010 0.0069222 0.0046128 0.0060183 0.0040076 0.0000010 0.0092384 0.0060183 0.0643780 0.0020021 0.2923029 0.1246957 0.0069222 
353213_Cropley_Lake          0.0040115 0.0060221 0.0040115 0.0000000 0.0020042 0.0000010 0.0046128 0.0069303 0.0000010 0.0060245 0.0040117 0.0040115 0.0092492 0.0060245 0.0604951 0.0020042 0.2928244 0.1187380 0.0069303 
353219_Peterson_Creek        0.0020021 0.0040075 0.0020021 0.0020042 0.0000000 0.0020042 0.0023016 0.0046095 0.0023043 0.0040090 0.0020022 0.0020021 0.0069222 0.0040090 0.0604951 0.0000010 0.2885671 0.1187380 0.0046095 
353220_Fish_Creek            0.0040115 0.0060221 0.0040115 0.0000010 0.0020042 0.0000000 0.0046128 0.0069303 0.0000010 0.0060245 0.0040117 0.0040115 0.0092492 0.0060245 0.0604951 0.0020042 0.2928244 0.1187380 0.0069303 
353246_Cottonwood_Creek      0.0046074 0.0069191 0.0000010 0.0046128 0.0023016 0.0046128 0.0000000 0.0069222 0.0046128 0.0069222 0.0046076 0.0000010 0.0092384 0.0069222 0.0643780 0.0023016 0.2091427 0.1246957 0.0069222 
353379_Skagit_River          0.0069222 0.0092384 0.0069222 0.0069303 0.0046095 0.0069303 0.0069222 0.0000000 0.0069303 0.0000010 0.0069225 0.0069222 0.0021660 0.0000010 0.1153216 0.0046095 0.2582190 0.1951490 0.0000010 
353381_Dungeness_River       0.0046128 0.0069272 0.0046128 0.0000010 0.0023043 0.0000010 0.0046128 0.0069303 0.0000000 0.0069303 0.0046130 0.0046128 0.0092492 0.0069303 0.0604951 0.0023043 0.2095608 0.1187380 0.0069303 
353401_Peace_River           0.0060183 0.0080319 0.0060183 0.0060245 0.0040090 0.0060245 0.0069222 0.0000010 0.0069303 0.0000000 0.0060186 0.0060183 0.0021660 0.0000010 0.1153216 0.0040090 0.3324253 0.1951490 0.0000010 
353407_Noatok                0.0040076 0.0060162 0.0040076 0.0040117 0.0020022 0.0040117 0.0046076 0.0069225 0.0046130 0.0060186 0.0000000 0.0040076 0.0092388 0.0060186 0.0643830 0.0020022 0.2885671 0.1247096 0.0069225 
353410_Horizon_Lake          0.0040075 0.0060160 0.0000010 0.0040115 0.0020021 0.0040115 0.0000010 0.0069222 0.0046128 0.0060183 0.0040076 0.0000000 0.0092384 0.0060183 0.0643780 0.0020021 0.2923029 0.1246957 0.0069222 
92319_Little_Lost            0.0092384 0.0115590 0.0092384 0.0092492 0.0069222 0.0092492 0.0092384 0.0021660 0.0092492 0.0021660 0.0092388 0.0092384 0.0000000 0.0021660 0.1191086 0.0069222 0.2622695 0.2008895 0.0021660 
94280_St_Joe                 0.0060183 0.0080319 0.0060183 0.0060245 0.0040090 0.0060245 0.0069222 0.0000010 0.0069303 0.0000010 0.0060186 0.0060183 0.0021660 0.0000000 0.1153216 0.0040090 0.3324253 0.1951490 0.0000010 
GCA016432855_Lake_Trout      0.0643780 0.0643780 0.0643780 0.0604951 0.0604951 0.0604951 0.0643780 0.1153216 0.0604951 0.1153216 0.0643830 0.0643780 0.1191086 0.1153216 0.0000000 0.0604951 0.2162984 0.0397405 0.1153216 
GCA036784925_Maine_S_alpinus 0.0020021 0.0040075 0.0020021 0.0020042 0.0000010 0.0020042 0.0023016 0.0046095 0.0023043 0.0040090 0.0020022 0.0020021 0.0069222 0.0040090 0.0604951 0.0000000 0.2885671 0.1187380 0.0046095 
GCF013265735_Rainbow_Trout   0.2923029 0.2923029 0.2923029 0.2928244 0.2885671 0.2928244 0.2091427 0.2582190 0.2095608 0.3324253 0.2885671 0.2923029 0.2622695 0.3324253 0.2162984 0.2885671 0.0000000 0.3225469 0.2582190 
GCF029448725_Brook_Trout     0.1246957 0.1246957 0.1246957 0.1187380 0.1187380 0.1187380 0.1246957 0.1951490 0.1187380 0.1951490 0.1247096 0.1246957 0.2008895 0.1951490 0.0397405 0.1187380 0.3225469 0.0000000 0.1951490 
Methow_River_99895           0.0069222 0.0092384 0.0069222 0.0069303 0.0046095 0.0069303 0.0069222 0.0000010 0.0069303 0.0000010 0.0069225 0.0069222 0.0021660 0.0000010 0.1153216 0.0046095 0.2582190 0.1951490 0.0000000 
