9
251140_Ward_Creek            0.0000000 0.0000010 0.0095086 3.6377539 0.0095086 0.0031595 0.0031595 0.0422717 0.0031644 
260512_Pybus_Point           0.0000010 0.0000000 0.0095086 3.6377539 0.0095086 0.0031595 0.0031595 0.0422717 0.0031644 
353379_Skagit_River          0.0095086 0.0095086 0.0000000 3.7367123 0.0000010 0.0126982 0.0126982 0.0455981 0.0095234 
353381_Dungeness_River       3.6377539 3.6377539 3.7367123 0.0000000 3.7367123 3.7367123 3.6377539 3.1329765 3.6377539 
353401_Peace_River           0.0095086 0.0095086 0.0000010 3.7367123 0.0000000 0.0126982 0.0126982 0.0455981 0.0095234 
GCA016432855_Lake_Trout      0.0031595 0.0031595 0.0126982 3.7367123 0.0126982 0.0000000 0.0063291 0.0455981 0.0063389 
GCA036784925_Maine_S_alpinus 0.0031595 0.0031595 0.0126982 3.6377539 0.0126982 0.0063291 0.0000000 0.0455981 0.0063389 
GCF013265735_Rainbow_Trout   0.0422717 0.0422717 0.0455981 3.1329765 0.0455981 0.0455981 0.0455981 0.0000000 0.0423394 
GCF029448725_Brook_Trout     0.0031644 0.0031644 0.0095234 3.6377539 0.0095234 0.0063389 0.0063389 0.0423394 0.0000000 
