15
251140_Ward_Creek              0.0000000 0.0017168 0.0086322 0.0000010 0.0017168 0.0349252 0.0000010 0.0349252 0.0068918 0.0017168 0.0190944 0.0017185 0.0017168 0.1232610 0.0317213 
260512_Pybus_Point             0.0017168 0.0000000 0.0103680 0.0017168 0.0000010 0.0393811 0.0000010 0.0393811 0.0086236 0.0034366 0.0208492 0.0034400 0.0034366 0.1281407 0.0317213 
261935_Kenai_River             0.0086322 0.0103680 0.0000000 0.0086322 0.0103680 0.0349252 0.0627683 0.0349252 0.0017185 0.0103680 0.0173421 0.0103785 0.0103680 0.1232610 0.0294207 
353213_Cropley_Lake            0.0000010 0.0017168 0.0086322 0.0000000 0.0017168 0.0349252 0.0000010 0.0349252 0.0068918 0.0017168 0.0190944 0.0017185 0.0017168 0.1232610 0.0317213 
353219_Peterson_Creek          0.0017168 0.0000010 0.0103680 0.0017168 0.0000000 0.0393811 0.0000010 0.0393811 0.0086236 0.0034366 0.0208492 0.0034400 0.0034366 0.1281407 0.0317213 
353379_Skagit_River            0.0349252 0.0393811 0.0349252 0.0349252 0.0393811 0.0000000 0.1106605 0.0000010 0.0304122 0.0393811 0.0303351 0.0394824 0.0393811 0.1233377 0.0819486 
353381_Dungeness_River         0.0000010 0.0000010 0.0627683 0.0000010 0.0000010 0.1106605 0.0000000 0.1106605 0.0462656 0.0150426 0.1473871 0.0000010 0.0150426 0.5888173 0.1775783 
353401_Peace_River             0.0349252 0.0393811 0.0349252 0.0349252 0.0393811 0.0000010 0.1106605 0.0000000 0.0304122 0.0393811 0.0303351 0.0394824 0.0393811 0.1233377 0.0819486 
353407_Noatok                  0.0068918 0.0086236 0.0017185 0.0068918 0.0086236 0.0304122 0.0462656 0.0304122 0.0000000 0.0086236 0.0155784 0.0086322 0.0086236 0.1180841 0.0270896 
353410_Horizon_Lake            0.0017168 0.0034366 0.0103680 0.0017168 0.0034366 0.0393811 0.0150426 0.0393811 0.0086236 0.0000000 0.0208492 0.0034400 0.0034366 0.1281407 0.0340280 
GCA016432855_Lake_Trout        0.0190944 0.0208492 0.0173421 0.0190944 0.0208492 0.0303351 0.1473871 0.0303351 0.0155784 0.0208492 0.0000000 0.0208703 0.0208492 0.1081811 0.0293431 
GCA036784925_Maine_S_alpinus   0.0017185 0.0034400 0.0103785 0.0017185 0.0034400 0.0394824 0.0000010 0.0394824 0.0086322 0.0034400 0.0208703 0.0000000 0.0034400 0.1284927 0.0340732 
GCA045679555_Iceland_A_alpinus 0.0017168 0.0034366 0.0103680 0.0017168 0.0034366 0.0393811 0.0150426 0.0393811 0.0086236 0.0034366 0.0208492 0.0034400 0.0000000 0.1281407 0.0340280 
GCF013265735_Rainbow_Trout     0.1232610 0.1281407 0.1232610 0.1232610 0.1281407 0.1233377 0.5888173 0.1233377 0.1180841 0.1281407 0.1081811 0.1284927 0.1281407 0.0000000 0.2809956 
GCF029448725_Brook_Trout       0.0317213 0.0317213 0.0294207 0.0317213 0.0317213 0.0819486 0.1775783 0.0819486 0.0270896 0.0340280 0.0293431 0.0340732 0.0340280 0.2809956 0.0000000 
