15
251140_Ward_Creek              0.0000000 0.0413473 0.0000010 0.0484865 0.0851183 0.0000010 0.0851183 0.0687708 0.0269602 0.1030206 0.0989095 0.0269602 0.0407110 0.7355151 0.0697496 
260512_Pybus_Point             0.0413473 0.0000000 0.0413473 0.1020601 0.1438568 0.0472180 0.1438568 0.1149053 0.0703095 0.1633443 0.1477910 0.0703095 0.0849643 0.8684224 0.1166422 
261935_Kenai_River             0.0000010 0.0413473 0.0000000 0.0484865 0.0851183 0.0000010 0.0851183 0.0687708 0.0269602 0.1030206 0.0989095 0.0269602 0.0407110 0.7355151 0.0697496 
353246_Cottonwood_Creek        0.0484865 0.1020601 0.0484865 0.0000000 0.1021196 0.0567637 0.1021196 0.0317843 0.0480712 0.1201649 0.1356777 0.0480712 0.0646085 0.8264889 0.1001888 
353379_Skagit_River            0.0851183 0.1438568 0.0851183 0.1021196 0.0000000 0.1005840 0.0000010 0.1385325 0.0843514 0.0157898 0.1793750 0.0843514 0.1020953 0.9739414 0.1410910 
353381_Dungeness_River         0.0000010 0.0472180 0.0000010 0.0567637 0.1005840 0.0000000 0.1005840 0.0785127 0.0306929 0.1219397 0.1133687 0.0306929 0.0463902 0.9262535 0.0797955 
353401_Peace_River             0.0851183 0.1438568 0.0851183 0.1021196 0.0000010 0.1005840 0.0000000 0.1385325 0.0843514 0.0157898 0.1793750 0.0843514 0.1020953 0.9739414 0.1410910 
353407_Noatok                  0.0687708 0.1149053 0.0687708 0.0317843 0.1385325 0.0785127 0.1385325 0.0000000 0.0682694 0.1572348 0.1432687 0.0403871 0.0824805 0.8218950 0.1131265 
353410_Horizon_Lake            0.0269602 0.0703095 0.0269602 0.0480712 0.0843514 0.0306929 0.0843514 0.0682694 0.0000000 0.1020849 0.0981695 0.0267672 0.0132877 0.7268609 0.0692337 
94280_St_Joe                   0.1030206 0.1633443 0.1030206 0.1201649 0.0157898 0.1219397 0.0157898 0.1572348 0.1020849 0.0000000 0.1991772 0.1020849 0.1201398 1.0197669 0.1601866 
GCA016432855_Lake_Trout        0.0989095 0.1477910 0.0989095 0.1356777 0.1793750 0.1133687 0.1793750 0.1432687 0.0981695 0.1991772 0.0000000 0.0981695 0.1129863 0.9180359 0.1145547 
GCA036784925_Maine_S_alpinus   0.0269602 0.0703095 0.0269602 0.0480712 0.0843514 0.0306929 0.0843514 0.0403871 0.0267672 0.1020849 0.0981695 0.0000000 0.0404178 0.7268609 0.0692337 
GCA045679555_Iceland_A_alpinus 0.0407110 0.0849643 0.0407110 0.0646085 0.1020953 0.0463902 0.1020953 0.0824805 0.0132877 0.1201398 0.1129863 0.0404178 0.0000000 0.7573294 0.0836593 
GCF013265735_Rainbow_Trout     0.7355151 0.8684224 0.7355151 0.8264889 0.9739414 0.9262535 0.9739414 0.8218950 0.7268609 1.0197669 0.9180359 0.7268609 0.7573294 0.0000000 0.8494177 
GCF029448725_Brook_Trout       0.0697496 0.1166422 0.0697496 0.1001888 0.1410910 0.0797955 0.1410910 0.1131265 0.0692337 0.1601866 0.1145547 0.0692337 0.0836593 0.8494177 0.0000000 
