14
251140_Ward_Creek          0.0000000 0.0158787 0.0240294 0.0158787 0.0079065 0.0079065 0.0604437 0.0322817 0.0604437 0.0240294 0.0079065 0.1029319 0.4346303 0.0608048 
260512_Pybus_Point         0.0158787 0.0000000 0.0240294 0.0000010 0.0079065 0.0079065 0.0604437 0.0000010 0.0604437 0.0240294 0.0079065 0.1029319 0.4346303 0.0608048 
261935_Kenai_River         0.0240294 0.0240294 0.0000000 0.0240294 0.0321745 0.0159526 0.0504008 0.0493083 0.0504008 0.0000010 0.0159526 0.0927000 0.4244444 0.0507014 
353213_Cropley_Lake        0.0158787 0.0000010 0.0240294 0.0000000 0.0079065 0.0079065 0.0604437 0.0000010 0.0604437 0.0240294 0.0079065 0.1029319 0.4346303 0.0608048 
353220_Fish_Creek          0.0079065 0.0079065 0.0321745 0.0079065 0.0000000 0.0158787 0.0708945 0.0160056 0.0708945 0.0321745 0.0158787 0.1138462 0.4479021 0.0713214 
353246_Cottonwood_Creek    0.0079065 0.0079065 0.0159526 0.0079065 0.0158787 0.0000000 0.0501037 0.0160056 0.0501037 0.0159526 0.0000010 0.0921362 0.4215141 0.0504008 
353379_Skagit_River        0.0604437 0.0604437 0.0504008 0.0604437 0.0708945 0.0501037 0.0000000 0.1269949 0.0000010 0.0504008 0.0501037 0.0872866 0.5337194 0.0695448 
353381_Dungeness_River     0.0322817 0.0000010 0.0493083 0.0000010 0.0160056 0.0160056 0.1269949 0.0000000 0.1269949 0.0493083 0.0160056 0.1971723 1.2084520 0.1059725 
353401_Peace_River         0.0604437 0.0604437 0.0504008 0.0604437 0.0708945 0.0501037 0.0000010 0.1269949 0.0000000 0.0504008 0.0501037 0.0872866 0.5337194 0.0695448 
353407_Noatok              0.0240294 0.0240294 0.0000010 0.0240294 0.0321745 0.0159526 0.0504008 0.0493083 0.0504008 0.0000000 0.0159526 0.0927000 0.4244444 0.0507014 
353410_Horizon_Lake        0.0079065 0.0079065 0.0159526 0.0079065 0.0158787 0.0000010 0.0501037 0.0160056 0.0501037 0.0159526 0.0000000 0.0921362 0.4215141 0.0504008 
GCA016432855_Lake_Trout    0.1029319 0.1029319 0.0927000 0.1029319 0.1138462 0.0921362 0.0872866 0.1971723 0.0872866 0.0927000 0.0921362 0.0000000 0.6168963 0.0688376 
GCF013265735_Rainbow_Trout 0.4346303 0.4346303 0.4244444 0.4346303 0.4479021 0.4215141 0.5337194 1.2084520 0.5337194 0.4244444 0.4215141 0.6168963 0.0000000 0.5487067 
GCF029448725_Brook_Trout   0.0608048 0.0608048 0.0507014 0.0608048 0.0713214 0.0504008 0.0695448 0.1059725 0.0695448 0.0507014 0.0504008 0.0688376 0.5487067 0.0000000 
