14
251140_Ward_Creek            0.0000000 0.0000010 0.0093933 0.0093933 0.0093933 0.0141259 0.0238052 0.0238052 0.0093933 0.0237343 0.0791541 0.0237343 0.9212328 0.2171680 
260512_Pybus_Point           0.0000010 0.0000000 0.0093933 0.0093933 0.0093933 0.0141259 0.0238052 0.0238052 0.0093933 0.0237343 0.0791541 0.0237343 0.9212328 0.2171680 
261935_Kenai_River           0.0093933 0.0093933 0.0000000 0.0188827 0.0188827 0.0236639 0.0238052 0.0238052 0.0000010 0.0237343 0.0791541 0.0237343 0.9212328 0.2171680 
353213_Cropley_Lake          0.0093933 0.0093933 0.0188827 0.0000000 0.0000010 0.0046843 0.0335008 0.0335008 0.0188827 0.0334003 0.0895339 0.0334003 0.9843361 0.2297571 
353220_Fish_Creek            0.0093933 0.0093933 0.0188827 0.0000010 0.0000000 0.0046843 0.0335008 0.0335008 0.0188827 0.0334003 0.0895339 0.0334003 0.9843361 0.2297571 
353246_Cottonwood_Creek      0.0141259 0.0141259 0.0236639 0.0046843 0.0046843 0.0000000 0.0383866 0.0383866 0.0236639 0.0382710 0.0947676 0.0382710 1.0163355 0.2361120 
353379_Skagit_River          0.0238052 0.0238052 0.0238052 0.0335008 0.0335008 0.0383866 0.0000000 0.0000010 0.0238052 0.0190517 0.0533617 0.0190517 0.7457257 0.1850505 
353401_Peace_River           0.0238052 0.0238052 0.0238052 0.0335008 0.0335008 0.0383866 0.0000010 0.0000000 0.0238052 0.0190517 0.0533617 0.0190517 0.7457257 0.1850505 
353407_Noatok                0.0093933 0.0093933 0.0000010 0.0188827 0.0188827 0.0236639 0.0238052 0.0238052 0.0000000 0.0237343 0.0791541 0.0237343 0.9212328 0.2171680 
353410_Horizon_Lake          0.0237343 0.0237343 0.0237343 0.0334003 0.0334003 0.0382710 0.0190517 0.0190517 0.0237343 0.0000000 0.0742389 0.0000010 0.8749245 0.2117107 
GCA016432855_Lake_Trout      0.0791541 0.0791541 0.0791541 0.0895339 0.0895339 0.0947676 0.0533617 0.0533617 0.0791541 0.0742389 0.0000000 0.0742389 0.2964328 0.1186414 
GCA036784925_Maine_S_alpinus 0.0237343 0.0237343 0.0237343 0.0334003 0.0334003 0.0382710 0.0190517 0.0190517 0.0237343 0.0000010 0.0742389 0.0000000 0.8749245 0.2117107 
GCF013265735_Rainbow_Trout   0.9212328 0.9212328 0.9212328 0.9843361 0.9843361 1.0163355 0.7457257 0.7457257 0.9212328 0.8749245 0.2964328 0.8749245 0.0000000 0.5029291 
GCF029448725_Brook_Trout     0.2171680 0.2171680 0.2171680 0.2297571 0.2297571 0.2361120 0.1850505 0.1850505 0.2171680 0.2117107 0.1186414 0.2117107 0.5029291 0.0000000 
