16
251140_Ward_Creek              0.0000000 0.0222804 0.0457709 0.0457709 0.0222804 0.1810379 0.2100198 8.9999989 0.2100198 0.1810379 0.2092910 0.2440909 0.2092910 0.2393502 1.0859622 0.4092372 
260512_Pybus_Point             0.0222804 0.0000000 0.0222804 0.0222804 0.0000010 0.1501033 0.1776318 0.3092675 0.1776318 0.1501033 0.1770566 0.2092910 0.1770566 0.2055251 0.9922982 0.3652039 
261935_Kenai_River             0.0457709 0.0222804 0.0000000 0.0000010 0.0222804 0.1212596 0.1475002 0.0000010 0.1475002 0.1212596 0.1470539 0.1770875 0.1470539 0.1741191 0.9073071 0.3248727 
353213_Cropley_Lake            0.0457709 0.0222804 0.0000010 0.0000000 0.0222804 0.1212596 0.1475002 0.0000010 0.1475002 0.1212596 0.1470539 0.1770875 0.1470539 0.1741191 0.9073071 0.3248727 
353219_Peterson_Creek          0.0222804 0.0000010 0.0222804 0.0222804 0.0000000 0.1501033 0.1776318 0.3092675 0.1776318 0.1501033 0.1770566 0.2092910 0.1770566 0.2055251 0.9922982 0.3652039 
353246_Cottonwood_Creek        0.1810379 0.1501033 0.1212596 0.1212596 0.1501033 0.0000000 0.2356394 2.2027817 0.2356394 0.0000010 0.1677425 0.1976794 0.1677425 0.1943817 0.8498964 0.3417571 
353379_Skagit_River            0.2100198 0.1776318 0.1475002 0.1475002 0.1776318 0.2356394 0.0000000 0.0000010 0.0000010 0.2356394 0.2050284 0.3016012 0.2050284 0.2342478 1.0965561 0.4681235 
353381_Dungeness_River         8.9999989 0.3092675 0.0000010 0.0000010 0.3092675 2.2027817 0.0000010 0.0000000 0.0000010 2.2027817 8.9999986 4.8633825 8.9999986 8.9999986 2.9069172 2.5065059 
353401_Peace_River             0.2100198 0.1776318 0.1475002 0.1475002 0.1776318 0.2356394 0.0000010 0.0000010 0.0000000 0.2356394 0.2050284 0.3016012 0.2050284 0.2342478 1.0965561 0.4681235 
353407_Noatok                  0.1810379 0.1501033 0.1212596 0.1212596 0.1501033 0.0000010 0.2356394 2.2027817 0.2356394 0.0000000 0.1677425 0.1976794 0.1677425 0.1943817 0.8498964 0.3417571 
353410_Horizon_Lake            0.2092910 0.1770566 0.1470539 0.1470539 0.1770566 0.1677425 0.2050284 8.9999986 0.2050284 0.1677425 0.0000000 0.2245144 0.0000010 0.0215808 0.9140698 0.3113407 
GCA016432855_Lake_Trout        0.2440909 0.2092910 0.1770875 0.1770875 0.2092910 0.1976794 0.3016012 4.8633825 0.3016012 0.1976794 0.2245144 0.0000000 0.2245144 0.2530139 0.8453083 0.2199241 
GCA036784925_Maine_S_alpinus   0.2092910 0.1770566 0.1470539 0.1470539 0.1770566 0.1677425 0.2050284 8.9999986 0.2050284 0.1677425 0.0000010 0.2245144 0.0000000 0.0215808 0.9140698 0.3113407 
GCA045679555_Iceland_A_alpinus 0.2393502 0.2055251 0.1741191 0.1741191 0.2055251 0.1943817 0.2342478 8.9999986 0.2342478 0.1943817 0.0215808 0.2530139 0.0215808 0.0000000 0.9476161 0.3417945 
GCF013265735_Rainbow_Trout     1.0859622 0.9922982 0.9073071 0.9073071 0.9922982 0.8498964 1.0965561 2.9069172 1.0965561 0.8498964 0.9140698 0.8453083 0.9140698 0.9476161 0.0000000 0.9563787 
GCF029448725_Brook_Trout       0.4092372 0.3652039 0.3248727 0.3248727 0.3652039 0.3417571 0.4681235 2.5065059 0.4681235 0.3417571 0.3113407 0.2199241 0.3113407 0.3417945 0.9563787 0.0000000 
