14
251140_Ward_Creek              0.0000000 0.0000010 0.0133424 0.5071121 0.4604910 0.0161992 0.4604910 0.0407603 0.0133390 0.0692653 0.3265617 0.3265617 8.9999989 0.5859069 
260512_Pybus_Point             0.0000010 0.0000000 0.0133424 0.5071121 0.4604910 0.0161992 0.4604910 0.0407603 0.0133390 0.0692653 0.3265617 0.3265617 8.9999989 0.5859069 
261935_Kenai_River             0.0133424 0.0133424 0.0000000 0.4732217 0.4856589 0.0327713 0.4856589 0.0269223 0.0269301 0.0692653 0.3063159 0.3063159 8.9999989 0.5859069 
353246_Cottonwood_Creek        0.5071121 0.5071121 0.4732217 0.0000000 0.3098508 0.0503448 0.3098508 0.3100929 0.3306867 0.4191543 0.0411154 0.0411154 9.0000000 2.0404486 
353379_Skagit_River            0.4604910 0.4604910 0.4856589 0.3098508 0.0000000 0.0516253 0.0000010 0.3652574 0.3480785 0.3654190 0.2227048 0.2227048 9.0000000 1.2132369 
353381_Dungeness_River         0.0161992 0.0161992 0.0327713 0.0503448 0.0516253 0.0000000 0.0516253 0.0383772 0.0000010 0.0651386 0.0253712 0.0253712 9.0000000 0.5896789 
353401_Peace_River             0.4604910 0.4604910 0.4856589 0.3098508 0.0000010 0.0516253 0.0000000 0.3652574 0.3480785 0.3654190 0.2227048 0.2227048 9.0000000 1.2132369 
353407_Noatok                  0.0407603 0.0407603 0.0269223 0.3100929 0.3652574 0.0383772 0.3652574 0.0000000 0.0328194 0.0555298 0.2522343 0.2522343 1.7225517 0.4699161 
353410_Horizon_Lake            0.0133390 0.0133390 0.0269301 0.3306867 0.3480785 0.0000010 0.3480785 0.0328194 0.0000000 0.0555549 0.2374435 0.2374435 1.5710621 0.4702303 
GCA016432855_Lake_Trout        0.0692653 0.0692653 0.0692653 0.4191543 0.3654190 0.0651386 0.3654190 0.0555298 0.0555549 0.0000000 0.2988672 0.2988672 1.5726604 0.4499453 
GCA036784925_Maine_S_alpinus   0.3265617 0.3265617 0.3063159 0.0411154 0.2227048 0.0253712 0.2227048 0.2522343 0.2374435 0.2988672 0.0000000 0.0000010 9.0000000 0.9790438 
GCA045679555_Iceland_A_alpinus 0.3265617 0.3265617 0.3063159 0.0411154 0.2227048 0.0253712 0.2227048 0.2522343 0.2374435 0.2988672 0.0000010 0.0000000 9.0000000 0.9790438 
GCF013265735_Rainbow_Trout     8.9999989 8.9999989 8.9999989 9.0000000 9.0000000 9.0000000 9.0000000 1.7225517 1.5710621 1.5726604 9.0000000 9.0000000 0.0000000 1.3236988 
GCF029448725_Brook_Trout       0.5859069 0.5859069 0.5859069 2.0404486 1.2132369 0.5896789 1.2132369 0.4699161 0.4702303 0.4499453 0.9790438 0.9790438 1.3236988 0.0000000 
