17
251140_Ward_Creek              0.0000000 0.0000010 0.0083637 0.0083637 0.0427665 0.0083637 0.0427665 0.0340202 0.0083097 0.0667528 0.0427665 0.0609790 0.0337947 0.0427665 0.2432416 0.1024327 0.0427665 
260512_Pybus_Point             0.0000010 0.0000000 0.0083637 0.0083637 0.0427665 0.0083637 0.0427665 0.0340202 0.0083097 0.0667528 0.0427665 0.0609790 0.0337947 0.0427665 0.2432416 0.1024327 0.0427665 
261935_Kenai_River             0.0083637 0.0083637 0.0000000 0.0000010 0.0519660 0.0169315 0.0519660 0.0430565 0.0168205 0.0817026 0.0519660 0.0705912 0.0427665 0.0519660 0.2567769 0.1174676 0.0519660 
353219_Peterson_Creek          0.0083637 0.0083637 0.0000010 0.0000000 0.0519660 0.0169315 0.0519660 0.0430565 0.0168205 0.0817026 0.0519660 0.0705912 0.0427665 0.0519660 0.2567769 0.1174676 0.0519660 
353379_Skagit_River            0.0427665 0.0427665 0.0519660 0.0519660 0.0000000 0.0519660 0.0000010 0.0430565 0.0516127 0.0000010 0.0167110 0.0705912 0.0427665 0.0519660 0.2802045 0.1316830 0.0167110 
353381_Dungeness_River         0.0083637 0.0083637 0.0169315 0.0169315 0.0519660 0.0000000 0.0519660 0.0430565 0.0168205 0.0817026 0.0519660 0.0705912 0.0427665 0.0519660 0.2567769 0.1174676 0.0519660 
353401_Peace_River             0.0427665 0.0427665 0.0519660 0.0519660 0.0000010 0.0519660 0.0000000 0.0430565 0.0516127 0.0000010 0.0167110 0.0705912 0.0427665 0.0519660 0.2802045 0.1316830 0.0167110 
353407_Noatok                  0.0340202 0.0340202 0.0430565 0.0430565 0.0430565 0.0430565 0.0430565 0.0000000 0.0427665 0.0674689 0.0430565 0.0614035 0.0340202 0.0430565 0.2684154 0.1174676 0.0430565 
353410_Horizon_Lake            0.0083097 0.0083097 0.0168205 0.0168205 0.0516127 0.0168205 0.0516127 0.0427665 0.0000000 0.0808220 0.0516127 0.0700988 0.0499834 0.0590287 0.2546108 0.1405408 0.0516127 
92319_Little_Lost              0.0667528 0.0667528 0.0817026 0.0817026 0.0000010 0.0817026 0.0000010 0.0674689 0.0808220 0.0000000 0.0257457 0.1122282 0.0667528 0.0817026 0.4826429 0.2960201 0.0257457 
94280_St_Joe                   0.0427665 0.0427665 0.0519660 0.0519660 0.0167110 0.0519660 0.0167110 0.0430565 0.0516127 0.0257457 0.0000000 0.0705912 0.0427665 0.0519660 0.2802045 0.1316830 0.0167110 
GCA016432855_Lake_Trout        0.0609790 0.0609790 0.0705912 0.0705912 0.0705912 0.0705912 0.0705912 0.0614035 0.0700988 0.1122282 0.0705912 0.0000000 0.0609790 0.0705912 0.2320150 0.0495159 0.0705912 
GCA036784925_Maine_S_alpinus   0.0337947 0.0337947 0.0427665 0.0427665 0.0427665 0.0427665 0.0427665 0.0340202 0.0499834 0.0667528 0.0427665 0.0609790 0.0000000 0.0081590 0.2661250 0.1266695 0.0427665 
GCA045679555_Iceland_A_alpinus 0.0427665 0.0427665 0.0519660 0.0519660 0.0519660 0.0519660 0.0519660 0.0430565 0.0590287 0.0817026 0.0519660 0.0705912 0.0081590 0.0000000 0.2802045 0.1420294 0.0519660 
GCF013265735_Rainbow_Trout     0.2432416 0.2432416 0.2567769 0.2567769 0.2802045 0.2567769 0.2802045 0.2684154 0.2546108 0.4826429 0.2802045 0.2320150 0.2661250 0.2802045 0.0000000 0.3929529 0.2802045 
GCF029448725_Brook_Trout       0.1024327 0.1024327 0.1174676 0.1174676 0.1316830 0.1174676 0.1316830 0.1174676 0.1405408 0.2960201 0.1316830 0.0495159 0.1266695 0.1420294 0.3929529 0.0000000 0.1316830 
Methow_River_99895             0.0427665 0.0427665 0.0519660 0.0519660 0.0167110 0.0519660 0.0167110 0.0430565 0.0516127 0.0257457 0.0167110 0.0705912 0.0427665 0.0519660 0.2802045 0.1316830 0.0000000 
