12
251140_Ward_Creek            0.0000000 0.0000010 0.0073258 0.1515833 0.0000010 0.1515833 0.2244906 0.0073258 0.1651069 0.0073258 0.4585843 0.2111800 
260512_Pybus_Point           0.0000010 0.0000000 0.0073258 0.1515833 0.0000010 0.1515833 0.2244906 0.0073258 0.1651069 0.0073258 0.4585843 0.2111800 
353246_Cottonwood_Creek      0.0073258 0.0073258 0.0000000 0.1642493 0.0102559 0.1642493 0.2350321 0.0147051 0.1780091 0.0147051 0.4769464 0.2243236 
353379_Skagit_River          0.1515833 0.1515833 0.1642493 0.0000000 0.2545627 0.0000010 0.1237807 0.1390751 0.0395846 0.1390751 0.1671935 0.0542127 
353381_Dungeness_River       0.0000010 0.0000010 0.0102559 0.2545627 0.0000000 0.2545627 0.3551552 0.0102559 0.3071046 0.0102559 1.0526094 0.3621345 
353401_Peace_River           0.1515833 0.1515833 0.1642493 0.0000010 0.2545627 0.0000000 0.1237807 0.1390751 0.0395846 0.1390751 0.1671935 0.0542127 
353407_Noatok                0.2244906 0.2244906 0.2350321 0.1237807 0.3551552 0.1237807 0.0000000 0.2140581 0.1398512 0.2140581 0.3062759 0.1593249 
353410_Horizon_Lake          0.0073258 0.0073258 0.0147051 0.1390751 0.0102559 0.1390751 0.2140581 0.0000000 0.1523686 0.0000010 0.4405477 0.1982053 
GCA016432855_Lake_Trout      0.1651069 0.1651069 0.1780091 0.0395846 0.3071046 0.0395846 0.1398512 0.1523686 0.0000000 0.1523686 0.1918409 0.0684372 
GCA036784925_Maine_S_alpinus 0.0073258 0.0073258 0.0147051 0.1390751 0.0102559 0.1390751 0.2140581 0.0000010 0.1523686 0.0000000 0.4405477 0.1982053 
GCF013265735_Rainbow_Trout   0.4585843 0.4585843 0.4769464 0.1671935 1.0526094 0.1671935 0.3062759 0.4405477 0.1918409 0.4405477 0.0000000 0.2130141 
GCF029448725_Brook_Trout     0.2111800 0.2111800 0.2243236 0.0542127 0.3621345 0.0542127 0.1593249 0.1982053 0.0684372 0.1982053 0.2130141 0.0000000 
