17
251140_Ward_Creek              0.0000000 0.0031525 0.0000010 0.0031490 0.0063156 0.0309214 0.0031525 0.0256777 0.0135733 0.0063156 0.0223785 0.0223785 0.0289720 0.0094868 0.0094868 0.1253032 0.0356492 
260512_Pybus_Point             0.0031525 0.0000000 0.0031525 0.0063156 0.0031525 0.0309214 0.0000010 0.0289654 0.0067640 0.0031525 0.0256447 0.0256447 0.0322784 0.0063149 0.0063149 0.1291700 0.0389966 
261935_Kenai_River             0.0000010 0.0031525 0.0000000 0.0031490 0.0063156 0.0309214 0.0031525 0.0256777 0.0135733 0.0063156 0.0223785 0.0223785 0.0289720 0.0094868 0.0094868 0.1253032 0.0356492 
353220_Fish_Creek              0.0031490 0.0063156 0.0031490 0.0000000 0.0031490 0.0361642 0.0063156 0.0289323 0.0204273 0.0094878 0.0256156 0.0256156 0.0322414 0.0126684 0.0126684 0.1289998 0.0389513 
353246_Cottonwood_Creek        0.0063156 0.0031525 0.0063156 0.0031490 0.0000000 0.0361642 0.0031525 0.0322340 0.0135733 0.0063156 0.0288951 0.0288951 0.0355618 0.0094868 0.0094868 0.1328835 0.0423129 
353379_Skagit_River            0.0309214 0.0309214 0.0309214 0.0361642 0.0361642 0.0000000 0.0309214 0.0000010 0.0700503 0.0361642 0.0000010 0.0000010 0.0257129 0.0414252 0.0414252 0.1665009 0.0362375 
353381_Dungeness_River         0.0031525 0.0000010 0.0031525 0.0063156 0.0031525 0.0309214 0.0000000 0.0289654 0.0067640 0.0031525 0.0256447 0.0256447 0.0322784 0.0063149 0.0063149 0.1291700 0.0389966 
353401_Peace_River             0.0256777 0.0289654 0.0256777 0.0289323 0.0322340 0.0000010 0.0289654 0.0000000 0.0344299 0.0322340 0.0031562 0.0031562 0.0224352 0.0355086 0.0355086 0.1177758 0.0290393 
353407_Noatok                  0.0135733 0.0067640 0.0135733 0.0204273 0.0135733 0.0700503 0.0067640 0.0344299 0.0000000 0.0135733 0.0273093 0.0273093 0.0483942 0.0204225 0.0204225 0.2212119 0.0559458 
353410_Horizon_Lake            0.0063156 0.0031525 0.0063156 0.0094878 0.0063156 0.0361642 0.0031525 0.0322340 0.0135733 0.0000000 0.0288951 0.0288951 0.0355618 0.0031486 0.0031486 0.1328835 0.0423129 
92319_Little_Lost              0.0223785 0.0256447 0.0223785 0.0256156 0.0288951 0.0000010 0.0256447 0.0031562 0.0273093 0.0288951 0.0000000 0.0000010 0.0191543 0.0321519 0.0321519 0.1138129 0.0257098 
94280_St_Joe                   0.0223785 0.0256447 0.0223785 0.0256156 0.0288951 0.0000010 0.0256447 0.0031562 0.0273093 0.0288951 0.0000010 0.0000000 0.0191543 0.0321519 0.0321519 0.1138129 0.0257098 
GCA016432855_Lake_Trout        0.0289720 0.0322784 0.0289720 0.0322414 0.0355618 0.0257129 0.0322784 0.0224352 0.0483942 0.0355618 0.0191543 0.0191543 0.0000000 0.0388512 0.0388512 0.1216323 0.0191518 
GCA036784925_Maine_S_alpinus   0.0094868 0.0063149 0.0094868 0.0126684 0.0094868 0.0414252 0.0063149 0.0355086 0.0204225 0.0031486 0.0321519 0.0321519 0.0388512 0.0000000 0.0000010 0.1365936 0.0456345 
GCA045679555_Iceland_A_alpinus 0.0094868 0.0063149 0.0094868 0.0126684 0.0094868 0.0414252 0.0063149 0.0355086 0.0204225 0.0031486 0.0321519 0.0321519 0.0388512 0.0000010 0.0000000 0.1365936 0.0456345 
GCF013265735_Rainbow_Trout     0.1253032 0.1291700 0.1253032 0.1289998 0.1328835 0.1665009 0.1291700 0.1177758 0.2212119 0.1328835 0.1138129 0.1138129 0.1216323 0.1365936 0.1365936 0.0000000 0.1295421 
GCF029448725_Brook_Trout       0.0356492 0.0389966 0.0356492 0.0389513 0.0423129 0.0362375 0.0389966 0.0290393 0.0559458 0.0423129 0.0257098 0.0257098 0.0191518 0.0456345 0.0456345 0.1295421 0.0000000 
