16
251140_Ward_Creek              0.0000000 0.0000010 0.0000010 0.0097404 0.0550559 0.0249121 0.0550559 0.0097404 0.0097383 0.1413548 0.0604222 0.0118612 0.0097757 0.4196686 0.4933963 0.0550559 
260512_Pybus_Point             0.0000010 0.0000000 0.0000010 0.0097404 0.0550559 0.0249121 0.0550559 0.0097404 0.0097383 0.1413548 0.0604222 0.0118612 0.0097757 0.4196686 0.4933963 0.0550559 
353213_Cropley_Lake            0.0000010 0.0000010 0.0000000 0.0097404 0.0550559 0.0249121 0.0550559 0.0044492 0.0089193 0.1413548 0.0604222 0.0118612 0.0044565 0.1840684 0.4933963 0.0286579 
353246_Cottonwood_Creek        0.0097404 0.0097404 0.0097404 0.0000000 0.0664715 0.0376238 0.0664715 0.0000010 0.0195801 0.1541667 0.0708859 0.0238780 0.0196556 0.4372696 0.5130220 0.0664715 
353379_Skagit_River            0.0550559 0.0550559 0.0550559 0.0664715 0.0000000 0.0669631 0.0000010 0.0664715 0.0664577 0.0637751 0.0265108 0.0835051 0.0667457 0.3152034 0.2901408 0.0000010 
353381_Dungeness_River         0.0249121 0.0249121 0.0249121 0.0376238 0.0669631 0.0000000 0.0669631 0.0376238 0.0376142 0.1746501 0.1048058 0.0488968 0.0377996 0.6663900 0.3966387 0.0669631 
353401_Peace_River             0.0550559 0.0550559 0.0550559 0.0664715 0.0000010 0.0669631 0.0000000 0.0664715 0.0664577 0.0637751 0.0265108 0.0835051 0.0667457 0.3152034 0.2901408 0.0000010 
353407_Noatok                  0.0097404 0.0097404 0.0044492 0.0000010 0.0664715 0.0376238 0.0664715 0.0000000 0.0134118 0.1541667 0.0708859 0.0238780 0.0089349 0.1899039 0.5130220 0.0335229 
353410_Horizon_Lake            0.0097383 0.0097383 0.0089193 0.0195801 0.0664577 0.0376142 0.0664577 0.0134118 0.0000000 0.1541429 0.0708726 0.0238720 0.0134341 0.1841568 0.4933963 0.0335196 
92319_Little_Lost              0.1413548 0.1413548 0.1413548 0.1541667 0.0637751 0.1746501 0.0637751 0.1541667 0.1541429 0.0000000 0.0731790 0.1976251 0.1548505 0.4281701 0.4003982 0.0637751 
GCA016432855_Lake_Trout        0.0604222 0.0604222 0.0604222 0.0708859 0.0265108 0.1048058 0.0265108 0.0708859 0.0708726 0.0731790 0.0000000 0.0871332 0.0711531 0.2730292 0.3192850 0.0265108 
GCA036784925_Maine_S_alpinus   0.0118612 0.0118612 0.0118612 0.0238780 0.0835051 0.0488968 0.0835051 0.0238780 0.0238720 0.1976251 0.0871332 0.0000000 0.0239842 0.5980275 0.7255582 0.0835051 
GCA045679555_Iceland_A_alpinus 0.0097757 0.0097757 0.0044565 0.0196556 0.0667457 0.0377996 0.0667457 0.0089349 0.0134341 0.1548505 0.0711531 0.0239842 0.0000000 0.1902788 0.5160675 0.0335825 
GCF013265735_Rainbow_Trout     0.4196686 0.4196686 0.1840684 0.4372696 0.3152034 0.6663900 0.3152034 0.1899039 0.1841568 0.4281701 0.2730292 0.5980275 0.1902788 0.0000000 0.3669144 0.1483315 
GCF029448725_Brook_Trout       0.4933963 0.4933963 0.4933963 0.5130220 0.2901408 0.3966387 0.2901408 0.5130220 0.4933963 0.4003982 0.3192850 0.7255582 0.5160675 0.3669144 0.0000000 0.2901408 
Methow_River_99895             0.0550559 0.0550559 0.0286579 0.0664715 0.0000010 0.0669631 0.0000010 0.0335229 0.0335196 0.0637751 0.0265108 0.0835051 0.0335825 0.1483315 0.2901408 0.0000000 
