16
251140_Ward_Creek              0.0000000 0.0155726 0.0000010 0.0077656 0.0077656 0.0077822 0.0397974 0.0397974 0.0156641 0.0316418 0.1097013 0.0561646 0.0156641 0.0235258 0.2970646 0.1266646 
260512_Pybus_Point             0.0155726 0.0000000 0.0155726 0.0077656 0.0077656 0.0235593 0.0397974 0.0397974 0.0156641 0.0316418 0.1097013 0.0561646 0.0156641 0.0235258 0.2970646 0.1266646 
261935_Kenai_River             0.0000010 0.0155726 0.0000000 0.0077656 0.0077656 0.0077822 0.0397974 0.0397974 0.0156641 0.0316418 0.1097013 0.0561646 0.0156641 0.0235258 0.2970646 0.1266646 
353219_Peterson_Creek          0.0077656 0.0077656 0.0077656 0.0000000 0.0000010 0.0156641 0.0317497 0.0317497 0.0078109 0.0236655 0.0814566 0.0480064 0.0078109 0.0156416 0.2866044 0.1178760 
353220_Fish_Creek              0.0077656 0.0077656 0.0077656 0.0000010 0.0000000 0.0156641 0.0317497 0.0317497 0.0078109 0.0236655 0.0814566 0.0480064 0.0078109 0.0156416 0.2866044 0.1178760 
353246_Cottonwood_Creek        0.0077822 0.0235593 0.0077822 0.0156641 0.0156641 0.0000000 0.0316745 0.0316745 0.0077932 0.0236102 0.0807626 0.0478896 0.0236994 0.0316418 0.2855491 0.1175506 
353379_Skagit_River            0.0397974 0.0397974 0.0397974 0.0317497 0.0317497 0.0316745 0.0000000 0.0000010 0.0236900 0.0235500 0.0000010 0.0315225 0.0400385 0.0315608 0.2624712 0.0994017 
353401_Peace_River             0.0397974 0.0397974 0.0397974 0.0317497 0.0317497 0.0316745 0.0000010 0.0000000 0.0236900 0.0235500 0.0000010 0.0315225 0.0400385 0.0315608 0.2624712 0.0994017 
353407_Noatok                  0.0156641 0.0156641 0.0156641 0.0078109 0.0078109 0.0077932 0.0236900 0.0236900 0.0000000 0.0156976 0.0533245 0.0397974 0.0157566 0.0236655 0.2752023 0.1088394 
353410_Horizon_Lake            0.0316418 0.0316418 0.0316418 0.0236655 0.0236655 0.0236102 0.0235500 0.0235500 0.0156976 0.0000000 0.0522655 0.0395593 0.0318316 0.0077711 0.2516413 0.1081368 
92319_Little_Lost              0.1097013 0.1097013 0.1097013 0.0814566 0.0814566 0.0807626 0.0000010 0.0000010 0.0533245 0.0522655 0.0000000 0.0524709 0.1120948 0.0797900 1.1253055 0.3144608 
GCA016432855_Lake_Trout        0.0561646 0.0561646 0.0561646 0.0480064 0.0480064 0.0478896 0.0315225 0.0315225 0.0397974 0.0395593 0.0524709 0.0000000 0.0565099 0.0477167 0.2409750 0.0819329 
GCA036784925_Maine_S_alpinus   0.0156641 0.0156641 0.0156641 0.0078109 0.0078109 0.0236994 0.0400385 0.0400385 0.0157566 0.0318316 0.1120948 0.0565099 0.0000000 0.0236655 0.2994028 0.1275053 
GCA045679555_Iceland_A_alpinus 0.0235258 0.0235258 0.0235258 0.0156416 0.0156416 0.0316418 0.0315608 0.0315608 0.0236655 0.0077711 0.0797900 0.0477167 0.0236655 0.0000000 0.2626597 0.1171086 
GCF013265735_Rainbow_Trout     0.2970646 0.2970646 0.2970646 0.2866044 0.2866044 0.2855491 0.2624712 0.2624712 0.2752023 0.2516413 1.1253055 0.2409750 0.2994028 0.2626597 0.0000000 0.3337540 
GCF029448725_Brook_Trout       0.1266646 0.1266646 0.1266646 0.1178760 0.1178760 0.1175506 0.0994017 0.0994017 0.1088394 0.1081368 0.3144608 0.0819329 0.1275053 0.1171086 0.3337540 0.0000000 
