16
251140_Ward_Creek              0.0000000 0.0000010 0.0000010 0.0972279 0.0513389 0.7029302 0.0553607 0.1082692 0.0033436 0.0982505 0.0513389 0.0449298 0.0101620 6.3866224 0.1451750 0.0553607 
260512_Pybus_Point             0.0000010 0.0000000 0.0000010 0.0972279 0.0513389 0.7029302 0.0553607 0.1082692 0.0033436 0.0982505 0.0513389 0.0449298 0.0101620 6.3866224 0.1451750 0.0553607 
261935_Kenai_River             0.0000010 0.0000010 0.0000000 0.0946928 0.0513389 0.5269588 0.0553607 0.1048957 0.0033436 0.0982505 0.0513389 0.0449298 0.0101620 6.3866224 0.1387935 0.0553607 
353246_Cottonwood_Creek        0.0972279 0.0972279 0.0946928 0.0000000 0.1429395 0.2171390 0.1488976 0.0059672 0.1040769 0.2776385 0.1429395 0.1395470 0.1154848 8.9999990 0.0504223 0.1488976 
353379_Skagit_River            0.0513389 0.0513389 0.0513389 0.1429395 0.0000000 7.5735511 0.0033212 0.1429395 0.0558498 0.0188404 0.0000010 0.0703279 0.0641274 8.9999985 0.1822320 0.0033212 
353381_Dungeness_River         0.7029302 0.7029302 0.5269588 0.2171390 7.5735511 0.0000000 8.0319894 0.2364164 2.2931299 0.3650116 7.5735511 6.5128934 3.5575580 9.0000000 0.3231132 8.0319894 
353401_Peace_River             0.0553607 0.0553607 0.0553607 0.1488976 0.0033212 8.0319894 0.0000000 0.1488976 0.0599644 0.0237621 0.0033212 0.0747519 0.0683381 8.9999986 0.1884615 0.0000010 
353407_Noatok                  0.1082692 0.1082692 0.1048957 0.0059672 0.1429395 0.2364164 0.1488976 0.0000000 0.1154848 0.2776385 0.1429395 0.1395470 0.1271773 8.9999990 0.0504223 0.1488976 
353410_Horizon_Lake            0.0033436 0.0033436 0.0033436 0.1040769 0.0558498 2.2931299 0.0599644 0.1154848 0.0000000 0.0982505 0.0558498 0.0494622 0.0137348 6.6287541 0.1537644 0.0599644 
92319_Little_Lost              0.0982505 0.0982505 0.0982505 0.2776385 0.0188404 0.3650116 0.0237621 0.2776385 0.0982505 0.0000000 0.0188404 0.1326016 0.1192502 8.9999988 0.3393641 0.0237621 
94280_St_Joe                   0.0513389 0.0513389 0.0513389 0.1429395 0.0000010 7.5735511 0.0033212 0.1429395 0.0558498 0.0188404 0.0000000 0.0703279 0.0641274 8.9999985 0.1822320 0.0033212 
GCA016432855_Lake_Trout        0.0449298 0.0449298 0.0449298 0.1395470 0.0703279 6.5128934 0.0747519 0.1395470 0.0494622 0.1326016 0.0703279 0.0000000 0.0579141 8.9999983 0.1688462 0.0747519 
GCA045679555_Iceland_A_alpinus 0.0101620 0.0101620 0.0101620 0.1154848 0.0641274 3.5575580 0.0683381 0.1271773 0.0137348 0.1192502 0.0641274 0.0579141 0.0000000 7.1774066 0.1663923 0.0683381 
GCF013265735_Rainbow_Trout     6.3866224 6.3866224 6.3866224 8.9999990 8.9999985 9.0000000 8.9999986 8.9999990 6.6287541 8.9999988 8.9999985 8.9999983 7.1774066 0.0000000 8.9999986 8.9999986 
GCF029448725_Brook_Trout       0.1451750 0.1451750 0.1387935 0.0504223 0.1822320 0.3231132 0.1884615 0.0504223 0.1537644 0.3393641 0.1822320 0.1688462 0.1663923 8.9999986 0.0000000 0.1884615 
Methow_River_99895             0.0553607 0.0553607 0.0553607 0.1488976 0.0033212 8.0319894 0.0000010 0.1488976 0.0599644 0.0237621 0.0033212 0.0747519 0.0683381 8.9999986 0.1884615 0.0000000 
