13
251140_Ward_Creek              0.0000000 0.0000010 0.0048596 0.0196682 0.0196682 0.0097471 0.0147098 0.0247370 0.0247370 0.0196682 0.0246546 1.2982363 0.0607812 
260512_Pybus_Point             0.0000010 0.0000000 0.0048596 0.0196682 0.0196682 0.0097471 0.0147098 0.0247370 0.0247370 0.0196682 0.0246546 1.2982363 0.0607812 
261935_Kenai_River             0.0048596 0.0048596 0.0000000 0.0146614 0.0146614 0.0048438 0.0097471 0.0196682 0.0196682 0.0146614 0.0196032 1.1582260 0.0553638 
353379_Skagit_River            0.0196682 0.0196682 0.0146614 0.0000000 0.0000010 0.0196032 0.0146133 0.0048596 0.0245728 0.0195387 0.0244915 1.1725550 0.0603639 
353401_Peace_River             0.0196682 0.0196682 0.0146614 0.0000010 0.0000000 0.0196032 0.0146133 0.0048596 0.0245728 0.0195387 0.0244915 1.1725550 0.0603639 
353407_Noatok                  0.0097471 0.0097471 0.0048438 0.0196032 0.0196032 0.0000000 0.0146614 0.0246546 0.0246546 0.0196032 0.0245728 1.2311106 0.0605718 
353410_Horizon_Lake            0.0147098 0.0147098 0.0097471 0.0146133 0.0146133 0.0146614 0.0000000 0.0196032 0.0196032 0.0048438 0.0097153 1.1041948 0.0551746 
92319_Little_Lost              0.0247370 0.0247370 0.0196682 0.0048596 0.0048596 0.0246546 0.0196032 0.0000000 0.0296692 0.0245728 0.0295703 1.3035007 0.0658101 
GCA016432855_Lake_Trout        0.0247370 0.0247370 0.0196682 0.0245728 0.0245728 0.0246546 0.0196032 0.0296692 0.0000000 0.0245728 0.0295703 1.1582260 0.0345960 
GCA036784925_Maine_S_alpinus   0.0196682 0.0196682 0.0146614 0.0195387 0.0195387 0.0196032 0.0048438 0.0245728 0.0245728 0.0000000 0.0048438 1.1041948 0.0603639 
GCA045679555_Iceland_A_alpinus 0.0246546 0.0246546 0.0196032 0.0244915 0.0244915 0.0245728 0.0097153 0.0295703 0.0295703 0.0048438 0.0000000 1.1725550 0.0655832 
GCF013265735_Rainbow_Trout     1.2982363 1.2982363 1.1582260 1.1725550 1.1725550 1.2311106 1.1041948 1.3035007 1.1582260 1.1041948 1.1725550 0.0000000 1.7307388 
GCF029448725_Brook_Trout       0.0607812 0.0607812 0.0553638 0.0603639 0.0603639 0.0605718 0.0551746 0.0658101 0.0345960 0.0603639 0.0655832 1.7307388 0.0000000 
