8
251140_Ward_Creek          0.0000000 0.0000010 0.1197338 0.1197338 0.2919078 0.2919078 0.4869020 2.0941505 
260512_Pybus_Point         0.0000010 0.0000000 0.1197338 0.1197338 0.2919078 0.2919078 0.4869020 2.0941505 
261935_Kenai_River         0.1197338 0.1197338 0.0000000 0.0000010 0.1324433 0.1324433 0.2919078 1.8969786 
353246_Cottonwood_Creek    0.1197338 0.1197338 0.0000010 0.0000000 0.1324433 0.1324433 0.2919078 1.8969786 
353379_Skagit_River        0.2919078 0.2919078 0.1324433 0.1324433 0.0000000 0.0000010 0.1197338 1.2535999 
353401_Peace_River         0.2919078 0.2919078 0.1324433 0.1324433 0.0000010 0.0000000 0.1197338 1.2535999 
GCA016432855_Lake_Trout    0.4869020 0.4869020 0.2919078 0.2919078 0.1197338 0.1197338 0.0000000 1.4839543 
GCF013265735_Rainbow_Trout 2.0941505 2.0941505 1.8969786 1.8969786 1.2535999 1.2535999 1.4839543 0.0000000 
