14
251140_Ward_Creek              0.0000000 0.0000010 0.0023722 0.0047560 0.0363593 0.0103625 0.0338541 0.0023722 0.0338541 0.0265344 0.0119464 0.0119464 0.2734321 0.0463368 
260512_Pybus_Point             0.0000010 0.0000000 0.0023722 0.0047560 0.0363593 0.0103625 0.0338541 0.0023722 0.0338541 0.0265344 0.0119464 0.0119464 0.2734321 0.0463368 
261935_Kenai_River             0.0023722 0.0023722 0.0000000 0.0071425 0.0338941 0.0000010 0.0313979 0.0000010 0.0313979 0.0240930 0.0095454 0.0095454 0.2699107 0.0438441 
353246_Cottonwood_Creek        0.0047560 0.0047560 0.0071425 0.0000000 0.0413566 0.0315747 0.0388304 0.0071425 0.0388304 0.0314720 0.0167846 0.0167846 0.2809552 0.0514023 
353379_Skagit_River            0.0363593 0.0363593 0.0338941 0.0413566 0.0000000 0.0874333 0.0023750 0.0338941 0.0023750 0.0240930 0.0240366 0.0240366 0.2699107 0.0438441 
353381_Dungeness_River         0.0103625 0.0103625 0.0000010 0.0315747 0.0874333 0.0000000 0.0756752 0.0000010 0.0756752 0.0648519 0.0209391 0.0209391 2.7933441 0.1592628 
353401_Peace_River             0.0338541 0.0338541 0.0313979 0.0388304 0.0023750 0.0756752 0.0000000 0.0313979 0.0000010 0.0216322 0.0215817 0.0215817 0.2659853 0.0413085 
353407_Noatok                  0.0023722 0.0023722 0.0000010 0.0071425 0.0338941 0.0000010 0.0313979 0.0000000 0.0313979 0.0240930 0.0095454 0.0095454 0.2699107 0.0438441 
92319_Little_Lost              0.0338541 0.0338541 0.0313979 0.0388304 0.0023750 0.0756752 0.0000010 0.0313979 0.0000000 0.0216322 0.0215817 0.0215817 0.2659853 0.0413085 
GCA016432855_Lake_Trout        0.0265344 0.0265344 0.0240930 0.0314720 0.0240930 0.0648519 0.0216322 0.0240930 0.0216322 0.0000000 0.0143524 0.0143524 0.2414221 0.0240648 
GCA036784925_Maine_S_alpinus   0.0119464 0.0119464 0.0095454 0.0167846 0.0240366 0.0209391 0.0215817 0.0095454 0.0215817 0.0143524 0.0000000 0.0000010 0.2551518 0.0338541 
GCA045679555_Iceland_A_alpinus 0.0119464 0.0119464 0.0095454 0.0167846 0.0240366 0.0209391 0.0215817 0.0095454 0.0215817 0.0143524 0.0000010 0.0000000 0.2551518 0.0338541 
GCF013265735_Rainbow_Trout     0.2734321 0.2734321 0.2699107 0.2809552 0.2699107 2.7933441 0.2659853 0.2699107 0.2659853 0.2414221 0.2551518 0.2551518 0.0000000 0.2694884 
GCF029448725_Brook_Trout       0.0463368 0.0463368 0.0438441 0.0514023 0.0438441 0.1592628 0.0413085 0.0438441 0.0413085 0.0240648 0.0338541 0.0338541 0.2694884 0.0000000 
