15
251140_Ward_Creek              0.0000000 0.0088236 0.0088236 0.0043988 0.0313477 0.4974707 0.0359345 0.0132747 0.0132747 0.0313477 0.0498673 0.0132747 0.0132747 0.2550618 0.0640633 
260512_Pybus_Point             0.0088236 0.0000000 0.0000010 0.0043988 0.0222568 0.3881868 0.0267885 0.0043988 0.0043988 0.0222568 0.0405504 0.0043988 0.0043988 0.2425089 0.0545695 
261935_Kenai_River             0.0088236 0.0000010 0.0000000 0.0043988 0.0222568 0.3881868 0.0267885 0.0043988 0.0043988 0.0222568 0.0405504 0.0043988 0.0043988 0.2425089 0.0545695 
353219_Peterson_Creek          0.0043988 0.0043988 0.0043988 0.0000000 0.0267885 0.4408400 0.0313477 0.0088236 0.0088236 0.0267885 0.0451944 0.0088236 0.0088236 0.2487592 0.0593014 
353379_Skagit_River            0.0313477 0.0222568 0.0222568 0.0267885 0.0000000 0.3389888 0.0043988 0.0177523 0.0267885 0.0000010 0.0177523 0.0177523 0.0177523 0.2240656 0.0313477 
353381_Dungeness_River         0.4974707 0.3881868 0.3881868 0.4408400 0.3389888 0.0000000 0.3881868 0.4408400 0.4408400 0.3389888 0.5587292 0.4408400 0.4408400 0.6986687 0.7798288 
353401_Peace_River             0.0359345 0.0267885 0.0267885 0.0313477 0.0043988 0.3881868 0.0000000 0.0222568 0.0313477 0.0043988 0.0222568 0.0222568 0.0222568 0.2301632 0.0359345 
353407_Noatok                  0.0132747 0.0043988 0.0043988 0.0088236 0.0177523 0.4408400 0.0222568 0.0000000 0.0088236 0.0177523 0.0359345 0.0088236 0.0088236 0.2487592 0.0498673 
353410_Horizon_Lake            0.0132747 0.0043988 0.0043988 0.0088236 0.0267885 0.4408400 0.0313477 0.0088236 0.0000000 0.0267885 0.0359345 0.0088236 0.0088236 0.2487592 0.0498673 
92319_Little_Lost              0.0313477 0.0222568 0.0222568 0.0267885 0.0000010 0.3389888 0.0043988 0.0177523 0.0267885 0.0000000 0.0177523 0.0177523 0.0177523 0.2240656 0.0313477 
GCA016432855_Lake_Trout        0.0498673 0.0405504 0.0405504 0.0451944 0.0177523 0.5587292 0.0222568 0.0359345 0.0359345 0.0177523 0.0000000 0.0359345 0.0359345 0.2363098 0.0132747 
GCA036784925_Maine_S_alpinus   0.0132747 0.0043988 0.0043988 0.0088236 0.0177523 0.4408400 0.0222568 0.0088236 0.0088236 0.0177523 0.0359345 0.0000000 0.0000010 0.2363098 0.0498673 
GCA045679555_Iceland_A_alpinus 0.0132747 0.0043988 0.0043988 0.0088236 0.0177523 0.4408400 0.0222568 0.0088236 0.0088236 0.0177523 0.0359345 0.0000010 0.0000000 0.2363098 0.0498673 
GCF013265735_Rainbow_Trout     0.2550618 0.2425089 0.2425089 0.2487592 0.2240656 0.6986687 0.2301632 0.2487592 0.2487592 0.2240656 0.2363098 0.2363098 0.2363098 0.0000000 0.2550618 
GCF029448725_Brook_Trout       0.0640633 0.0545695 0.0545695 0.0593014 0.0313477 0.7798288 0.0359345 0.0498673 0.0498673 0.0313477 0.0132747 0.0498673 0.0498673 0.2550618 0.0000000 
