14
251140_Ward_Creek              0.0000000 0.0000010 0.2548660 0.0740888 1.9133308 0.0000010 1.9133308 0.0745301 0.1544992 0.7295392 0.2568121 0.3579183 4.3515800 1.7975824 
260512_Pybus_Point             0.0000010 0.0000000 0.2548660 0.0740888 1.9133308 0.0000010 1.9133308 0.0745301 0.1544992 0.7295392 0.2568121 0.3579183 4.3515800 1.7975824 
261935_Kenai_River             0.2548660 0.2548660 0.0000000 0.1629370 1.4025352 0.5037423 1.4025352 0.3553166 0.2565083 0.7440231 0.1543187 0.2407097 3.1968006 1.4827159 
353213_Cropley_Lake            0.0740888 0.0740888 0.1629370 0.0000000 1.8443802 0.0000010 1.8443802 0.1544992 0.0744465 0.8706593 0.3553166 0.4611086 3.7697564 1.7760783 
353379_Skagit_River            1.9133308 1.9133308 1.4025352 1.8443802 0.0000000 1.6981419 0.0000010 1.8351439 1.8003812 1.3535799 1.4085703 1.4527898 2.6128819 2.0675751 
353381_Dungeness_River         0.0000010 0.0000010 0.5037423 0.0000010 1.6981419 0.0000000 1.6981419 0.1908658 0.1908658 1.7440606 0.8225008 1.0646017 8.9999983 2.7686242 
353401_Peace_River             1.9133308 1.9133308 1.4025352 1.8443802 0.0000010 1.6981419 0.0000000 1.8351439 1.8003812 1.3535799 1.4085703 1.4527898 2.6128819 2.0675751 
353407_Noatok                  0.0745301 0.0745301 0.3553166 0.1544992 1.8351439 0.1908658 1.8351439 0.0000000 0.0741533 0.8807911 0.1632833 0.2568121 3.6291271 1.8381811 
353410_Horizon_Lake            0.1544992 0.1544992 0.2565083 0.0744465 1.8003812 0.1908658 1.8003812 0.0741533 0.0000000 1.0011859 0.2551049 0.3553166 3.3315068 1.8027367 
GCA016432855_Lake_Trout        0.7295392 0.7295392 0.7440231 0.8706593 1.3535799 1.7440606 1.3535799 0.8807911 1.0011859 0.0000000 0.7511367 0.8621400 3.7876787 0.5129842 
GCA036784925_Maine_S_alpinus   0.2568121 0.2568121 0.1543187 0.3553166 1.4085703 0.8225008 1.4085703 0.1632833 0.2551049 0.7511367 0.0000000 0.0744370 3.1227860 1.4101745 
GCA045679555_Iceland_A_alpinus 0.3579183 0.3579183 0.2407097 0.4611086 1.4527898 1.0646017 1.4527898 0.2568121 0.3553166 0.8621400 0.0744370 0.0000000 2.8883018 1.4541869 
GCF013265735_Rainbow_Trout     4.3515800 4.3515800 3.1968006 3.7697564 2.6128819 8.9999983 2.6128819 3.6291271 3.3315068 3.7876787 3.1227860 2.8883018 0.0000000 2.8492745 
GCF029448725_Brook_Trout       1.7975824 1.7975824 1.4827159 1.7760783 2.0675751 2.7686242 2.0675751 1.8381811 1.8027367 0.5129842 1.4101745 1.4541869 2.8492745 0.0000000 
