12
251140_Ward_Creek            0.0000000 0.3458457 0.0000010 0.0056333 0.0000010 0.0056333 0.0056382 0.0021253 0.0075178 0.0256728 0.1030374 0.0170253 
260512_Pybus_Point           0.3458457 0.0000000 0.3458457 0.4317644 0.3458457 0.4317644 0.4369161 0.3737033 0.4620436 0.0599449 0.9387509 0.5320155 
261935_Kenai_River           0.0000010 0.3458457 0.0000000 0.0056333 0.0000010 0.0056333 0.0056382 0.0021253 0.0075178 0.0256728 0.1030374 0.0170253 
353379_Skagit_River          0.0056333 0.4317644 0.0056333 0.0000000 0.0063888 0.0000010 0.0113082 0.0085285 0.0131945 0.0316916 0.1097024 0.0227643 
353381_Dungeness_River       0.0000010 0.3458457 0.0000010 0.0063888 0.0000000 0.0063888 0.0063950 0.0021253 0.0085285 0.0293213 0.1152591 0.0193289 
353401_Peace_River           0.0056333 0.4317644 0.0056333 0.0000010 0.0063888 0.0000000 0.0113082 0.0085285 0.0131945 0.0316916 0.1097024 0.0227643 
353407_Noatok                0.0056382 0.4369161 0.0056382 0.0113082 0.0063950 0.0113082 0.0000000 0.0085367 0.0132057 0.0317200 0.1098085 0.0227839 
353410_Horizon_Lake          0.0021253 0.3737033 0.0021253 0.0085285 0.0021253 0.0085285 0.0085367 0.0000000 0.0106719 0.0316126 0.1178067 0.0214996 
GCA016432855_Lake_Trout      0.0075178 0.4620436 0.0075178 0.0131945 0.0085285 0.0131945 0.0132057 0.0106719 0.0000000 0.0337058 0.1119339 0.0132170 
GCA036784925_Maine_S_alpinus 0.0256728 0.0599449 0.0256728 0.0316916 0.0293213 0.0316916 0.0317200 0.0316126 0.0337058 0.0000000 0.0741646 0.0439168 
GCF013265735_Rainbow_Trout   0.1030374 0.9387509 0.1030374 0.1097024 0.1152591 0.1097024 0.1098085 0.1178067 0.1119339 0.0741646 0.0000000 0.1234065 
GCF029448725_Brook_Trout     0.0170253 0.5320155 0.0170253 0.0227643 0.0193289 0.0227643 0.0227839 0.0214996 0.0132170 0.0439168 0.1234065 0.0000000 
