16
251140_Ward_Creek              0.0000000 0.0000010 0.0000010 0.0295403 0.0104871 0.0145233 0.0295403 0.0292751 0.0292751 0.0290138 0.0290138 0.0442612 0.0143949 0.0143949 0.8766460 0.0594878 
260512_Pybus_Point             0.0000010 0.0000000 0.0000010 0.0295403 0.0104871 0.0145233 0.0295403 0.0292751 0.0292751 0.0290138 0.0290138 0.0442612 0.0143949 0.0143949 0.8766460 0.0594878 
261935_Kenai_River             0.0000010 0.0000010 0.0000000 0.0491431 0.0491431 0.0238931 0.0491431 0.0484101 0.0484101 0.0476988 0.0476988 0.0735780 0.0235485 0.0235485 2.4426317 0.0994253 
353213_Cropley_Lake            0.0295403 0.0295403 0.0491431 0.0000000 0.0000010 0.0145233 0.0000010 0.0292751 0.0292751 0.0600394 0.0600394 0.0442612 0.0446668 0.0446668 0.8766460 0.0594878 
353219_Peterson_Creek          0.0104871 0.0104871 0.0491431 0.0000010 0.0000000 0.0145233 0.0000010 0.0292751 0.0292751 0.0600394 0.0600394 0.0442612 0.0446668 0.0446668 0.8766460 0.0594878 
353220_Fish_Creek              0.0145233 0.0145233 0.0238931 0.0145233 0.0145233 0.0000000 0.0145233 0.0143949 0.0143949 0.0442612 0.0442612 0.0290138 0.0292751 0.0292751 0.8212276 0.0438629 
353246_Cottonwood_Creek        0.0295403 0.0295403 0.0491431 0.0000010 0.0000010 0.0145233 0.0000000 0.0292751 0.0292751 0.0600394 0.0600394 0.0442612 0.0446668 0.0446668 0.8766460 0.0594878 
353379_Skagit_River            0.0292751 0.0292751 0.0484101 0.0292751 0.0292751 0.0143949 0.0292751 0.0000000 0.0000010 0.0594878 0.0594878 0.0438629 0.0442612 0.0442612 0.8583014 0.0589463 
353401_Peace_River             0.0292751 0.0292751 0.0484101 0.0292751 0.0292751 0.0143949 0.0292751 0.0000010 0.0000000 0.0594878 0.0594878 0.0438629 0.0442612 0.0442612 0.8583014 0.0589463 
353407_Noatok                  0.0290138 0.0290138 0.0476988 0.0600394 0.0600394 0.0442612 0.0600394 0.0594878 0.0594878 0.0000000 0.0000010 0.0749612 0.0143949 0.0143949 0.9554762 0.0906880 
353410_Horizon_Lake            0.0290138 0.0290138 0.0476988 0.0600394 0.0600394 0.0442612 0.0600394 0.0594878 0.0594878 0.0000010 0.0000000 0.0749612 0.0143949 0.0143949 0.9554762 0.0906880 
GCA016432855_Lake_Trout        0.0442612 0.0442612 0.0735780 0.0442612 0.0442612 0.0290138 0.0442612 0.0438629 0.0438629 0.0749612 0.0749612 0.0000000 0.0594878 0.0594878 0.7493605 0.0143949 
GCA036784925_Maine_S_alpinus   0.0143949 0.0143949 0.0235485 0.0446668 0.0446668 0.0292751 0.0446668 0.0442612 0.0442612 0.0143949 0.0143949 0.0594878 0.0000000 0.0000010 0.9156962 0.0749612 
GCA045679555_Iceland_A_alpinus 0.0143949 0.0143949 0.0235485 0.0446668 0.0446668 0.0292751 0.0446668 0.0442612 0.0442612 0.0143949 0.0143949 0.0594878 0.0000010 0.0000000 0.9156962 0.0749612 
GCF013265735_Rainbow_Trout     0.8766460 0.8766460 2.4426317 0.8766460 0.8766460 0.8212276 0.8766460 0.8583014 0.8583014 0.9554762 0.9554762 0.7493605 0.9156962 0.9156962 0.0000000 0.7146061 
GCF029448725_Brook_Trout       0.0594878 0.0594878 0.0994253 0.0594878 0.0594878 0.0438629 0.0594878 0.0589463 0.0589463 0.0906880 0.0906880 0.0143949 0.0749612 0.0749612 0.7146061 0.0000000 
