7
251140_Ward_Creek          0.0000000 0.0000010 0.0155863 0.0155863 0.0077311 0.1240709 1.6236647 
260512_Pybus_Point         0.0000010 0.0000000 0.0155863 0.0155863 0.0077311 0.1240709 1.6236647 
261935_Kenai_River         0.0155863 0.0155863 0.0000000 0.0000010 0.0235994 0.1432840 1.8392405 
353213_Cropley_Lake        0.0155863 0.0155863 0.0000010 0.0000000 0.0235994 0.1432840 1.8392405 
GCA016432855_Lake_Trout    0.0077311 0.0077311 0.0235994 0.0235994 0.0000000 0.1336841 1.6236647 
GCF013265735_Rainbow_Trout 0.1240709 0.1240709 0.1432840 0.1432840 0.1336841 0.0000000 2.9408948 
GCF029448725_Brook_Trout   1.6236647 1.6236647 1.8392405 1.8392405 1.6236647 2.9408948 0.0000000 
