11
251140_Ward_Creek              0.0000000 0.0000010 0.0308689 0.0308689 0.0308689 0.1191334 0.2433221 0.0629147 0.0629147 1.1179068 0.0629147 
260512_Pybus_Point             0.0000010 0.0000000 0.0308689 0.0308689 0.0308689 0.1191334 0.2433221 0.0629147 0.0629147 1.1179068 0.0629147 
353379_Skagit_River            0.0308689 0.0308689 0.0000000 0.0629147 0.0000010 0.0775546 0.2043046 0.0308689 0.0308689 1.0258751 0.0308689 
353381_Dungeness_River         0.0308689 0.0308689 0.0629147 0.0000000 0.0629147 0.1627572 0.2839515 0.0962092 0.0962092 1.2100928 0.0962092 
353401_Peace_River             0.0308689 0.0308689 0.0000010 0.0629147 0.0000000 0.0775546 0.2043046 0.0308689 0.0308689 1.0258751 0.0308689 
353410_Horizon_Lake            0.1191334 0.1191334 0.0775546 0.1627572 0.0775546 0.0000000 0.3603499 0.0340197 0.0340197 1.7742090 0.1191334 
GCA016432855_Lake_Trout        0.2433221 0.2433221 0.2043046 0.2839515 0.2043046 0.3603499 0.0000000 0.2433221 0.2433221 1.5547122 0.1668291 
GCA036784925_Maine_S_alpinus   0.0629147 0.0629147 0.0308689 0.0962092 0.0308689 0.0340197 0.2433221 0.0000000 0.0000010 1.1179068 0.0629147 
GCA045679555_Iceland_A_alpinus 0.0629147 0.0629147 0.0308689 0.0962092 0.0308689 0.0340197 0.2433221 0.0000010 0.0000000 1.1179068 0.0629147 
GCF013265735_Rainbow_Trout     1.1179068 1.1179068 1.0258751 1.2100928 1.0258751 1.7742090 1.5547122 1.1179068 1.1179068 0.0000000 1.1179068 
GCF029448725_Brook_Trout       0.0629147 0.0629147 0.0308689 0.0962092 0.0308689 0.1191334 0.1668291 0.0629147 0.0629147 1.1179068 0.0000000 
