7
251140_Ward_Creek              0.0000000 0.0000010 0.7166336 0.7166336 0.9492498 9.0000000 0.9492498 
260512_Pybus_Point             0.0000010 0.0000000 0.7166336 0.7166336 0.9492498 9.0000000 0.9492498 
261935_Kenai_River             0.7166336 0.7166336 0.0000000 0.0000010 0.0811602 0.5393420 0.0811602 
353246_Cottonwood_Creek        0.7166336 0.7166336 0.0000010 0.0000000 0.0811602 0.5393420 0.0811602 
GCA045679555_Iceland_A_alpinus 0.9492498 0.9492498 0.0811602 0.0811602 0.0000000 0.7166336 0.1721808 
GCF013265735_Rainbow_Trout     9.0000000 9.0000000 0.5393420 0.5393420 0.7166336 0.0000000 0.7166336 
GCF029448725_Brook_Trout       0.9492498 0.9492498 0.0811602 0.0811602 0.1721808 0.7166336 0.0000000 
