12
251140_Ward_Creek            0.0000000 0.0000010 0.1073256 0.1073256 0.0105448 0.3070574 0.0105448 0.0052539 0.0158736 0.0052539 0.0266457 0.0430998 
260512_Pybus_Point           0.0000010 0.0000000 0.1073256 0.1073256 0.0105448 0.3070574 0.0105448 0.0052539 0.0158736 0.0052539 0.0266457 0.0430998 
261935_Kenai_River           0.1073256 0.1073256 0.0000000 0.0000010 0.1286037 9.0000000 0.1286037 0.1178892 0.1286037 0.1178892 0.1616972 0.1616972 
353219_Peterson_Creek        0.1073256 0.1073256 0.0000010 0.0000000 0.1286037 9.0000000 0.1286037 0.1178892 0.1286037 0.1178892 0.1616972 0.1616972 
353379_Skagit_River          0.0105448 0.0105448 0.1286037 0.1286037 0.0000000 0.3190092 0.0000010 0.0158736 0.0052539 0.0158736 0.0158736 0.0320905 
353381_Dungeness_River       0.3070574 0.3070574 9.0000000 9.0000000 0.3190092 0.0000000 0.3190092 0.3190092 0.3311559 0.3190092 0.3560542 0.3688206 
353401_Peace_River           0.0105448 0.0105448 0.1286037 0.1286037 0.0000010 0.3190092 0.0000000 0.0158736 0.0052539 0.0158736 0.0158736 0.0320905 
353410_Horizon_Lake          0.0052539 0.0052539 0.1178892 0.1178892 0.0158736 0.3190092 0.0158736 0.0000000 0.0212404 0.0000010 0.0320905 0.0486657 
GCA016432855_Lake_Trout      0.0158736 0.0158736 0.1286037 0.1286037 0.0052539 0.3311559 0.0052539 0.0212404 0.0000000 0.0212404 0.0212404 0.0320905 
GCA036784925_Maine_S_alpinus 0.0052539 0.0052539 0.1178892 0.1178892 0.0158736 0.3190092 0.0158736 0.0000010 0.0212404 0.0000000 0.0320905 0.0486657 
GCF013265735_Rainbow_Trout   0.0266457 0.0266457 0.1616972 0.1616972 0.0158736 0.3560542 0.0158736 0.0320905 0.0212404 0.0320905 0.0000000 0.0486657 
GCF029448725_Brook_Trout     0.0430998 0.0430998 0.1616972 0.1616972 0.0320905 0.3688206 0.0320905 0.0486657 0.0320905 0.0486657 0.0486657 0.0000000 
