19
251140_Ward_Creek              0.0000000 0.0000010 0.0585950 0.0000010 0.1236899 0.0150777 0.2318858 0.1519173 0.2416039 0.0764429 0.0763976 0.2455646 0.1878279 0.2989231 0.0287923 0.0287923 2.9612376 0.5097619 0.2538563 
260512_Pybus_Point             0.0000010 0.0000000 0.0590204 0.0000010 0.1236899 0.0150777 0.2318858 0.1519173 0.2416039 0.0764429 0.0763976 0.2455646 0.1878279 0.2989231 0.0287923 0.0287923 2.9612376 0.5097619 0.2538563 
261935_Kenai_River             0.0585950 0.0590204 0.0000000 0.0585950 0.1408506 0.0435980 0.2975744 0.2104973 0.2939482 0.0931914 0.1031068 0.3092364 0.2803645 0.3281300 0.0570526 0.0701424 2.8866008 0.5920315 0.2578394 
353213_Cropley_Lake            0.0000010 0.0000010 0.0585950 0.0000000 0.1236899 0.0150777 0.2318858 0.1519173 0.2416039 0.0764429 0.0763976 0.2455646 0.1878279 0.2989231 0.0287923 0.0287923 2.9612376 0.5097619 0.2538563 
353219_Peterson_Creek          0.1236899 0.1236899 0.1408506 0.1236899 0.0000000 0.1229603 0.1968390 0.4113804 0.1802919 0.1095447 0.0421210 0.2125446 0.1541537 0.3711003 0.1521886 0.1645109 2.6841388 0.5584599 0.1812394 
353246_Cottonwood_Creek        0.0150777 0.0150777 0.0435980 0.0150777 0.1229603 0.0000000 0.2506605 0.1004904 0.2597942 0.0810992 0.0920585 0.2640565 0.2074951 0.2757092 0.0000010 0.0286310 2.9739671 0.5787967 0.2330514 
353379_Skagit_River            0.2318858 0.2318858 0.2975744 0.2318858 0.1968390 0.2506605 0.0000000 1.0394794 0.0000010 0.2167684 0.2182215 0.0000010 0.0138449 0.4636046 0.2623746 0.2545650 2.7421053 0.7118592 0.0288287 
353381_Dungeness_River         0.1519173 0.1519173 0.2104973 0.1519173 0.4113804 0.1004904 1.0394794 0.0000000 0.9815654 0.3212518 0.3178655 1.0322926 1.0965479 1.1594126 0.1018229 0.1680886 4.5894978 1.7423375 0.8369655 
353401_Peace_River             0.2416039 0.2416039 0.2939482 0.2416039 0.1802919 0.2597942 0.0000010 0.9815654 0.0000000 0.2469830 0.2277280 0.0000010 0.0000010 0.4555368 0.2709257 0.2631279 2.6367027 0.7268498 0.0278026 
353407_Noatok                  0.0764429 0.0764429 0.0931914 0.0764429 0.1095447 0.0810992 0.2167684 0.3212518 0.2469830 0.0000000 0.0619003 0.2308250 0.1926332 0.3056838 0.0926226 0.0926226 2.9203906 0.5189245 0.2594203 
353410_Horizon_Lake            0.0763976 0.0763976 0.1031068 0.0763976 0.0421210 0.0920585 0.2182215 0.3178655 0.2277280 0.0619003 0.0000000 0.2312197 0.1960714 0.3537322 0.1052812 0.1143474 2.7211513 0.5429530 0.2394547 
92319_Little_Lost              0.2455646 0.2455646 0.3092364 0.2455646 0.2125446 0.2640565 0.0000010 1.0322926 0.0000010 0.2308250 0.2312197 0.0000000 0.0138449 0.4636046 0.2752611 0.2672276 2.6545665 0.7278050 0.0281734 
94280_St_Joe                   0.1878279 0.1878279 0.2803645 0.1878279 0.1541537 0.2074951 0.0138449 1.0965479 0.0000010 0.1926332 0.1960714 0.0138449 0.0000000 0.4732552 0.2209169 0.2139233 2.5462396 0.6878413 0.0309539 
GCA016432855_Lake_Trout        0.2989231 0.2989231 0.3281300 0.2989231 0.3711003 0.2757092 0.4636046 1.1594126 0.4555368 0.3056838 0.3537322 0.4636046 0.4732552 0.0000000 0.2916998 0.3461610 3.3826145 0.5211240 0.4189939 
GCA036784925_Maine_S_alpinus   0.0287923 0.0287923 0.0570526 0.0287923 0.1521886 0.0000010 0.2623746 0.1018229 0.2709257 0.0926226 0.1052812 0.2752611 0.2209169 0.2916998 0.0000000 0.0278524 2.9254742 0.5414188 0.2443910 
GCA045679555_Iceland_A_alpinus 0.0287923 0.0287923 0.0701424 0.0287923 0.1645109 0.0286310 0.2545650 0.1680886 0.2631279 0.0926226 0.1143474 0.2672276 0.2139233 0.3461610 0.0278524 0.0000000 2.9698748 0.6176429 0.2375475 
GCF013265735_Rainbow_Trout     2.9612376 2.9612376 2.8866008 2.9612376 2.6841388 2.9739671 2.7421053 4.5894978 2.6367027 2.9203906 2.7211513 2.6545665 2.5462396 3.3826145 2.9254742 2.9698748 0.0000000 2.7317130 2.6220830 
GCF029448725_Brook_Trout       0.5097619 0.5097619 0.5920315 0.5097619 0.5584599 0.5787967 0.7118592 1.7423375 0.7268498 0.5189245 0.5429530 0.7278050 0.6878413 0.5211240 0.5414188 0.6176429 2.7317130 0.0000000 0.6626883 
Methow_River_99895             0.2538563 0.2538563 0.2578394 0.2538563 0.1812394 0.2330514 0.0288287 0.8369655 0.0278026 0.2594203 0.2394547 0.0281734 0.0309539 0.4189939 0.2443910 0.2375475 2.6220830 0.6626883 0.0000000 
