20
251140_Ward_Creek              0.0000000 0.0036973 0.0698227 0.0227858 0.0114805 0.0650605 0.0889123 0.0797967 0.0199575 0.0787377 0.0657500 0.0101560 0.1309651 0.0787377 0.0697186 0.0022997 0.0022997 0.2751289 0.0852889 0.1113839 
260512_Pybus_Point             0.0036973 0.0000000 0.0792529 0.0290588 0.0140452 0.0860414 0.0834992 0.1065129 0.0327002 0.1050134 0.0790288 0.0115089 0.1877554 0.1050134 0.0874130 0.0007271 0.0007271 0.3759198 0.1032104 0.1523645 
261935_Kenai_River             0.0698227 0.0792529 0.0000000 0.0940560 0.0734593 0.0299447 0.0210766 0.0331522 0.1435487 0.0322755 0.0029073 0.0590041 0.0775548 0.0322755 0.0406192 0.0697583 0.0697583 0.2118131 0.0557924 0.0615555 
353213_Cropley_Lake            0.0227858 0.0290588 0.0940560 0.0000000 0.0160206 0.0664037 0.1139774 0.0843494 0.0198311 0.0792308 0.0887334 0.0321941 0.1288011 0.0792308 0.0886678 0.0228192 0.0228192 0.3094732 0.1067790 0.1106573 
353219_Peterson_Creek          0.0114805 0.0140452 0.0734593 0.0160206 0.0000000 0.0652511 0.0930367 0.0871845 0.0344029 0.0820193 0.0665876 0.0176991 0.1267767 0.0820193 0.0668443 0.0114612 0.0114612 0.2926004 0.0807039 0.1137256 
353220_Fish_Creek              0.0650605 0.0860414 0.0299447 0.0664037 0.0652511 0.0000000 0.0439342 0.0132426 0.1051863 0.0098085 0.0285944 0.0766440 0.0426950 0.0098085 0.0373341 0.0671895 0.0671895 0.2359896 0.0537980 0.0316684 
353246_Cottonwood_Creek        0.0889123 0.0834992 0.0210766 0.1139774 0.0930367 0.0439342 0.0000000 0.0509179 0.1907325 0.0498736 0.0208253 0.0868080 0.1061354 0.0498736 0.0598596 0.0868377 0.0868377 0.2494327 0.0779283 0.0834586 
353379_Skagit_River            0.0797967 0.1065129 0.0331522 0.0843494 0.0871845 0.0132426 0.0509179 0.0000000 0.1339275 0.0031798 0.0324316 0.0822626 0.0336225 0.0031798 0.0436397 0.0823157 0.0823157 0.2359928 0.0593536 0.0239028 
353381_Dungeness_River         0.0199575 0.0327002 0.1435487 0.0198311 0.0344029 0.1051863 0.1907325 0.1339275 0.0000000 0.1320005 0.1301268 0.0306466 0.2499555 0.1320005 0.1299591 0.0220349 0.0220349 0.4113093 0.1635090 0.1920353 
353401_Peace_River             0.0787377 0.1050134 0.0322755 0.0792308 0.0820193 0.0098085 0.0498736 0.0031798 0.1320005 0.0000000 0.0315952 0.0811895 0.0309537 0.0000010 0.0390946 0.0812460 0.0812460 0.2346249 0.0548089 0.0216193 
353407_Noatok                  0.0657500 0.0790288 0.0029073 0.0887334 0.0665876 0.0285944 0.0208253 0.0324316 0.1301268 0.0315952 0.0000000 0.0555365 0.0707450 0.0315952 0.0394961 0.0656878 0.0656878 0.2044705 0.0533085 0.0594302 
353410_Horizon_Lake            0.0101560 0.0115089 0.0590041 0.0321941 0.0176991 0.0766440 0.0868080 0.0822626 0.0306466 0.0811895 0.0555365 0.0000000 0.1269404 0.0811895 0.0698538 0.0089108 0.0089108 0.2824655 0.0846721 0.1166746 
92319_Little_Lost              0.1309651 0.1877554 0.0775548 0.1288011 0.1267767 0.0426950 0.1061354 0.0336225 0.2499555 0.0309537 0.0707450 0.1269404 0.0000000 0.0309537 0.0807034 0.1343150 0.1343150 0.3143511 0.0953594 0.0086801 
94280_St_Joe                   0.0787377 0.1050134 0.0322755 0.0792308 0.0820193 0.0098085 0.0498736 0.0031798 0.1320005 0.0000010 0.0315952 0.0811895 0.0309537 0.0000000 0.0390946 0.0812460 0.0812460 0.2346249 0.0548089 0.0216193 
GCA016432855_Lake_Trout        0.0697186 0.0874130 0.0406192 0.0886678 0.0668443 0.0373341 0.0598596 0.0436397 0.1299591 0.0390946 0.0394961 0.0698538 0.0807034 0.0390946 0.0000000 0.0697127 0.0697127 0.2002791 0.0216884 0.0684111 
GCA036784925_Maine_S_alpinus   0.0022997 0.0007271 0.0697583 0.0228192 0.0114612 0.0671895 0.0868377 0.0823157 0.0220349 0.0812460 0.0656878 0.0089108 0.1343150 0.0812460 0.0697127 0.0000000 0.0000010 0.2806211 0.0862528 0.1142505 
GCA045679555_Iceland_A_alpinus 0.0022997 0.0007271 0.0697583 0.0228192 0.0114612 0.0671895 0.0868377 0.0823157 0.0220349 0.0812460 0.0656878 0.0089108 0.1343150 0.0812460 0.0697127 0.0000010 0.0000000 0.2806211 0.0862528 0.1142505 
GCF013265735_Rainbow_Trout     0.2751289 0.3759198 0.2118131 0.3094732 0.2926004 0.2359896 0.2494327 0.2359928 0.4113093 0.2346249 0.2044705 0.2824655 0.3143511 0.2346249 0.2002791 0.2806211 0.2806211 0.0000000 0.2402454 0.2792331 
GCF029448725_Brook_Trout       0.0852889 0.1032104 0.0557924 0.1067790 0.0807039 0.0537980 0.0779283 0.0593536 0.1635090 0.0548089 0.0533085 0.0846721 0.0953594 0.0548089 0.0216884 0.0862528 0.0862528 0.2402454 0.0000000 0.0839475 
Methow_River_99895             0.1113839 0.1523645 0.0615555 0.1106573 0.1137256 0.0316684 0.0834586 0.0239028 0.1920353 0.0216193 0.0594302 0.1166746 0.0086801 0.0216193 0.0684111 0.1142505 0.1142505 0.2792331 0.0839475 0.0000000 
