10
251140_Ward_Creek          0.0000000 0.0000010 0.0402166 0.2946523 0.2946523 0.0392624 0.0392624 0.2031057 0.4530778 0.3488503 
260512_Pybus_Point         0.0000010 0.0000000 0.0402166 0.2946523 0.2946523 0.0392624 0.0392624 0.2031057 0.4530778 0.3488503 
353220_Fish_Creek          0.0402166 0.0402166 0.0000000 0.4052245 0.4052245 0.0822136 0.0822136 0.2946523 0.5368210 0.4568106 
353379_Skagit_River        0.2946523 0.2946523 0.4052245 0.0000000 0.0000010 0.2121859 0.2121859 0.4052245 0.9698811 0.5882093 
353401_Peace_River         0.2946523 0.2946523 0.4052245 0.0000010 0.0000000 0.2121859 0.2121859 0.4052245 0.9698811 0.5882093 
353407_Noatok              0.0392624 0.0392624 0.0822136 0.2121859 0.2121859 0.0000000 0.0000010 0.1305681 0.3919551 0.2690949 
353410_Horizon_Lake        0.0392624 0.0392624 0.0822136 0.2121859 0.2121859 0.0000010 0.0000000 0.1305681 0.3919551 0.2690949 
GCA016432855_Lake_Trout    0.2031057 0.2031057 0.2946523 0.4052245 0.4052245 0.1305681 0.1305681 0.0000000 1.0406358 0.2812473 
GCF013265735_Rainbow_Trout 0.4530778 0.4530778 0.5368210 0.9698811 0.9698811 0.3919551 0.3919551 1.0406358 0.0000000 1.2418451 
GCF029448725_Brook_Trout   0.3488503 0.3488503 0.4568106 0.5882093 0.5882093 0.2690949 0.2690949 0.2812473 1.2418451 0.0000000 
