9
251140_Ward_Creek          0.0000000 0.0000010 0.0969088 0.0969088 0.0969088 0.0969088 0.3389888 0.6986687 0.4974707 
260512_Pybus_Point         0.0000010 0.0000000 0.0969088 0.0969088 0.0969088 0.0969088 0.3389888 0.6986687 0.4974707 
353379_Skagit_River        0.0969088 0.0969088 0.0000000 0.0000010 0.2082238 0.2082238 0.2082238 0.4974707 0.3389888 
353401_Peace_River         0.0969088 0.0969088 0.0000010 0.0000000 0.2082238 0.2082238 0.2082238 0.4974707 0.3389888 
353407_Noatok              0.0969088 0.0969088 0.2082238 0.2082238 0.0000000 0.0000010 0.4974707 0.9744622 0.6986687 
353410_Horizon_Lake        0.0969088 0.0969088 0.2082238 0.2082238 0.0000010 0.0000000 0.4974707 0.9744622 0.6986687 
GCA016432855_Lake_Trout    0.3389888 0.3389888 0.2082238 0.2082238 0.4974707 0.4974707 0.0000000 0.9744622 0.6986687 
GCF013265735_Rainbow_Trout 0.6986687 0.6986687 0.4974707 0.4974707 0.9744622 0.9744622 0.9744622 0.0000000 1.4153022 
GCF029448725_Brook_Trout   0.4974707 0.4974707 0.3389888 0.3389888 0.6986687 0.6986687 0.6986687 1.4153022 0.0000000 
