7
251140_Ward_Creek          0.0000000 0.0000010 0.1884858 0.1884858 0.0883373 0.0883373 9.0000000 
260512_Pybus_Point         0.0000010 0.0000000 0.1884858 0.1884858 0.0883373 0.0883373 9.0000000 
353379_Skagit_River        0.1884858 0.1884858 0.0000000 0.0000010 0.0883373 0.3040988 9.0000000 
353401_Peace_River         0.1884858 0.1884858 0.0000010 0.0000000 0.0883373 0.3040988 9.0000000 
353407_Noatok              0.0883373 0.0883373 0.0883373 0.0883373 0.0000000 0.1468084 0.7083462 
GCA016432855_Lake_Trout    0.0883373 0.0883373 0.3040988 0.3040988 0.1468084 0.0000000 2.8549936 
GCF013265735_Rainbow_Trout 9.0000000 9.0000000 9.0000000 9.0000000 0.7083462 2.8549936 0.0000000 
