16
251140_Ward_Creek            0.0000000 0.0481643 0.0415746 0.0415746 0.0027980 0.0515171 0.0481995 0.0699471 0.0481995 0.0515329 0.0548484 0.0960642 0.0683370 0.0548484 0.1627547 0.0649320 
260512_Pybus_Point           0.0481643 0.0000000 0.0053837 0.0053837 0.0514793 0.0135360 0.0108107 0.0122950 0.0108107 0.0135394 0.0162705 0.0221779 0.0273096 0.0162705 0.1043339 0.0245321 
261935_Kenai_River           0.0415746 0.0053837 0.0000000 0.0000010 0.0448628 0.0080944 0.0053868 0.0040776 0.0053868 0.0080964 0.0108107 0.0132341 0.0217739 0.0108107 0.0981719 0.0190161 
353213_Cropley_Lake          0.0415746 0.0053837 0.0000010 0.0000000 0.0448628 0.0080944 0.0053868 0.0040776 0.0053868 0.0080964 0.0108107 0.0132341 0.0217739 0.0108107 0.0981719 0.0190161 
353219_Peterson_Creek        0.0027980 0.0514793 0.0448628 0.0448628 0.0000000 0.0481790 0.0515171 0.0755873 0.0515171 0.0548652 0.0581933 0.1024626 0.0649200 0.0581933 0.1665990 0.0683196 
353246_Cottonwood_Creek      0.0515171 0.0135360 0.0080944 0.0080944 0.0481790 0.0000000 0.0080969 0.0164502 0.0080969 0.0053866 0.0135401 0.0177025 0.0190191 0.0135401 0.1012827 0.0217761 
353379_Skagit_River          0.0481995 0.0108107 0.0053868 0.0053868 0.0515171 0.0080969 0.0000000 0.0123061 0.0000010 0.0080988 0.0053866 0.0043865 0.0162746 0.0053866 0.0920504 0.0162713 
353381_Dungeness_River       0.0699471 0.0122950 0.0040776 0.0040776 0.0755873 0.0164502 0.0123061 0.0000000 0.0123061 0.0123061 0.0206156 0.0403205 0.0332445 0.0206156 0.1400973 0.0332469 
353401_Peace_River           0.0481995 0.0108107 0.0053868 0.0053868 0.0515171 0.0080969 0.0000010 0.0123061 0.0000000 0.0080988 0.0053866 0.0043865 0.0162746 0.0053866 0.0920504 0.0162713 
353407_Noatok                0.0515329 0.0135394 0.0080964 0.0080964 0.0548652 0.0053866 0.0080988 0.0123061 0.0080988 0.0000000 0.0135434 0.0177097 0.0190248 0.0135434 0.1013119 0.0217815 
353410_Horizon_Lake          0.0548484 0.0162705 0.0108107 0.0108107 0.0581933 0.0135401 0.0053866 0.0206156 0.0053866 0.0135434 0.0000000 0.0132330 0.0217728 0.0000010 0.0981666 0.0217684 
92319_Little_Lost            0.0960642 0.0221779 0.0132341 0.0132341 0.1024626 0.0177025 0.0043865 0.0403205 0.0043865 0.0177097 0.0132330 0.0000000 0.0221870 0.0132330 0.1571904 0.0176937 
GCA016432855_Lake_Trout      0.0683370 0.0273096 0.0217739 0.0217739 0.0649200 0.0190191 0.0162746 0.0332445 0.0162746 0.0190248 0.0217728 0.0221870 0.0000000 0.0217728 0.1043584 0.0162673 
GCA036784925_Maine_S_alpinus 0.0548484 0.0162705 0.0108107 0.0108107 0.0581933 0.0135401 0.0053866 0.0206156 0.0053866 0.0135434 0.0000010 0.0132330 0.0217728 0.0000000 0.0981666 0.0217684 
GCF013265735_Rainbow_Trout   0.1627547 0.1043339 0.0981719 0.0981719 0.1665990 0.1012827 0.0920504 0.1400973 0.0920504 0.1013119 0.0981666 0.1571904 0.1043584 0.0981666 0.0000000 0.1043339 
GCF029448725_Brook_Trout     0.0649320 0.0245321 0.0190161 0.0190161 0.0683196 0.0217761 0.0162713 0.0332469 0.0162713 0.0217815 0.0217684 0.0176937 0.0162673 0.0217684 0.1043339 0.0000000 
