19
251140_Ward_Creek              0.0000000 0.0034145 0.0000010 0.0000010 0.0000010 0.0000010 0.0034145 0.0277808 0.0305927 0.0242681 0.0000010 0.0242733 0.0550272 0.0242681 0.0137969 0.0207712 0.0207712 0.1115766 0.0173117 
260512_Pybus_Point             0.0034145 0.0000000 0.0000010 0.0034145 0.0039078 0.0034145 0.0000010 0.0313064 0.0357798 0.0277808 0.0034145 0.0277867 0.0550272 0.0277808 0.0103214 0.0242733 0.0242733 0.1156438 0.0138140 
261935_Kenai_River             0.0000010 0.0000010 0.0000000 0.0000010 0.0000010 0.0000010 0.0000010 0.0335590 0.0409447 0.0293048 0.0000010 0.0124266 0.0550272 0.0293048 0.0124564 0.0082680 0.0082680 0.1272780 0.0166844 
353213_Cropley_Lake            0.0000010 0.0034145 0.0000010 0.0000000 0.0000010 0.0000010 0.0034145 0.0277808 0.0305927 0.0242681 0.0000010 0.0224594 0.0550272 0.0242681 0.0159955 0.0192215 0.0192215 0.1115766 0.0169906 
353219_Peterson_Creek          0.0000010 0.0039078 0.0000010 0.0000010 0.0000000 0.0000010 0.0039078 0.0318689 0.0376904 0.0278323 0.0000010 0.0272475 0.0550272 0.0278323 0.0154771 0.0233117 0.0233117 0.1120550 0.0194298 
353220_Fish_Creek              0.0000010 0.0034145 0.0000010 0.0000010 0.0000010 0.0000000 0.0034145 0.0277808 0.0305927 0.0242681 0.0000010 0.0224594 0.0550272 0.0242681 0.0159955 0.0192215 0.0192215 0.1115766 0.0169906 
353246_Cottonwood_Creek        0.0034145 0.0000010 0.0000010 0.0034145 0.0039078 0.0034145 0.0000000 0.0313064 0.0357798 0.0277808 0.0034145 0.0277867 0.0550272 0.0277808 0.0103214 0.0242733 0.0242733 0.1156438 0.0138140 
353379_Skagit_River            0.0277808 0.0313064 0.0335590 0.0277808 0.0318689 0.0277808 0.0313064 0.0000000 0.0679939 0.0029506 0.0277808 0.0530042 0.0056295 0.0029506 0.0348180 0.0425000 0.0493852 0.1360916 0.0384477 
353381_Dungeness_River         0.0305927 0.0357798 0.0409447 0.0305927 0.0376904 0.0305927 0.0357798 0.0679939 0.0000000 0.0626036 0.0305927 0.0680149 0.3924732 0.0626036 0.0519021 0.0626230 0.0626230 0.1615276 0.0574252 
353401_Peace_River             0.0242681 0.0277808 0.0293048 0.0242681 0.0278323 0.0242681 0.0277808 0.0029506 0.0626036 0.0000000 0.0242681 0.0493852 0.0000010 0.0000010 0.0312836 0.0394053 0.0457805 0.1319495 0.0348935 
353407_Noatok                  0.0000010 0.0034145 0.0000010 0.0000010 0.0000010 0.0000010 0.0034145 0.0277808 0.0305927 0.0242681 0.0000000 0.0242733 0.0550272 0.0242681 0.0137969 0.0207712 0.0207712 0.1115766 0.0173117 
353410_Horizon_Lake            0.0242733 0.0277867 0.0124266 0.0224594 0.0272475 0.0224594 0.0277867 0.0530042 0.0680149 0.0493852 0.0242733 0.0000000 0.0800800 0.0493852 0.0390084 0.0028683 0.0028683 0.1329054 0.0414787 
92319_Little_Lost              0.0550272 0.0550272 0.0550272 0.0550272 0.0550272 0.0550272 0.0550272 0.0056295 0.3924732 0.0000010 0.0550272 0.0800800 0.0000000 0.0000010 0.0630235 0.0525536 0.0717977 0.2594216 0.0715261 
94280_St_Joe                   0.0242681 0.0277808 0.0293048 0.0242681 0.0278323 0.0242681 0.0277808 0.0029506 0.0626036 0.0000010 0.0242681 0.0493852 0.0000010 0.0000000 0.0312836 0.0394053 0.0457805 0.1319495 0.0348935 
GCA016432855_Lake_Trout        0.0137969 0.0103214 0.0124564 0.0159955 0.0154771 0.0159955 0.0103214 0.0348180 0.0519021 0.0312836 0.0137969 0.0390084 0.0630235 0.0312836 0.0000000 0.0357018 0.0357018 0.1152734 0.0033502 
GCA036784925_Maine_S_alpinus   0.0207712 0.0242733 0.0082680 0.0192215 0.0233117 0.0192215 0.0242733 0.0425000 0.0626230 0.0394053 0.0207712 0.0028683 0.0525536 0.0394053 0.0357018 0.0000000 0.0000010 0.1291853 0.0379582 
GCA045679555_Iceland_A_alpinus 0.0207712 0.0242733 0.0082680 0.0192215 0.0233117 0.0192215 0.0242733 0.0493852 0.0626230 0.0457805 0.0207712 0.0028683 0.0717977 0.0457805 0.0357018 0.0000010 0.0000000 0.1291853 0.0379582 
GCF013265735_Rainbow_Trout     0.1115766 0.1156438 0.1272780 0.1115766 0.1120550 0.1115766 0.1156438 0.1360916 0.1615276 0.1319495 0.1115766 0.1329054 0.2594216 0.1319495 0.1152734 0.1291853 0.1291853 0.0000000 0.1196381 
GCF029448725_Brook_Trout       0.0173117 0.0138140 0.0166844 0.0169906 0.0194298 0.0169906 0.0138140 0.0384477 0.0574252 0.0348935 0.0173117 0.0414787 0.0715261 0.0348935 0.0033502 0.0379582 0.0379582 0.1196381 0.0000000 
