17
251140_Ward_Creek              0.0000000 0.0046899 0.0093965 0.0093965 0.0046899 0.0094735 0.2639736 0.2112197 0.2639736 0.4599668 0.0237232 0.4043723 0.1163838 0.0237232 0.0334953 2.1394732 0.1481125 
260512_Pybus_Point             0.0046899 0.0000000 0.0046787 0.0046787 0.0000010 0.0047169 0.2569008 0.2011208 0.2569008 0.4502438 0.0188983 0.3919294 0.1107994 0.0188983 0.0285869 2.0997025 0.1423248 
261935_Kenai_River             0.0093965 0.0046787 0.0000000 0.0000010 0.0046787 0.0000010 0.2629767 0.1920997 0.2629767 0.4575206 0.0236647 0.4016359 0.1160452 0.0236647 0.0334110 2.0951498 0.1476634 
353213_Cropley_Lake            0.0093965 0.0046787 0.0000010 0.0000000 0.0046787 0.0000010 0.2629767 0.1920997 0.2629767 0.4575206 0.0236647 0.4016359 0.1160452 0.0236647 0.0334110 2.0951498 0.1476634 
353219_Peterson_Creek          0.0046899 0.0000010 0.0046787 0.0046787 0.0000000 0.0047169 0.2569008 0.2011208 0.2569008 0.4502438 0.0188983 0.3919294 0.1107994 0.0188983 0.0285869 2.0997025 0.1423248 
353246_Cottonwood_Creek        0.0094735 0.0047169 0.0000010 0.0000010 0.0047169 0.0000000 0.2656644 0.1950027 0.2656644 0.4631486 0.0238604 0.4082306 0.1170842 0.0238604 0.0336902 2.1358487 0.1490025 
353379_Skagit_River            0.2639736 0.2569008 0.2629767 0.2629767 0.2569008 0.2656644 0.0000000 0.3426272 0.0000010 0.9325297 0.2584742 0.1664932 0.2042561 0.2584742 0.2728090 2.4197502 0.2387236 
353381_Dungeness_River         0.2112197 0.2011208 0.1920997 0.1920997 0.2011208 0.1950027 0.3426272 0.0000000 0.3426272 1.5589885 0.2396171 1.1777850 0.2998943 0.2396171 0.2610928 4.3313700 0.3376594 
353401_Peace_River             0.2639736 0.2569008 0.2629767 0.2629767 0.2569008 0.2656644 0.0000010 0.3426272 0.0000000 0.9325297 0.2584742 0.1664932 0.2042561 0.2584742 0.2728090 2.4197502 0.2387236 
353407_Noatok                  0.4599668 0.4502438 0.4575206 0.4575206 0.4502438 0.4631486 0.9325297 1.5589885 0.9325297 0.0000000 0.4690795 1.8519854 0.6488184 0.4690795 0.4892297 0.8074520 0.6958187 
353410_Horizon_Lake            0.0237232 0.0188983 0.0236647 0.0236647 0.0188983 0.0238604 0.2584742 0.2396171 0.2584742 0.4690795 0.0000000 0.3962679 0.1113171 0.0000010 0.0094212 2.1273717 0.1430196 
92319_Little_Lost              0.4043723 0.3919294 0.4016359 0.4016359 0.3919294 0.4082306 0.1664932 1.1777850 0.1664932 1.8519854 0.3962679 0.0000000 0.5824320 0.3962679 0.4218371 3.8971019 0.6340471 
GCA016432855_Lake_Trout        0.1163838 0.1107994 0.1160452 0.1160452 0.1107994 0.1170842 0.2042561 0.2998943 0.2042561 0.6488184 0.1113171 0.5824320 0.0000000 0.1113171 0.1225941 2.5193510 0.0778445 
GCA036784925_Maine_S_alpinus   0.0237232 0.0188983 0.0236647 0.0236647 0.0188983 0.0238604 0.2584742 0.2396171 0.2584742 0.4690795 0.0000010 0.3962679 0.1113171 0.0000000 0.0094212 2.1273717 0.1430196 
GCA045679555_Iceland_A_alpinus 0.0334953 0.0285869 0.0334110 0.0334110 0.0285869 0.0336902 0.2728090 0.2610928 0.2728090 0.4892297 0.0094212 0.4218371 0.1225941 0.0094212 0.0000000 2.2130727 0.1547114 
GCF013265735_Rainbow_Trout     2.1394732 2.0997025 2.0951498 2.0951498 2.0997025 2.1358487 2.4197502 4.3313700 2.4197502 0.8074520 2.1273717 3.8971019 2.5193510 2.1273717 2.2130727 0.0000000 2.4260012 
GCF029448725_Brook_Trout       0.1481125 0.1423248 0.1476634 0.1476634 0.1423248 0.1490025 0.2387236 0.3376594 0.2387236 0.6958187 0.1430196 0.6340471 0.0778445 0.1430196 0.1547114 2.4260012 0.0000000 
