17
251140_Ward_Creek              0.0000000 0.0000010 0.0053652 0.0053652 0.0162668 0.2641484 0.0107076 0.0329965 0.0162668 0.0163317 0.0329965 0.0329965 0.0444788 0.0218490 0.0218490 0.1412363 0.0387853 
260512_Pybus_Point             0.0000010 0.0000000 0.0053652 0.0053652 0.0162668 0.2641484 0.0107076 0.0329965 0.0162668 0.0163317 0.0329965 0.0329965 0.0444788 0.0218490 0.0218490 0.1412363 0.0387853 
353213_Cropley_Lake            0.0053652 0.0053652 0.0000000 0.0000010 0.0108085 0.2141051 0.0000010 0.0274034 0.0108085 0.0108514 0.0274034 0.0274034 0.0387853 0.0163317 0.0163317 0.1348589 0.0331308 
353220_Fish_Creek              0.0053652 0.0053652 0.0000010 0.0000000 0.0108085 0.2141051 0.0000010 0.0274034 0.0108085 0.0108514 0.0274034 0.0274034 0.0387853 0.0163317 0.0163317 0.1348589 0.0331308 
353246_Cottonwood_Creek        0.0162668 0.0162668 0.0108085 0.0108085 0.0000000 0.1181375 0.0217304 0.0162668 0.0000010 0.0108085 0.0162668 0.0162668 0.0274034 0.0162668 0.0162668 0.1217036 0.0274034 
353379_Skagit_River            0.2641484 0.2641484 0.2141051 0.2141051 0.1181375 0.0000000 0.2141051 0.0000010 0.1181375 0.2141051 0.0000010 0.0365161 0.1615061 0.2141051 0.2141051 1.2289789 0.2739114 
353381_Dungeness_River         0.0107076 0.0107076 0.0000010 0.0000010 0.0217304 0.2141051 0.0000000 0.0559039 0.0217304 0.0219051 0.0559039 0.0559039 0.0675538 0.0330826 0.0330826 0.2668085 0.0681263 
353401_Peace_River             0.0329965 0.0329965 0.0274034 0.0274034 0.0162668 0.0000010 0.0559039 0.0000000 0.0162668 0.0274034 0.0000010 0.0053652 0.0331308 0.0329965 0.0329965 0.1285277 0.0331308 
353407_Noatok                  0.0162668 0.0162668 0.0108085 0.0108085 0.0000010 0.1181375 0.0217304 0.0162668 0.0000000 0.0108085 0.0162668 0.0162668 0.0274034 0.0162668 0.0162668 0.1217036 0.0274034 
353410_Horizon_Lake            0.0163317 0.0163317 0.0108514 0.0108514 0.0108085 0.2141051 0.0219051 0.0274034 0.0108085 0.0000000 0.0274034 0.0274034 0.0387853 0.0053652 0.0053652 0.1348589 0.0387853 
92319_Little_Lost              0.0329965 0.0329965 0.0274034 0.0274034 0.0162668 0.0000010 0.0559039 0.0000010 0.0162668 0.0274034 0.0000000 0.0053652 0.0331308 0.0329965 0.0329965 0.1285277 0.0331308 
94280_St_Joe                   0.0329965 0.0329965 0.0274034 0.0274034 0.0162668 0.0365161 0.0559039 0.0053652 0.0162668 0.0274034 0.0053652 0.0000000 0.0331308 0.0329965 0.0329965 0.1285277 0.0331308 
GCA016432855_Lake_Trout        0.0444788 0.0444788 0.0387853 0.0387853 0.0274034 0.1615061 0.0675538 0.0331308 0.0274034 0.0387853 0.0331308 0.0331308 0.0000000 0.0444788 0.0444788 0.1418756 0.0332661 
GCA036784925_Maine_S_alpinus   0.0218490 0.0218490 0.0163317 0.0163317 0.0162668 0.2141051 0.0330826 0.0329965 0.0162668 0.0053652 0.0329965 0.0329965 0.0444788 0.0000000 0.0000010 0.1412363 0.0444788 
GCA045679555_Iceland_A_alpinus 0.0218490 0.0218490 0.0163317 0.0163317 0.0162668 0.2141051 0.0330826 0.0329965 0.0162668 0.0053652 0.0329965 0.0329965 0.0444788 0.0000010 0.0000000 0.1412363 0.0444788 
GCF013265735_Rainbow_Trout     0.1412363 0.1412363 0.1348589 0.1348589 0.1217036 1.2289789 0.2668085 0.1285277 0.1217036 0.1348589 0.1285277 0.1285277 0.1418756 0.1412363 0.1412363 0.0000000 0.1418756 
GCF029448725_Brook_Trout       0.0387853 0.0387853 0.0331308 0.0331308 0.0274034 0.2739114 0.0681263 0.0331308 0.0274034 0.0387853 0.0331308 0.0331308 0.0332661 0.0444788 0.0444788 0.1418756 0.0000000 
