19
251140_Ward_Creek              0.0000000 0.0010232 0.0010232 0.0032142 0.0020474 0.0020474 0.0082539 0.0154942 0.0115995 0.0154942 0.0047422 0.0124141 0.0173081 0.0180173 0.0124141 0.0113671 0.0984357 0.0253690 0.0167338 
260512_Pybus_Point             0.0010232 0.0000000 0.0000010 0.0021404 0.0010226 0.0010226 0.0072142 0.0144454 0.0086728 0.0144454 0.0035524 0.0113671 0.0173081 0.0167938 0.0113671 0.0103224 0.0983648 0.0241298 0.0155189 
261935_Kenai_River             0.0010232 0.0000010 0.0000000 0.0021404 0.0010226 0.0010226 0.0072142 0.0144454 0.0086728 0.0144454 0.0035524 0.0113671 0.0173081 0.0167938 0.0113671 0.0103224 0.0983648 0.0241298 0.0155189 
353213_Cropley_Lake            0.0032142 0.0021404 0.0021404 0.0000000 0.0010691 0.0010691 0.0075451 0.0151087 0.0165374 0.0151087 0.0037410 0.0118899 0.0182019 0.0164112 0.0118899 0.0107966 0.0981192 0.0254358 0.0163494 
353219_Peterson_Creek          0.0020474 0.0010226 0.0010226 0.0010691 0.0000000 0.0000010 0.0061803 0.0134065 0.0115809 0.0134065 0.0023669 0.0103283 0.0161447 0.0155848 0.0103283 0.0092852 0.0970221 0.0229090 0.0143164 
353220_Fish_Creek              0.0020474 0.0010226 0.0010226 0.0010691 0.0000010 0.0000000 0.0061803 0.0134065 0.0115809 0.0134065 0.0023669 0.0103283 0.0161447 0.0155848 0.0103283 0.0092852 0.0970221 0.0229090 0.0143164 
353246_Cottonwood_Creek        0.0082539 0.0072142 0.0072142 0.0075451 0.0061803 0.0061803 0.0000000 0.0155334 0.0262949 0.0155334 0.0071529 0.0041135 0.0185372 0.0107490 0.0041135 0.0030818 0.0959110 0.0180173 0.0167826 
353379_Skagit_River            0.0154942 0.0144454 0.0144454 0.0151087 0.0134065 0.0134065 0.0155334 0.0000000 0.0292606 0.0000010 0.0119159 0.0155423 0.0011422 0.0180173 0.0155423 0.0144902 0.0997811 0.0253690 0.0000010 
353381_Dungeness_River         0.0115995 0.0086728 0.0086728 0.0165374 0.0115809 0.0115809 0.0262949 0.0292606 0.0000000 0.0292606 0.0234874 0.0352764 0.0459806 0.0677795 0.0352764 0.0322352 0.3665627 0.0885197 0.0428033 
353401_Peace_River             0.0154942 0.0144454 0.0144454 0.0151087 0.0134065 0.0134065 0.0155334 0.0000010 0.0292606 0.0000000 0.0119159 0.0155423 0.0011422 0.0180173 0.0155423 0.0144902 0.0997811 0.0253690 0.0000010 
353407_Noatok                  0.0047422 0.0035524 0.0035524 0.0037410 0.0023669 0.0023669 0.0071529 0.0119159 0.0234874 0.0119159 0.0000000 0.0095552 0.0149311 0.0131712 0.0095552 0.0083502 0.0943428 0.0204721 0.0119159 
353410_Horizon_Lake            0.0124141 0.0113671 0.0113671 0.0118899 0.0103283 0.0103283 0.0041135 0.0155423 0.0352764 0.0155423 0.0095552 0.0000000 0.0185491 0.0083557 0.0020558 0.0010263 0.0932956 0.0156056 0.0167938 
92319_Little_Lost              0.0173081 0.0173081 0.0173081 0.0182019 0.0161447 0.0161447 0.0185372 0.0011422 0.0459806 0.0011422 0.0149311 0.0185491 0.0000000 0.0219173 0.0185491 0.0173682 0.1110728 0.0303339 0.0013450 
GCA016432855_Lake_Trout        0.0180173 0.0167938 0.0167938 0.0164112 0.0155848 0.0155848 0.0107490 0.0180173 0.0677795 0.0180173 0.0131712 0.0083557 0.0219173 0.0000000 0.0083557 0.0071529 0.0947053 0.0143869 0.0180173 
GCA036784925_Maine_S_alpinus   0.0124141 0.0113671 0.0113671 0.0118899 0.0103283 0.0103283 0.0041135 0.0155423 0.0352764 0.0155423 0.0095552 0.0020558 0.0185491 0.0083557 0.0000000 0.0010263 0.0932956 0.0156056 0.0167938 
GCA045679555_Iceland_A_alpinus 0.0113671 0.0103224 0.0103224 0.0107966 0.0092852 0.0092852 0.0030818 0.0144902 0.0322352 0.0144902 0.0083502 0.0010263 0.0173682 0.0071529 0.0010263 0.0000000 0.0918895 0.0143869 0.0155745 
GCF013265735_Rainbow_Trout     0.0984357 0.0983648 0.0983648 0.0981192 0.0970221 0.0970221 0.0959110 0.0997811 0.3665627 0.0997811 0.0943428 0.0932956 0.1110728 0.0947053 0.0932956 0.0918895 0.0000000 0.1030224 0.0997811 
GCF029448725_Brook_Trout       0.0253690 0.0241298 0.0241298 0.0254358 0.0229090 0.0229090 0.0180173 0.0253690 0.0885197 0.0253690 0.0204721 0.0156056 0.0303339 0.0143869 0.0156056 0.0143869 0.1030224 0.0000000 0.0253690 
Methow_River_99895             0.0167338 0.0155189 0.0155189 0.0163494 0.0143164 0.0143164 0.0167826 0.0000010 0.0428033 0.0000010 0.0119159 0.0167938 0.0013450 0.0180173 0.0167938 0.0155745 0.0997811 0.0253690 0.0000000 
