16
251140_Ward_Creek              0.0000000 0.0241366 0.0490768 0.0241366 8.9999988 0.5692552 8.9999983 0.1162290 0.4696565 8.9999988 0.8948942 0.0241366 0.0000010 8.9999983 0.7298378 8.9999987 
260512_Pybus_Point             0.0241366 0.0000000 0.0241366 0.0000010 8.9999983 0.4696568 8.9999990 0.1593515 0.5692553 8.9999983 0.9776202 0.0490768 0.0241366 8.9999990 0.8313835 8.9999987 
261935_Kenai_River             0.0490768 0.0241366 0.0000000 0.0241366 8.9999990 0.4696568 8.9999987 0.2051056 0.6841355 8.9999990 1.0706158 0.0748745 0.0490768 8.9999983 0.9488649 8.9999982 
353213_Cropley_Lake            0.0241366 0.0000010 0.0241366 0.0000000 8.9999983 0.4696568 8.9999990 0.1593515 0.5692553 8.9999983 0.9776202 0.0490768 0.0241366 8.9999990 0.8313835 8.9999987 
353379_Skagit_River            8.9999988 8.9999983 8.9999990 8.9999983 0.0000000 8.9999986 0.0238722 0.8044911 0.0293419 0.0000010 0.3059481 8.9999983 8.9999988 0.5217492 0.8765254 0.0000010 
353381_Dungeness_River         0.5692552 0.4696568 0.4696568 0.4696568 8.9999986 0.0000000 8.9999982 8.9999989 8.9999989 8.9999986 0.9856752 0.6841347 0.5692552 9.0000000 8.9999982 8.9999988 
353401_Peace_River             8.9999983 8.9999990 8.9999987 8.9999990 0.0238722 8.9999982 0.0000000 0.8765254 0.0598786 0.0238722 0.3619563 8.9999990 8.9999983 0.5704049 0.9562207 0.0244073 
353410_Horizon_Lake            0.1162290 0.1593515 0.2051056 0.1593515 0.8044911 8.9999989 0.8765254 0.0000000 0.1249558 0.8044911 8.9999988 0.1593515 0.1162290 8.9999987 0.2818782 0.8370021 
92319_Little_Lost              0.4696565 0.5692553 0.6841355 0.5692553 0.0293419 8.9999989 0.0598786 0.1249558 0.0000000 0.0293419 0.5692553 0.5692553 0.4696565 0.7921872 0.1962206 0.0293419 
94280_St_Joe                   8.9999988 8.9999983 8.9999990 8.9999983 0.0000010 8.9999986 0.0238722 0.8044911 0.0293419 0.0000000 0.3059481 8.9999983 8.9999988 0.5217492 0.8765254 0.0000010 
GCA016432855_Lake_Trout        0.8948942 0.9776202 1.0706158 0.9776202 0.3059481 0.9856752 0.3619563 8.9999988 0.5692553 0.3059481 0.0000000 0.9776202 0.8948942 0.7526285 8.9999987 0.3189386 
GCA036784925_Maine_S_alpinus   0.0241366 0.0490768 0.0748745 0.0490768 8.9999983 0.6841347 8.9999990 0.1593515 0.5692553 8.9999983 0.9776202 0.0000000 0.0241366 8.9999990 0.8313835 8.9999987 
GCA045679555_Iceland_A_alpinus 0.0000010 0.0241366 0.0490768 0.0241366 8.9999988 0.5692552 8.9999983 0.1162290 0.4696565 8.9999988 0.8948942 0.0241366 0.0000000 8.9999983 0.7298378 8.9999987 
GCF013265735_Rainbow_Trout     8.9999983 8.9999990 8.9999983 8.9999990 0.5217492 9.0000000 0.5704049 8.9999987 0.7921872 0.5217492 0.7526285 8.9999990 8.9999983 0.0000000 8.9999984 0.5385631 
GCF029448725_Brook_Trout       0.7298378 0.8313835 0.9488649 0.8313835 0.8765254 8.9999982 0.9562207 0.2818782 0.1962206 0.8765254 8.9999987 0.8313835 0.7298378 8.9999984 0.0000000 0.9141450 
Methow_River_99895             8.9999987 8.9999987 8.9999982 8.9999987 0.0000010 8.9999988 0.0244073 0.8370021 0.0293419 0.0000010 0.3189386 8.9999987 8.9999987 0.5385631 0.9141450 0.0000000 
