16
251140_Ward_Creek            0.0000000 0.0000010 0.0064570 0.0015948 1.8634862 2.1666115 0.0076033 0.0048263 0.0064570 0.0149126 0.0094280 0.0097720 0.0081202 0.0639380 0.0334623 0.0149126 
260512_Pybus_Point           0.0000010 0.0000000 0.0064570 0.0015948 1.8634862 2.1666115 0.0076033 0.0048263 0.0064570 0.0149126 0.0094280 0.0097720 0.0081202 0.0639380 0.0334623 0.0149126 
261935_Kenai_River           0.0064570 0.0064570 0.0000000 0.0080955 1.6370431 1.9870729 0.0095716 0.0080732 0.0000010 0.0175616 0.0113935 0.0064585 0.0080978 0.0612037 0.0294446 0.0175616 
353246_Cottonwood_Creek      0.0015948 0.0015948 0.0080955 0.0000000 2.1119188 2.4110724 0.0095379 0.0032084 0.0080955 0.0174796 0.0113534 0.0114351 0.0097737 0.0664187 0.0354431 0.0174796 
353379_Skagit_River          1.8634862 1.8634862 1.6370431 2.1119188 0.0000000 0.2895420 1.7963297 2.1781239 1.6370431 1.7963297 2.0496015 0.5168506 1.9411618 3.1683031 2.2749515 1.7963297 
353381_Dungeness_River       2.1666115 2.1666115 1.9870729 2.4110724 0.2895420 0.0000000 1.9038332 2.4758475 1.9870729 2.6074576 2.1652631 1.9909196 2.0583069 2.9337673 3.0624993 2.6074576 
353401_Peace_River           0.0076033 0.0076033 0.0095716 0.0095379 1.7963297 1.9038332 0.0000000 0.0134958 0.0095716 0.0073196 0.0018679 0.0095410 0.0155362 0.0593050 0.0379640 0.0073196 
353407_Noatok                0.0048263 0.0048263 0.0080732 0.0032084 2.1781239 2.4758475 0.0134958 0.0000000 0.0080732 0.0227910 0.0152984 0.0114030 0.0097464 0.0661162 0.0353204 0.0227910 
353410_Horizon_Lake          0.0064570 0.0064570 0.0000010 0.0080955 1.6370431 1.9870729 0.0095716 0.0080732 0.0000000 0.0175616 0.0113935 0.0064585 0.0080978 0.0612037 0.0294446 0.0175616 
92319_Little_Lost            0.0149126 0.0149126 0.0175616 0.0174796 1.7963297 2.6074576 0.0073196 0.0227910 0.0175616 0.0000000 0.0098031 0.0201656 0.0227871 0.0796970 0.0625225 0.0000010 
94280_St_Joe                 0.0094280 0.0094280 0.0113935 0.0113534 2.0496015 2.1652631 0.0018679 0.0152984 0.0113935 0.0098031 0.0000000 0.0113571 0.0173352 0.0609310 0.0398181 0.0098031 
GCA016432855_Lake_Trout      0.0097720 0.0097720 0.0064585 0.0114351 0.5168506 1.9909196 0.0095410 0.0114030 0.0064585 0.0201656 0.0113571 0.0000000 0.0114384 0.0609339 0.0255098 0.0201656 
GCA036784925_Maine_S_alpinus 0.0081202 0.0081202 0.0080978 0.0097737 1.9411618 2.0583069 0.0155362 0.0097464 0.0080978 0.0227871 0.0173352 0.0114384 0.0000000 0.0633378 0.0334747 0.0227871 
GCF013265735_Rainbow_Trout   0.0639380 0.0639380 0.0612037 0.0664187 3.1683031 2.9337673 0.0593050 0.0661162 0.0612037 0.0796970 0.0609310 0.0609339 0.0633378 0.0000000 0.0777837 0.0796970 
GCF029448725_Brook_Trout     0.0334623 0.0334623 0.0294446 0.0354431 2.2749515 3.0624993 0.0379640 0.0353204 0.0294446 0.0625225 0.0398181 0.0255098 0.0334747 0.0777837 0.0000000 0.0625225 
Methow_River_99895           0.0149126 0.0149126 0.0175616 0.0174796 1.7963297 2.6074576 0.0073196 0.0227910 0.0175616 0.0000010 0.0098031 0.0201656 0.0227871 0.0796970 0.0625225 0.0000000 
