18
251140_Ward_Creek              0.0000000 0.0173818 0.0000010 0.0024042 0.0149851 0.0684082 0.0837777 0.0121035 0.0321483 0.0024219 0.0121035 0.0145461 0.0220939 0.0121035 0.0096682 0.0940293 0.0503416 0.0291338 
260512_Pybus_Point             0.0173818 0.0000000 0.0173818 0.0198957 0.0024750 0.0727332 0.1271104 0.0148734 0.0354722 0.0200470 0.0148734 0.0173792 0.0251469 0.0148734 0.0123753 0.1020368 0.0541825 0.0334200 
261935_Kenai_River             0.0000010 0.0173818 0.0000000 0.0024042 0.0149851 0.0684082 0.0837777 0.0121035 0.0321483 0.0024219 0.0121035 0.0145461 0.0220939 0.0121035 0.0096682 0.0940293 0.0503416 0.0291338 
353219_Peterson_Creek          0.0024042 0.0198957 0.0024042 0.0000000 0.0175099 0.0710570 0.0889897 0.0145461 0.0346754 0.0048511 0.0145461 0.0169960 0.0245867 0.0145461 0.0121035 0.0968047 0.0529432 0.0324368 
353246_Cottonwood_Creek        0.0149851 0.0024750 0.0149851 0.0175099 0.0000000 0.0700141 0.1213722 0.0124662 0.0328837 0.0175126 0.0124662 0.0149828 0.0227651 0.0124662 0.0099575 0.0991717 0.0515145 0.0303127 
353379_Skagit_River            0.0684082 0.0727332 0.0684082 0.0710570 0.0700141 0.0000000 0.2408131 0.0596038 0.0369708 0.0657681 0.0596038 0.0621858 0.0716255 0.0604942 0.0578805 0.1520976 0.1016528 0.0938474 
353381_Dungeness_River         0.0837777 0.1271104 0.0837777 0.0889897 0.1213722 0.2408131 0.0000000 0.1103916 0.1552935 0.0890182 0.1103916 0.1157903 0.1344470 0.1103916 0.1050283 0.2966154 0.1869726 0.2751916 
353401_Peace_River             0.0121035 0.0148734 0.0121035 0.0145461 0.0124662 0.0596038 0.1103916 0.0000000 0.0246070 0.0097382 0.0000010 0.0023715 0.0146570 0.0048182 0.0024055 0.0884921 0.0425736 0.0125739 
353407_Noatok                  0.0321483 0.0354722 0.0321483 0.0346754 0.0328837 0.0369708 0.1552935 0.0246070 0.0000000 0.0296291 0.0246070 0.0271097 0.0349454 0.0246070 0.0221121 0.1110388 0.0635353 0.0463284 
353410_Horizon_Lake            0.0024219 0.0200470 0.0024219 0.0048511 0.0175126 0.0657681 0.0890182 0.0097382 0.0296291 0.0000000 0.0097382 0.0121913 0.0197522 0.0097382 0.0072926 0.0912634 0.0477484 0.0260948 
92319_Little_Lost              0.0121035 0.0148734 0.0121035 0.0145461 0.0124662 0.0596038 0.1103916 0.0000010 0.0246070 0.0097382 0.0000000 0.0023715 0.0146570 0.0048182 0.0024055 0.0884921 0.0425736 0.0125739 
94280_St_Joe                   0.0145461 0.0173792 0.0145461 0.0169960 0.0149828 0.0621858 0.1157903 0.0023715 0.0271097 0.0121913 0.0023715 0.0000000 0.0171259 0.0072382 0.0048182 0.0912480 0.0451494 0.0157483 
GCA016432855_Lake_Trout        0.0220939 0.0251469 0.0220939 0.0245867 0.0227651 0.0716255 0.1344470 0.0146570 0.0349454 0.0197522 0.0146570 0.0171259 0.0000000 0.0146570 0.0121956 0.0781379 0.0323413 0.0327684 
GCA036784925_Maine_S_alpinus   0.0121035 0.0148734 0.0121035 0.0145461 0.0124662 0.0604942 0.1103916 0.0048182 0.0246070 0.0097382 0.0048182 0.0072382 0.0146570 0.0000000 0.0024055 0.0884921 0.0425736 0.0192977 
GCA045679555_Iceland_A_alpinus 0.0096682 0.0123753 0.0096682 0.0121035 0.0099575 0.0578805 0.1050283 0.0024055 0.0221121 0.0072926 0.0024055 0.0048182 0.0121956 0.0024055 0.0000000 0.0857455 0.0400060 0.0160492 
GCF013265735_Rainbow_Trout     0.0940293 0.1020368 0.0940293 0.0968047 0.0991717 0.1520976 0.2966154 0.0884921 0.1110388 0.0912634 0.0884921 0.0912480 0.0781379 0.0884921 0.0857455 0.0000000 0.1059930 0.1358013 
GCF029448725_Brook_Trout       0.0503416 0.0541825 0.0503416 0.0529432 0.0515145 0.1016528 0.1869726 0.0425736 0.0635353 0.0477484 0.0425736 0.0451494 0.0323413 0.0425736 0.0400060 0.1059930 0.0000000 0.0676251 
Methow_River_99895             0.0291338 0.0334200 0.0291338 0.0324368 0.0303127 0.0938474 0.2751916 0.0125739 0.0463284 0.0260948 0.0125739 0.0157483 0.0327684 0.0192977 0.0160492 0.1358013 0.0676251 0.0000000 
