12
251140_Ward_Creek              0.0000000 0.0000010 0.0720195 3.9772332 3.9772332 0.0724101 0.1499694 1.6389049 0.4883487 0.6840318 3.4247148 2.2588307 
260512_Pybus_Point             0.0000010 0.0000000 0.0720195 3.9772332 3.9772332 0.0724101 0.1499694 1.6389049 0.4883487 0.6840318 3.4247148 2.2588307 
353219_Peterson_Creek          0.0720195 0.0720195 0.0000000 3.5925554 3.5925554 0.1499409 0.2324250 1.6667684 0.6060858 0.8231938 3.3419693 2.1857106 
353379_Skagit_River            3.9772332 3.9772332 3.5925554 0.0000000 0.0000010 5.2034490 4.2301674 2.6475130 5.2238240 8.9999984 2.5787490 2.9478219 
353401_Peace_River             3.9772332 3.9772332 3.5925554 0.0000010 0.0000000 5.2034490 4.2301674 2.6475130 5.2238240 8.9999984 2.5787490 2.9478219 
353407_Noatok                  0.0724101 0.0724101 0.1499409 5.2034490 5.2034490 0.0000000 0.0721252 1.6692587 0.3716212 0.5378959 3.5599730 2.1683235 
353410_Horizon_Lake            0.1499694 0.1499694 0.2324250 4.2301674 4.2301674 0.0721252 0.0000000 1.6891234 0.4844520 0.6768587 3.4610697 2.1206340 
GCA016432855_Lake_Trout        1.6389049 1.6389049 1.6667684 2.6475130 2.6475130 1.6692587 1.6891234 0.0000000 1.6690154 2.0088233 2.8970451 0.4346280 
GCA036784925_Maine_S_alpinus   0.4883487 0.4883487 0.6060858 5.2238240 5.2238240 0.3716212 0.4844520 1.6690154 0.0000000 0.0755778 3.3119265 2.1690131 
GCA045679555_Iceland_A_alpinus 0.6840318 0.6840318 0.8231938 8.9999984 8.9999984 0.5378959 0.6768587 2.0088233 0.0755778 0.0000000 3.0760283 2.5834835 
GCF013265735_Rainbow_Trout     3.4247148 3.4247148 3.3419693 2.5787490 2.5787490 3.5599730 3.4610697 2.8970451 3.3119265 3.0760283 0.0000000 2.8293880 
GCF029448725_Brook_Trout       2.2588307 2.2588307 2.1857106 2.9478219 2.9478219 2.1683235 2.1206340 0.4346280 2.1690131 2.5834835 2.8293880 0.0000000 
