16
251140_Ward_Creek              0.0000000 0.0000010 0.0032780 0.0060795 0.2562204 0.0000010 0.2423577 0.0060807 0.0032780 0.2465139 0.2423577 0.0186849 0.0131852 0.0131852 0.3254202 0.5570725 
260512_Pybus_Point             0.0000010 0.0000000 0.0032780 0.0060795 0.2562204 0.0000010 0.2423577 0.0060807 0.0032780 0.2465139 0.2423577 0.0186849 0.0131852 0.0131852 0.3254202 0.5570725 
261935_Kenai_River             0.0032780 0.0032780 0.0000000 0.0098712 0.1891041 0.0059881 0.1767074 0.0032773 0.0000010 0.1808338 0.1767074 0.0098712 0.0098691 0.0098691 0.2486862 0.4422685 
353246_Cottonwood_Creek        0.0060795 0.0060795 0.0098712 0.0000000 0.2562204 0.0052216 0.2506850 0.0060807 0.0098712 0.2465139 0.2506850 0.0186849 0.0131852 0.0131852 0.3254202 0.5570725 
353379_Skagit_River            0.2562204 0.2562204 0.1891041 0.2562204 0.0000000 0.5344080 0.0058834 0.2650010 0.1891041 0.0029370 0.0058834 0.2472733 0.1933663 0.1933663 0.0581378 0.1396422 
353381_Dungeness_River         0.0000010 0.0000010 0.0059881 0.0052216 0.5344080 0.0000000 0.4993984 0.0104768 0.0059881 0.4993984 0.4993984 0.0272307 0.0180838 0.0180838 0.6908214 2.8445927 
353401_Peace_River             0.2423577 0.2423577 0.1767074 0.2506850 0.0058834 0.4993984 0.0000000 0.2508431 0.1767074 0.0028893 0.0000010 0.2418880 0.1891341 0.1891341 0.0571488 0.1365169 
353407_Noatok                  0.0060807 0.0060807 0.0032773 0.0060807 0.2650010 0.0104768 0.2508431 0.0000000 0.0032773 0.2550339 0.2508431 0.0186809 0.0131823 0.0131823 0.3251571 0.5560069 
353410_Horizon_Lake            0.0032780 0.0032780 0.0000010 0.0098712 0.1891041 0.0059881 0.1767074 0.0032773 0.0000000 0.1808338 0.1767074 0.0098712 0.0098691 0.0098691 0.2486862 0.4422685 
92319_Little_Lost              0.2465139 0.2465139 0.1808338 0.2465139 0.0029370 0.4993984 0.0028893 0.2550339 0.1808338 0.0000000 0.0028893 0.2376926 0.1849761 0.1849761 0.0540524 0.1323324 
94280_St_Joe                   0.2423577 0.2423577 0.1767074 0.2506850 0.0058834 0.4993984 0.0000010 0.2508431 0.1767074 0.0028893 0.0000000 0.2418880 0.1891341 0.1891341 0.0571488 0.1365169 
GCA016432855_Lake_Trout        0.0186849 0.0186849 0.0098712 0.0186849 0.2472733 0.0272307 0.2418880 0.0186809 0.0098712 0.2376926 0.2418880 0.0000000 0.0131852 0.0131852 0.2979203 0.5082887 
GCA036784925_Maine_S_alpinus   0.0131852 0.0131852 0.0098691 0.0131852 0.1933663 0.0180838 0.1891341 0.0131823 0.0098691 0.1849761 0.1891341 0.0131852 0.0000000 0.0000010 0.2531584 0.4492220 
GCA045679555_Iceland_A_alpinus 0.0131852 0.0131852 0.0098691 0.0131852 0.1933663 0.0180838 0.1891341 0.0131823 0.0098691 0.1849761 0.1891341 0.0131852 0.0000010 0.0000000 0.2531584 0.4492220 
GCF013265735_Rainbow_Trout     0.3254202 0.3254202 0.2486862 0.3254202 0.0581378 0.6908214 0.0571488 0.3251571 0.2486862 0.0540524 0.0571488 0.2979203 0.2531584 0.2531584 0.0000000 0.1677998 
GCF029448725_Brook_Trout       0.5570725 0.5570725 0.4422685 0.5570725 0.1396422 2.8445927 0.1365169 0.5560069 0.4422685 0.1323324 0.1365169 0.5082887 0.4492220 0.4492220 0.1677998 0.0000000 
