11
251140_Ward_Creek            0.0000000 0.0000010 0.0200681 0.0200681 0.0000010 0.0099667 0.0723452 0.0512144 0.0000010 1.5510096 0.0618908 
260512_Pybus_Point           0.0000010 0.0000000 0.0200681 0.0200681 0.0000010 0.0099667 0.0723452 0.0512144 0.0000010 1.5510096 0.0618908 
353379_Skagit_River          0.0200681 0.0200681 0.0000000 0.0000010 0.0200681 0.0303071 0.0000010 0.0727212 0.0200681 2.5254719 0.0837105 
353401_Peace_River           0.0200681 0.0200681 0.0000010 0.0000000 0.0200681 0.0303071 0.0000010 0.0727212 0.0200681 2.5254719 0.0837105 
353407_Noatok                0.0000010 0.0000010 0.0200681 0.0200681 0.0000000 0.0094045 0.0723452 0.0512144 0.0000010 1.0763133 0.0618908 
353410_Horizon_Lake          0.0099667 0.0099667 0.0303071 0.0303071 0.0094045 0.0000000 0.1113150 0.0618908 0.0094045 1.2070784 0.0727212 
92319_Little_Lost            0.0723452 0.0723452 0.0000010 0.0000010 0.0723452 0.1113150 0.0000000 0.2420800 0.0723452 2.5254719 0.3439312 
GCA016432855_Lake_Trout      0.0512144 0.0512144 0.0727212 0.0727212 0.0512144 0.0618908 0.2420800 0.0000000 0.0512144 2.5254719 0.0727212 
GCA036784925_Maine_S_alpinus 0.0000010 0.0000010 0.0200681 0.0200681 0.0000010 0.0094045 0.0723452 0.0512144 0.0000000 1.0763133 0.0618908 
GCF013265735_Rainbow_Trout   1.5510096 1.5510096 2.5254719 2.5254719 1.0763133 1.2070784 2.5254719 2.5254719 1.0763133 0.0000000 9.0000000 
GCF029448725_Brook_Trout     0.0618908 0.0618908 0.0837105 0.0837105 0.0618908 0.0727212 0.3439312 0.0727212 0.0618908 9.0000000 0.0000000 
