19
251140_Ward_Creek              0.0000000 0.0042388 0.0000010 0.0085072 0.0577345 0.0670310 0.1826458 0.1039855 0.1826412 0.1459766 0.0084957 0.2314476 0.1772879 0.1438555 0.1538870 0.1381890 0.7915586 0.1029840 0.3701088 
260512_Pybus_Point             0.0042388 0.0000000 0.0042388 0.0127276 0.0528995 0.0620973 0.1762877 0.1029522 0.1762831 0.1451585 0.0042179 0.2237458 0.1709852 0.1381621 0.1582289 0.1323639 0.7806682 0.0982904 0.3611727 
261935_Kenai_River             0.0000010 0.0042388 0.0000000 0.0085072 0.0577345 0.0670310 0.1826458 0.1039855 0.1826412 0.1459766 0.0084957 0.2314476 0.1772879 0.1438555 0.1538870 0.1381890 0.7915586 0.1029840 0.3701088 
353213_Cropley_Lake            0.0085072 0.0127276 0.0085072 0.0000000 0.0666865 0.0574186 0.1927251 0.1216232 0.1927208 0.1559233 0.0170064 0.2430530 0.1873396 0.1532884 0.1637227 0.1479131 0.8191682 0.1126200 0.3819650 
353219_Peterson_Creek          0.0577345 0.0528995 0.0577345 0.0666865 0.0000000 0.0077551 0.2060322 0.0000010 0.2060283 0.2152590 0.0574366 0.2594533 0.2005176 0.2037905 0.2283876 0.1999375 0.5398674 0.1596463 0.4019040 
353246_Cottonwood_Creek        0.0670310 0.0620973 0.0670310 0.0574186 0.0077551 0.0000000 0.2176016 0.0135277 0.2175982 0.2272352 0.0666831 0.2731985 0.2120229 0.2149479 0.2403314 0.2114911 0.5602869 0.1701367 0.4169092 
353379_Skagit_River            0.1826458 0.1762877 0.1826458 0.1927251 0.2060322 0.2176016 0.0000000 0.4006172 0.0085032 0.3558979 0.1816087 0.0285733 0.0042426 0.2815146 0.3686093 0.3348647 0.8973887 0.2204257 0.1440024 
353381_Dungeness_River         0.1039855 0.1029522 0.1039855 0.1216232 0.0000010 0.0135277 0.4006172 0.0000000 0.4006485 0.4948324 0.1120381 0.6109733 0.3882383 0.4151973 0.5052252 0.4579683 1.5396228 0.3313314 0.9622263 
353401_Peace_River             0.1826412 0.1762831 0.1826412 0.1927208 0.2060283 0.2175982 0.0085032 0.4006485 0.0000000 0.3559078 0.1816042 0.0285715 0.0042423 0.2815154 0.3686209 0.3348715 0.8976732 0.2204225 0.1439974 
353407_Noatok                  0.1459766 0.1451585 0.1459766 0.1559233 0.2152590 0.2272352 0.3558979 0.4948324 0.3559078 0.0000000 0.1503729 0.4456944 0.3492116 0.2987149 0.0348162 0.0172302 1.3672638 0.2465577 0.6161719 
353410_Horizon_Lake            0.0084957 0.0042179 0.0084957 0.0170064 0.0574366 0.0666831 0.1816087 0.1120381 0.1816042 0.1503729 0.0000000 0.2299493 0.1762831 0.1430854 0.1529962 0.1374259 0.7692527 0.1029796 0.3677207 
92319_Little_Lost              0.2314476 0.2237458 0.2314476 0.2430530 0.2594533 0.2731985 0.0285733 0.6109733 0.0285715 0.4456944 0.2299493 0.0000000 0.0237523 0.3416676 0.4510133 0.4101649 1.2056901 0.2690134 0.0856491 
94280_St_Joe                   0.1772879 0.1709852 0.1772879 0.1873396 0.2005176 0.2120229 0.0042426 0.3882383 0.0042423 0.3492116 0.1762831 0.0237523 0.0000000 0.2756600 0.3619964 0.3284119 0.8863664 0.2149204 0.1388645 
GCA016432855_Lake_Trout        0.1438555 0.1381621 0.1438555 0.1532884 0.2037905 0.2149479 0.2815146 0.4151973 0.2815154 0.2987149 0.1430854 0.3416676 0.2756600 0.0000000 0.3112960 0.2806533 0.8326051 0.1585807 0.3390908 
GCA036784925_Maine_S_alpinus   0.1538870 0.1582289 0.1538870 0.1637227 0.2283876 0.2403314 0.3686093 0.5052252 0.3686209 0.0348162 0.1529962 0.4510133 0.3619964 0.3112960 0.0000000 0.0212671 1.2992083 0.2467204 0.6143949 
GCA045679555_Iceland_A_alpinus 0.1381890 0.1323639 0.1381890 0.1479131 0.1999375 0.2114911 0.3348647 0.4579683 0.3348715 0.0172302 0.1374259 0.4101649 0.3284119 0.2806533 0.0212671 0.0000000 1.2908774 0.2304969 0.5715085 
GCF013265735_Rainbow_Trout     0.7915586 0.7806682 0.7915586 0.8191682 0.5398674 0.5602869 0.8973887 1.5396228 0.8976732 1.3672638 0.7692527 1.2056901 0.8863664 0.8326051 1.2992083 1.2908774 0.0000000 0.8247172 1.2468396 
GCF029448725_Brook_Trout       0.1029840 0.0982904 0.1029840 0.1126200 0.1596463 0.1701367 0.2204257 0.3313314 0.2204225 0.2465577 0.1029796 0.2690134 0.2149204 0.1585807 0.2467204 0.2304969 0.8247172 0.0000000 0.4157853 
Methow_River_99895             0.3701088 0.3611727 0.3701088 0.3819650 0.4019040 0.4169092 0.1440024 0.9622263 0.1439974 0.6161719 0.3677207 0.0856491 0.1388645 0.3390908 0.6143949 0.5715085 1.2468396 0.4157853 0.0000000 
