16
251140_Ward_Creek              0.0000000 0.0000010 0.0269605 0.0158118 0.0072463 0.0269605 0.0056337 0.0036167 0.0036167 0.0072463 0.0056337 0.0036224 0.6858989 0.0036167 0.0220214 0.0072597 
260512_Pybus_Point             0.0000010 0.0000000 0.0269605 0.0158118 0.0072463 0.0269605 0.0056337 0.0036167 0.0036167 0.0072463 0.0056337 0.0036224 0.6858989 0.0036167 0.0220214 0.0072597 
261935_Kenai_River             0.0269605 0.0269605 0.0000000 0.0000010 0.0379533 0.0000010 0.0698322 0.0324422 0.0269605 0.0379533 0.0698322 0.0325318 2.5878992 0.0269605 0.0608181 0.0380585 
353219_Peterson_Creek          0.0158118 0.0158118 0.0000010 0.0000000 0.0238126 0.0000010 0.0325800 0.0198042 0.0198042 0.0238126 0.0325800 0.0198434 1.0413071 0.0198042 0.0402549 0.0238608 
353379_Skagit_River            0.0072463 0.0072463 0.0379533 0.0238126 0.0000000 0.0379533 0.0000010 0.0108894 0.0108894 0.0000010 0.0000010 0.0109096 0.7031876 0.0108894 0.0294714 0.0145728 
353381_Dungeness_River         0.0269605 0.0269605 0.0000010 0.0000010 0.0379533 0.0000000 0.0698322 0.0324422 0.0269605 0.0379533 0.0698322 0.0325318 2.5878992 0.0269605 0.0608181 0.0380585 
353401_Peace_River             0.0056337 0.0056337 0.0698322 0.0325800 0.0000010 0.0698322 0.0000000 0.0112993 0.0112993 0.0000010 0.0000010 0.0113319 0.7031876 0.0112993 0.0404751 0.0170463 
353407_Noatok                  0.0036167 0.0036167 0.0324422 0.0198042 0.0108894 0.0324422 0.0112993 0.0000000 0.0072463 0.0108894 0.0112993 0.0072597 0.6858989 0.0072463 0.0257395 0.0109096 
353410_Horizon_Lake            0.0036167 0.0036167 0.0269605 0.0198042 0.0108894 0.0269605 0.0112993 0.0072463 0.0000000 0.0108894 0.0112993 0.0072597 0.6858989 0.0000010 0.0257395 0.0109096 
92319_Little_Lost              0.0072463 0.0072463 0.0379533 0.0238126 0.0000010 0.0379533 0.0000010 0.0108894 0.0108894 0.0000000 0.0000010 0.0109096 0.7031876 0.0108894 0.0294714 0.0145728 
94280_St_Joe                   0.0056337 0.0056337 0.0698322 0.0325800 0.0000010 0.0698322 0.0000010 0.0112993 0.0112993 0.0000010 0.0000000 0.0113319 0.7031876 0.0112993 0.0404751 0.0170463 
GCA016432855_Lake_Trout        0.0036224 0.0036224 0.0325318 0.0198434 0.0109096 0.0325318 0.0113319 0.0072597 0.0072597 0.0109096 0.0113319 0.0000000 0.6639663 0.0072597 0.0182831 0.0036167 
GCA036784925_Maine_S_alpinus   0.6858989 0.6858989 2.5878992 1.0413071 0.7031876 2.5878992 0.7031876 0.6858989 0.6858989 0.7031876 0.7031876 0.6639663 0.0000000 0.6858989 0.7031876 0.6808228 
GCA045679555_Iceland_A_alpinus 0.0036167 0.0036167 0.0269605 0.0198042 0.0108894 0.0269605 0.0112993 0.0072463 0.0000010 0.0108894 0.0112993 0.0072597 0.6858989 0.0000000 0.0257395 0.0109096 
GCF013265735_Rainbow_Trout     0.0220214 0.0220214 0.0608181 0.0402549 0.0294714 0.0608181 0.0404751 0.0257395 0.0257395 0.0294714 0.0404751 0.0182831 0.7031876 0.0257395 0.0000000 0.0219801 
GCF029448725_Brook_Trout       0.0072597 0.0072597 0.0380585 0.0238608 0.0145728 0.0380585 0.0170463 0.0109096 0.0109096 0.0145728 0.0170463 0.0036167 0.6808228 0.0109096 0.0219801 0.0000000 
