15
251140_Ward_Creek              0.0000000 0.0000010 0.0000010 0.0059633 0.0181198 0.0000010 0.0181198 0.0000010 0.0119966 0.0897875 0.0366706 0.0059552 0.0059552 0.2553587 0.0824081 
260512_Pybus_Point             0.0000010 0.0000000 0.0000010 0.0059633 0.0181198 0.0000010 0.0181198 0.0000010 0.0119966 0.0897875 0.0366706 0.0059552 0.0059552 0.2553587 0.0824081 
261935_Kenai_River             0.0000010 0.0000010 0.0000000 0.0059633 0.0181198 0.0000010 0.0181198 0.0000010 0.0072307 0.0877842 0.0366706 0.0035997 0.0035997 0.2553587 0.0824081 
353213_Cropley_Lake            0.0059633 0.0059633 0.0059633 0.0000000 0.0242924 0.0229500 0.0242924 0.0059633 0.0180932 0.0973125 0.0430210 0.0119741 0.0119741 0.2642319 0.0892659 
353379_Skagit_River            0.0181198 0.0181198 0.0181198 0.0242924 0.0000000 0.0468960 0.0000010 0.0181198 0.0182135 0.0679926 0.0180857 0.0120533 0.0120533 0.2302361 0.0624869 
353381_Dungeness_River         0.0000010 0.0000010 0.0000010 0.0229500 0.0468960 0.0000000 0.0468960 0.0000010 0.0469734 0.1386013 0.0974743 0.0228302 0.0228302 0.8937379 0.0956039 
353401_Peace_River             0.0181198 0.0181198 0.0181198 0.0242924 0.0000010 0.0468960 0.0000000 0.0181198 0.0182135 0.0679926 0.0180857 0.0120533 0.0120533 0.2302361 0.0624869 
353407_Noatok                  0.0000010 0.0000010 0.0000010 0.0059633 0.0181198 0.0000010 0.0181198 0.0000000 0.0072307 0.0877842 0.0366706 0.0035997 0.0035997 0.2553587 0.0824081 
353410_Horizon_Lake            0.0119966 0.0119966 0.0072307 0.0180932 0.0182135 0.0469734 0.0182135 0.0072307 0.0000000 0.0882668 0.0368630 0.0036107 0.0036107 0.2570462 0.0828652 
92319_Little_Lost              0.0897875 0.0897875 0.0877842 0.0973125 0.0679926 0.1386013 0.0679926 0.0877842 0.0882668 0.0000000 0.0895979 0.0813250 0.0813250 0.1935529 0.0256360 
GCA016432855_Lake_Trout        0.0366706 0.0366706 0.0366706 0.0430210 0.0180857 0.0974743 0.0180857 0.0366706 0.0368630 0.0895979 0.0000000 0.0304909 0.0304909 0.2548230 0.0822481 
GCA036784925_Maine_S_alpinus   0.0059552 0.0059552 0.0035997 0.0119741 0.0120533 0.0228302 0.0120533 0.0035997 0.0036107 0.0813250 0.0304909 0.0000000 0.0000010 0.2475998 0.0758914 
GCA045679555_Iceland_A_alpinus 0.0059552 0.0059552 0.0035997 0.0119741 0.0120533 0.0228302 0.0120533 0.0035997 0.0036107 0.0813250 0.0304909 0.0000010 0.0000000 0.2475998 0.0758914 
GCF013265735_Rainbow_Trout     0.2553587 0.2553587 0.2553587 0.2642319 0.2302361 0.8937379 0.2302361 0.2553587 0.2570462 0.1935529 0.2548230 0.2475998 0.2475998 0.0000000 0.1770408 
GCF029448725_Brook_Trout       0.0824081 0.0824081 0.0824081 0.0892659 0.0624869 0.0956039 0.0624869 0.0824081 0.0828652 0.0256360 0.0822481 0.0758914 0.0758914 0.1770408 0.0000000 
