12
251140_Ward_Creek            0.0000000 0.0000010 0.0072813 0.0220604 0.0000010 0.0220604 0.0153065 0.0072813 0.0146337 0.0072813 0.6031471 0.1700790 
260512_Pybus_Point           0.0000010 0.0000000 0.0072813 0.0220604 0.0000010 0.0220604 0.0153065 0.0072813 0.0146337 0.0072813 0.6031471 0.1700790 
353246_Cottonwood_Creek      0.0072813 0.0072813 0.0000000 0.0146337 0.0120003 0.0146337 0.0076142 0.0146337 0.0072813 0.0146337 0.6031471 0.1610436 
353379_Skagit_River          0.0220604 0.0220604 0.0146337 0.0000000 0.0365926 0.0000010 0.0076142 0.0295605 0.0072813 0.0295605 0.6031471 0.1610436 
353381_Dungeness_River       0.0000010 0.0000010 0.0120003 0.0365926 0.0000000 0.0365926 0.0257531 0.0120003 0.0241956 0.0120003 9.0000000 0.3040988 
353401_Peace_River           0.0220604 0.0220604 0.0146337 0.0000010 0.0365926 0.0000000 0.0076142 0.0295605 0.0072813 0.0295605 0.6031471 0.1610436 
353407_Noatok                0.0153065 0.0153065 0.0076142 0.0076142 0.0257531 0.0076142 0.0000000 0.0230784 0.0000010 0.0230784 0.6354732 0.1598199 
353410_Horizon_Lake          0.0072813 0.0072813 0.0146337 0.0295605 0.0120003 0.0295605 0.0230784 0.0000000 0.0220604 0.0146337 0.6235565 0.1792264 
GCA016432855_Lake_Trout      0.0146337 0.0146337 0.0072813 0.0072813 0.0241956 0.0072813 0.0000010 0.0220604 0.0000000 0.0220604 0.5832784 0.1521150 
GCA036784925_Maine_S_alpinus 0.0072813 0.0072813 0.0146337 0.0295605 0.0120003 0.0295605 0.0230784 0.0146337 0.0220604 0.0000000 0.6235565 0.1792264 
GCF013265735_Rainbow_Trout   0.6031471 0.6031471 0.6031471 0.6031471 9.0000000 0.6031471 0.6354732 0.6235565 0.5832784 0.6235565 0.0000000 0.3937041 
GCF029448725_Brook_Trout     0.1700790 0.1700790 0.1610436 0.1610436 0.3040988 0.1610436 0.1598199 0.1792264 0.1521150 0.1792264 0.3937041 0.0000000 
