19
251140_Ward_Creek              0.0000000 0.0000010 0.0523835 0.0000010 0.0000010 0.0523835 0.0028775 0.0000010 0.0086677 0.0428941 0.0553759 0.0028775 0.0029539 0.0675136 0.0583772 0.0583772 0.1046103 0.0705551 0.0086677 
260512_Pybus_Point             0.0000010 0.0000000 0.0523835 0.0000010 0.0000010 0.0523835 0.0028775 0.0000010 0.0086677 0.0523835 0.0553759 0.0028775 0.0029539 0.0675136 0.0583772 0.0583772 0.1079361 0.0705551 0.0086677 
261935_Kenai_River             0.0523835 0.0523835 0.0000000 0.0523835 0.0549427 0.0000010 0.0568682 0.4200651 0.0631208 0.0000010 0.0025865 0.0568682 0.0584431 0.0130170 0.0051813 0.0051813 0.1726873 0.0156407 0.0631208 
353213_Cropley_Lake            0.0000010 0.0000010 0.0523835 0.0000000 0.0000010 0.0523835 0.0028775 0.0000010 0.0086677 0.0523835 0.0553759 0.0028775 0.0029539 0.0675136 0.0583772 0.0583772 0.1079361 0.0705551 0.0086677 
353220_Fish_Creek              0.0000010 0.0000010 0.0549427 0.0000010 0.0000000 0.0549427 0.0030165 0.0000010 0.0060419 0.0549427 0.0580856 0.0030165 0.0030165 0.0708427 0.0612383 0.0612383 0.1101835 0.0740398 0.0060419 
353246_Cottonwood_Creek        0.0523835 0.0523835 0.0000010 0.0523835 0.0549427 0.0000000 0.0568682 0.4200651 0.0631208 0.0000010 0.0025865 0.0568682 0.0584431 0.0130170 0.0051813 0.0051813 0.1726873 0.0156407 0.0631208 
353379_Skagit_River            0.0028775 0.0028775 0.0568682 0.0028775 0.0030165 0.0568682 0.0000000 0.0176989 0.0057696 0.0568682 0.0537930 0.0000010 0.0000010 0.0662293 0.0568682 0.0568682 0.0937364 0.0693464 0.0057696 
353381_Dungeness_River         0.0000010 0.0000010 0.4200651 0.0000010 0.0000010 0.4200651 0.0176989 0.0000000 0.0357158 0.4200651 0.4496661 0.0176989 0.0176989 0.5842980 0.4801852 0.4801852 0.7686084 0.5778233 0.0357158 
353401_Peace_River             0.0086677 0.0086677 0.0631208 0.0086677 0.0060419 0.0631208 0.0057696 0.0357158 0.0000000 0.0631208 0.0600237 0.0057696 0.0029539 0.0725603 0.0631208 0.0631208 0.1006667 0.0757011 0.0000010 
353407_Noatok                  0.0428941 0.0523835 0.0000010 0.0523835 0.0549427 0.0000010 0.0568682 0.4200651 0.0631208 0.0000000 0.0025865 0.0568682 0.0584431 0.0130170 0.0051813 0.0051813 0.1660485 0.0156407 0.0631208 
353410_Horizon_Lake            0.0553759 0.0553759 0.0025865 0.0553759 0.0580856 0.0025865 0.0537930 0.4496661 0.0600237 0.0025865 0.0000000 0.0537930 0.0552803 0.0104001 0.0025865 0.0025865 0.1690663 0.0130170 0.0600237 
92319_Little_Lost              0.0028775 0.0028775 0.0568682 0.0028775 0.0030165 0.0568682 0.0000010 0.0176989 0.0057696 0.0568682 0.0537930 0.0000000 0.0000010 0.0662293 0.0568682 0.0568682 0.0937364 0.0693464 0.0057696 
94280_St_Joe                   0.0029539 0.0029539 0.0584431 0.0029539 0.0030165 0.0584431 0.0000010 0.0176989 0.0029539 0.0584431 0.0552803 0.0000010 0.0000000 0.0680742 0.0584431 0.0584431 0.0930582 0.0712820 0.0029539 
GCA016432855_Lake_Trout        0.0675136 0.0675136 0.0130170 0.0675136 0.0708427 0.0130170 0.0662293 0.5842980 0.0725603 0.0130170 0.0104001 0.0662293 0.0680742 0.0000000 0.0130170 0.0130170 0.1765563 0.0130303 0.0725603 
GCA036784925_Maine_S_alpinus   0.0583772 0.0583772 0.0051813 0.0583772 0.0612383 0.0051813 0.0568682 0.4801852 0.0631208 0.0051813 0.0025865 0.0568682 0.0584431 0.0130170 0.0000000 0.0000010 0.1726873 0.0156407 0.0631208 
GCA045679555_Iceland_A_alpinus 0.0583772 0.0583772 0.0051813 0.0583772 0.0612383 0.0051813 0.0568682 0.4801852 0.0631208 0.0051813 0.0025865 0.0568682 0.0584431 0.0130170 0.0000010 0.0000000 0.1726873 0.0156407 0.0631208 
GCF013265735_Rainbow_Trout     0.1046103 0.1079361 0.1726873 0.1079361 0.1101835 0.1726873 0.0937364 0.7686084 0.1006667 0.1660485 0.1690663 0.0937364 0.0930582 0.1765563 0.1726873 0.1726873 0.0000000 0.1802099 0.1006667 
GCF029448725_Brook_Trout       0.0705551 0.0705551 0.0156407 0.0705551 0.0740398 0.0156407 0.0693464 0.5778233 0.0757011 0.0156407 0.0130170 0.0693464 0.0712820 0.0130303 0.0156407 0.0156407 0.1802099 0.0000000 0.0757011 
Methow_River_99895             0.0086677 0.0086677 0.0631208 0.0086677 0.0060419 0.0631208 0.0057696 0.0357158 0.0000010 0.0631208 0.0600237 0.0057696 0.0029539 0.0725603 0.0631208 0.0631208 0.1006667 0.0757011 0.0000000 
