18
251140_Ward_Creek              0.0000000 0.0362306 0.0709055 0.0362306 0.0178174 0.0750159 0.2085878 0.2026303 1.7168021 0.2026303 0.1146923 0.1805212 0.2275362 0.3530492 0.1805212 0.2251762 1.5845445 0.7087467 
260512_Pybus_Point             0.0362306 0.0000000 0.0716570 0.0000010 0.0179530 0.0365155 0.1504979 0.1573497 1.8583874 0.1573497 0.0743953 0.1363298 0.1805212 0.2988467 0.1363298 0.1787768 1.4395635 0.6261153 
261935_Kenai_River             0.0709055 0.0716570 0.0000000 0.0716570 0.0467122 0.0716570 0.1224103 0.2085878 0.0998881 0.2085878 0.0967248 0.1224103 0.2411084 0.4090686 0.1800866 0.2378339 2.3463993 0.9550437 
353213_Cropley_Lake            0.0362306 0.0000010 0.0716570 0.0000000 0.0179530 0.0365155 0.1504979 0.1573497 1.8583874 0.1573497 0.0743953 0.1363298 0.1805212 0.2988467 0.1363298 0.1787768 1.4395635 0.6261153 
353219_Peterson_Creek          0.0178174 0.0179530 0.0467122 0.0179530 0.0000000 0.0557309 0.1800866 0.1805212 1.6692467 0.1805212 0.0946673 0.1588424 0.2046933 0.3274435 0.1588424 0.2026303 1.5475614 0.6732144 
353220_Fish_Creek              0.0750159 0.0365155 0.0716570 0.0365155 0.0557309 0.0000000 0.1504979 0.1573497 2.3222247 0.1573497 0.0743953 0.1363298 0.1805212 0.2988467 0.1363298 0.1787768 1.4395635 0.6261153 
353246_Cottonwood_Creek        0.2085878 0.1504979 0.1224103 0.1504979 0.1800866 0.1504979 0.0000000 0.2411084 0.4441969 0.2411084 0.1238166 0.0000010 0.2756463 0.2943124 0.0467122 0.0956765 1.8515200 0.7258901 
353379_Skagit_River            0.2026303 0.1573497 0.2085878 0.1573497 0.1805212 0.1573497 0.2411084 0.0000000 2.0980467 0.0000010 0.1603677 0.1823054 0.0179530 0.2455502 0.1363298 0.1787768 1.2509847 0.5414188 
353381_Dungeness_River         1.7168021 1.8583874 0.0998881 1.8583874 1.6692467 2.3222247 0.4441969 2.0980467 0.0000000 2.0980467 2.3222247 2.5834609 2.3252066 2.5056952 2.5834609 2.5442692 3.7831853 3.5127650 
353401_Peace_River             0.2026303 0.1573497 0.2085878 0.1573497 0.1805212 0.1573497 0.2411084 0.0000010 2.0980467 0.0000000 0.1603677 0.1823054 0.0179530 0.2455502 0.1363298 0.1787768 1.2509847 0.5414188 
353407_Noatok                  0.1146923 0.0743953 0.0967248 0.0743953 0.0946673 0.0743953 0.1238166 0.1603677 2.3222247 0.1603677 0.0000000 0.0954859 0.1841309 0.3059212 0.1388715 0.1823054 1.5890328 0.6510540 
353410_Horizon_Lake            0.1805212 0.1363298 0.1224103 0.1363298 0.1588424 0.1363298 0.0000010 0.1823054 2.5834609 0.1823054 0.0954859 0.0000000 0.2068055 0.2228727 0.0365155 0.0743953 1.2097854 0.5109329 
92319_Little_Lost              0.2275362 0.1805212 0.2411084 0.1805212 0.2046933 0.1805212 0.2756463 0.0179530 2.3252066 0.0179530 0.1841309 0.2068055 0.0000000 0.2715889 0.1588424 0.2026303 1.3410718 0.5823258 
GCA016432855_Lake_Trout        0.3530492 0.2988467 0.4090686 0.2988467 0.3274435 0.2988467 0.2943124 0.2455502 2.5056952 0.2455502 0.3059212 0.2228727 0.2715889 0.0000000 0.1754014 0.2184311 1.1692466 0.3575183 
GCA036784925_Maine_S_alpinus   0.1805212 0.1363298 0.1800866 0.1363298 0.1588424 0.1363298 0.0467122 0.1363298 2.5834609 0.1363298 0.1388715 0.0365155 0.1588424 0.1754014 0.0000000 0.0359502 1.0523987 0.4388096 
GCA045679555_Iceland_A_alpinus 0.2251762 0.1787768 0.2378339 0.1787768 0.2026303 0.1787768 0.0956765 0.1787768 2.5442692 0.1787768 0.1823054 0.0743953 0.2026303 0.2184311 0.0359502 0.0000000 1.1312298 0.4954911 
GCF013265735_Rainbow_Trout     1.5845445 1.4395635 2.3463993 1.4395635 1.5475614 1.4395635 1.8515200 1.2509847 3.7831853 1.2509847 1.5890328 1.2097854 1.3410718 1.1692466 1.0523987 1.1312298 0.0000000 1.8356230 
GCF029448725_Brook_Trout       0.7087467 0.6261153 0.9550437 0.6261153 0.6732144 0.6261153 0.7258901 0.5414188 3.5127650 0.5414188 0.6510540 0.5109329 0.5823258 0.3575183 0.4388096 0.4954911 1.8356230 0.0000000 
