13
251140_Ward_Creek            0.0000000 0.0000010 0.0240244 0.1417355 0.0206134 0.0068139 0.0136848 0.0206134 0.0637461 0.0346486 0.0136848 0.1252184 0.0276010 
260512_Pybus_Point           0.0000010 0.0000000 0.0240244 0.1417355 0.0206134 0.0068139 0.0136848 0.0206134 0.0637461 0.0346486 0.0136848 0.1252184 0.0276010 
353379_Skagit_River          0.0240244 0.0240244 0.0000000 0.4012356 0.0000010 0.0159387 0.0079308 0.0000010 0.0489579 0.0321905 0.0079308 0.1382434 0.0240244 
353381_Dungeness_River       0.1417355 0.1417355 0.4012356 0.0000000 0.1960007 0.1687224 0.1687224 0.1960007 0.0441762 0.2534805 0.1687224 0.7677049 0.2242421 
353401_Peace_River           0.0206134 0.0206134 0.0000010 0.1960007 0.0000000 0.0136848 0.0068138 0.0000010 0.0418950 0.0276005 0.0068138 0.1172999 0.0206134 
353407_Noatok                0.0068139 0.0068139 0.0159387 0.1687224 0.0136848 0.0000000 0.0068139 0.0136848 0.0564135 0.0276010 0.0068139 0.1173022 0.0206138 
353410_Horizon_Lake          0.0136848 0.0136848 0.0079308 0.1687224 0.0068138 0.0068139 0.0000000 0.0068138 0.0491456 0.0206134 0.0000010 0.1094585 0.0136848 
92319_Little_Lost            0.0206134 0.0206134 0.0000010 0.1960007 0.0000010 0.0136848 0.0068138 0.0000000 0.0418950 0.0276005 0.0068138 0.1172999 0.0206134 
94280_St_Joe                 0.0637461 0.0637461 0.0489579 0.0441762 0.0418950 0.0564135 0.0491456 0.0418950 0.0000000 0.0711432 0.0491456 0.1668781 0.0637461 
GCA016432855_Lake_Trout      0.0346486 0.0346486 0.0321905 0.2534805 0.0276005 0.0276010 0.0206134 0.0276005 0.0711432 0.0000000 0.0206134 0.1332106 0.0068063 
GCA036784925_Maine_S_alpinus 0.0136848 0.0136848 0.0079308 0.1687224 0.0068138 0.0068139 0.0000010 0.0068138 0.0491456 0.0206134 0.0000000 0.1094585 0.0136848 
GCF013265735_Rainbow_Trout   0.1252184 0.1252184 0.1382434 0.7677049 0.1172999 0.1173022 0.1094585 0.1172999 0.1668781 0.1332106 0.1094585 0.0000000 0.1252184 
GCF029448725_Brook_Trout     0.0276010 0.0276010 0.0240244 0.2242421 0.0206134 0.0206138 0.0136848 0.0206134 0.0637461 0.0068063 0.0136848 0.1252184 0.0000000 
