17
251140_Ward_Creek              0.0000000 0.0141838 0.0735040 0.0000010 0.0141838 0.0434568 0.0583688 0.0285698 0.1229489 0.0434568 0.0583688 0.1067330 0.1229489 0.0901298 1.1564987 0.1876781 0.0583688 
260512_Pybus_Point             0.0141838 0.0000000 0.0583688 0.0141838 0.0000010 0.0287620 0.0434568 0.0141838 0.1067330 0.0287620 0.0434568 0.0907737 0.1067330 0.0745362 1.1084094 0.1706436 0.0434568 
261935_Kenai_River             0.0735040 0.0583688 0.0000000 0.0735040 0.0583688 0.0894949 0.1052137 0.0434568 0.1745336 0.0894949 0.1052137 0.1573565 0.1745336 0.1394292 1.3380284 0.2424304 0.1052137 
353213_Cropley_Lake            0.0000010 0.0141838 0.0735040 0.0000000 0.0141838 0.0434568 0.0583688 0.0285698 0.1229489 0.0434568 0.0583688 0.1067330 0.1229489 0.0901298 1.1564987 0.1876781 0.0583688 
353219_Peterson_Creek          0.0141838 0.0000010 0.0583688 0.0141838 0.0000000 0.0287620 0.0434568 0.0141838 0.1067330 0.0287620 0.0434568 0.0907737 0.1067330 0.0745362 1.1084094 0.1706436 0.0434568 
353379_Skagit_River            0.0434568 0.0287620 0.0894949 0.0434568 0.0287620 0.0000000 0.0141838 0.0434568 0.1404658 0.0000010 0.0141838 0.1238529 0.1404658 0.1067330 1.1289378 0.1719205 0.0141838 
353401_Peace_River             0.0583688 0.0434568 0.1052137 0.0583688 0.0434568 0.0141838 0.0000000 0.0583688 0.1573565 0.0141838 0.0285698 0.1404658 0.1573565 0.1229489 1.1786769 0.1890987 0.0000010 
353407_Noatok                  0.0285698 0.0141838 0.0434568 0.0285698 0.0141838 0.0434568 0.0583688 0.0000000 0.1229489 0.0434568 0.0583688 0.1067330 0.1229489 0.0901298 1.1564987 0.1876781 0.0583688 
353410_Horizon_Lake            0.1229489 0.1067330 0.1745336 0.1229489 0.1067330 0.1404658 0.1573565 0.1229489 0.0000000 0.1404658 0.1573565 0.2148104 0.0289568 0.0287620 1.6327702 0.3061635 0.1573565 
92319_Little_Lost              0.0434568 0.0287620 0.0894949 0.0434568 0.0287620 0.0000010 0.0141838 0.0434568 0.1404658 0.0000000 0.0141838 0.1238529 0.1404658 0.1067330 1.1289378 0.1719205 0.0141838 
94280_St_Joe                   0.0583688 0.0434568 0.1052137 0.0583688 0.0434568 0.0141838 0.0285698 0.0583688 0.1573565 0.0141838 0.0000000 0.1404658 0.1573565 0.1229489 1.1786769 0.1890987 0.0285698 
GCA016432855_Lake_Trout        0.1067330 0.0907737 0.1573565 0.1067330 0.0907737 0.1238529 0.1404658 0.1067330 0.2148104 0.1238529 0.1404658 0.0000000 0.2148104 0.1772315 1.3113031 0.2114336 0.1404658 
GCA036784925_Maine_S_alpinus   0.1229489 0.1067330 0.1745336 0.1229489 0.1067330 0.1404658 0.1573565 0.1229489 0.0289568 0.1404658 0.1573565 0.2148104 0.0000000 0.0287620 1.6327702 0.3061635 0.1573565 
GCA045679555_Iceland_A_alpinus 0.0901298 0.0745362 0.1394292 0.0901298 0.0745362 0.1067330 0.1229489 0.0901298 0.0287620 0.1067330 0.1229489 0.1772315 0.0287620 0.0000000 1.4609424 0.2650547 0.1229489 
GCF013265735_Rainbow_Trout     1.1564987 1.1084094 1.3380284 1.1564987 1.1084094 1.1289378 1.1786769 1.1564987 1.6327702 1.1289378 1.1786769 1.3113031 1.6327702 1.4609424 0.0000000 1.4265340 1.1786769 
GCF029448725_Brook_Trout       0.1876781 0.1706436 0.2424304 0.1876781 0.1706436 0.1719205 0.1890987 0.1876781 0.3061635 0.1719205 0.1890987 0.2114336 0.3061635 0.2650547 1.4265340 0.0000000 0.1890987 
Methow_River_99895             0.0583688 0.0434568 0.1052137 0.0583688 0.0434568 0.0141838 0.0000010 0.0583688 0.1573565 0.0141838 0.0285698 0.1404658 0.1573565 0.1229489 1.1786769 0.1890987 0.0000000 
