11
251140_Ward_Creek            0.0000000 0.0000010 0.0223064 0.0236240 0.0223064 0.0110703 0.0291299 0.0223064 0.0110703 0.2846172 0.0337130 
260512_Pybus_Point           0.0000010 0.0000000 0.0223064 0.0236240 0.0223064 0.0110703 0.0291299 0.0223064 0.0110703 0.2846172 0.0337130 
353379_Skagit_River          0.0223064 0.0223064 0.0000000 0.0732288 0.0000010 0.0337130 0.0000010 0.0223064 0.0337130 0.2471094 0.0337130 
353381_Dungeness_River       0.0236240 0.0236240 0.0732288 0.0000000 0.0732288 0.0480164 0.1505030 0.0732288 0.0480164 1.7635314 0.0732288 
353401_Peace_River           0.0223064 0.0223064 0.0000010 0.0732288 0.0000000 0.0337130 0.0000010 0.0223064 0.0337130 0.2471094 0.0337130 
353410_Horizon_Lake          0.0110703 0.0110703 0.0337130 0.0480164 0.0337130 0.0000000 0.0441303 0.0337130 0.0000010 0.3040988 0.0452968 
92319_Little_Lost            0.0291299 0.0291299 0.0000010 0.1505030 0.0000010 0.0441303 0.0000000 0.0291299 0.0441303 0.2726257 0.0441303 
GCA016432855_Lake_Trout      0.0223064 0.0223064 0.0223064 0.0732288 0.0223064 0.0337130 0.0291299 0.0000000 0.0337130 0.2846172 0.0337130 
GCA036784925_Maine_S_alpinus 0.0110703 0.0110703 0.0337130 0.0480164 0.0337130 0.0000010 0.0441303 0.0337130 0.0000000 0.3040988 0.0452968 
GCF013265735_Rainbow_Trout   0.2846172 0.2846172 0.2471094 1.7635314 0.2471094 0.3040988 0.2726257 0.2846172 0.3040988 0.0000000 0.3040988 
GCF029448725_Brook_Trout     0.0337130 0.0337130 0.0337130 0.0732288 0.0337130 0.0452968 0.0441303 0.0337130 0.0452968 0.3040988 0.0000000 
