13
251140_Ward_Creek              0.0000000 0.0440072 0.0586961 0.0440072 0.0481054 0.0481054 2.9472062 0.0481054 0.0677329 0.0694195 0.0482028 0.0688502 0.0621594 
260512_Pybus_Point             0.0440072 0.0000000 0.0046620 0.0000010 0.0038533 0.0038533 3.2421745 0.0038533 0.0099011 0.0235311 0.0038608 0.0233471 0.0195706 
261935_Kenai_River             0.0586961 0.0046620 0.0000000 0.0046620 0.0046620 0.0093458 5.2943788 0.0093458 0.0191698 0.0334171 0.0093678 0.0330991 0.0285743 
353213_Cropley_Lake            0.0440072 0.0000010 0.0046620 0.0000000 0.0038533 0.0038533 3.2421745 0.0038533 0.0099011 0.0235311 0.0038608 0.0233471 0.0195706 
353246_Cottonwood_Creek        0.0481054 0.0038533 0.0046620 0.0038533 0.0000000 0.0077216 3.2421745 0.0077216 0.0148885 0.0275073 0.0077366 0.0272917 0.0235311 
353379_Skagit_River            0.0481054 0.0038533 0.0093458 0.0038533 0.0077216 0.0000000 3.2713773 0.0000010 0.0049383 0.0275073 0.0077366 0.0272917 0.0235311 
353381_Dungeness_River         2.9472062 3.2421745 5.2943788 3.2421745 3.2421745 3.2713773 0.0000000 3.2713773 5.6995561 3.0681750 3.1375344 3.2421745 3.0681750 
353401_Peace_River             0.0481054 0.0038533 0.0093458 0.0038533 0.0077216 0.0000010 3.2713773 0.0000000 0.0049383 0.0275073 0.0077366 0.0272917 0.0235311 
94280_St_Joe                   0.0677329 0.0099011 0.0191698 0.0099011 0.0148885 0.0049383 5.6995561 0.0049383 0.0000000 0.0354481 0.0099011 0.0350903 0.0354481 
GCA016432855_Lake_Trout        0.0694195 0.0235311 0.0334171 0.0235311 0.0275073 0.0275073 3.0681750 0.0275073 0.0354481 0.0000000 0.0275618 0.0355075 0.0038533 
GCA045679555_Iceland_A_alpinus 0.0482028 0.0038608 0.0093678 0.0038608 0.0077366 0.0077366 3.1375344 0.0077366 0.0099011 0.0275618 0.0000000 0.0273453 0.0235775 
GCF013265735_Rainbow_Trout     0.0688502 0.0233471 0.0330991 0.0233471 0.0272917 0.0272917 3.2421745 0.0272917 0.0350903 0.0355075 0.0273453 0.0000000 0.0314994 
GCF029448725_Brook_Trout       0.0621594 0.0195706 0.0285743 0.0195706 0.0235311 0.0235311 3.0681750 0.0235311 0.0354481 0.0038533 0.0235775 0.0314994 0.0000000 
