15
251140_Ward_Creek              0.0000000 0.0000010 0.0059990 0.0120565 0.0214305 0.0000010 0.0212356 0.0120565 0.0029893 0.0212356 0.0435671 0.0090438 0.0120565 0.1768118 0.0368250 
260512_Pybus_Point             0.0000010 0.0000000 0.0059990 0.0120565 0.0214305 0.0000010 0.0212356 0.0120565 0.0029893 0.0212356 0.0435671 0.0090438 0.0120565 0.1768118 0.0368250 
261935_Kenai_River             0.0059990 0.0059990 0.0000000 0.0181733 0.0152322 0.0105603 0.0150943 0.0059990 0.0029945 0.0150943 0.0436589 0.0090282 0.0059990 0.1773049 0.0368904 
353246_Cottonwood_Creek        0.0120565 0.0120565 0.0181733 0.0000000 0.0214305 0.0159328 0.0212356 0.0120565 0.0150943 0.0212356 0.0468748 0.0213102 0.0120565 0.1743727 0.0368250 
353379_Skagit_River            0.0214305 0.0214305 0.0152322 0.0214305 0.0000000 0.0322327 0.0000010 0.0090946 0.0183399 0.0000010 0.0324220 0.0245740 0.0090946 0.1583946 0.0276913 
353381_Dungeness_River         0.0000010 0.0000010 0.0105603 0.0159328 0.0322327 0.0000000 0.0322327 0.0159328 0.0052489 0.0322327 0.0815266 0.0159817 0.0159328 0.4613277 0.0603195 
353401_Peace_River             0.0212356 0.0212356 0.0150943 0.0212356 0.0000010 0.0322327 0.0000000 0.0090126 0.0181733 0.0000010 0.0324220 0.0243502 0.0090126 0.1611986 0.0274380 
353407_Noatok                  0.0120565 0.0120565 0.0059990 0.0120565 0.0090946 0.0159328 0.0090126 0.0000000 0.0090282 0.0090126 0.0361675 0.0151205 0.0000010 0.1666732 0.0305893 
353410_Horizon_Lake            0.0029893 0.0029893 0.0029945 0.0150943 0.0183399 0.0052489 0.0181733 0.0090282 0.0000000 0.0181733 0.0398607 0.0120774 0.0090282 0.1717298 0.0337021 
92319_Little_Lost              0.0212356 0.0212356 0.0150943 0.0212356 0.0000010 0.0322327 0.0000010 0.0090126 0.0181733 0.0000000 0.0324220 0.0243502 0.0090126 0.1611986 0.0274380 
GCA016432855_Lake_Trout        0.0435671 0.0435671 0.0436589 0.0468748 0.0324220 0.0815266 0.0324220 0.0361675 0.0398607 0.0324220 0.0000000 0.0551221 0.0361675 0.2136759 0.0360919 
GCA036784925_Maine_S_alpinus   0.0090438 0.0090438 0.0090282 0.0213102 0.0245740 0.0159817 0.0243502 0.0151205 0.0120774 0.0243502 0.0551221 0.0000000 0.0151205 0.1938489 0.0465035 
GCA045679555_Iceland_A_alpinus 0.0120565 0.0120565 0.0059990 0.0120565 0.0090946 0.0159328 0.0090126 0.0000010 0.0090282 0.0090126 0.0361675 0.0151205 0.0000000 0.1666732 0.0305893 
GCF013265735_Rainbow_Trout     0.1768118 0.1768118 0.1773049 0.1743727 0.1583946 0.4613277 0.1611986 0.1666732 0.1717298 0.1611986 0.2136759 0.1938489 0.1666732 0.0000000 0.1662146 
GCF029448725_Brook_Trout       0.0368250 0.0368250 0.0368904 0.0368250 0.0276913 0.0603195 0.0274380 0.0305893 0.0337021 0.0274380 0.0360919 0.0465035 0.0305893 0.1662146 0.0000000 
