17
251140_Ward_Creek              0.0000000 0.0186617 0.0302178 0.0059041 0.0119108 0.0000010 0.0302178 0.0364837 0.0000010 0.0301800 0.0240650 0.0301800 0.0301874 0.0240740 0.0240506 0.0553663 0.0363401 
260512_Pybus_Point             0.0186617 0.0000000 0.0377517 0.0281167 0.0185341 0.0186617 0.0377517 0.0476399 0.2073916 0.0376776 0.0281154 0.0376776 0.0376928 0.0281320 0.0280894 0.0571388 0.0473483 
261935_Kenai_River             0.0302178 0.0377517 0.0000000 0.0363673 0.0179203 0.0302178 0.0000010 0.0173019 0.0429023 0.0114550 0.0179768 0.0114550 0.0114574 0.0114550 0.0179659 0.0349854 0.0178068 
353213_Cropley_Lake            0.0059041 0.0281167 0.0363673 0.0000000 0.0179180 0.0059041 0.0363673 0.0426889 0.0000010 0.0363214 0.0301683 0.0363214 0.0363307 0.0301800 0.0301505 0.0617007 0.0425209 
353219_Peterson_Creek          0.0119108 0.0185341 0.0179203 0.0179180 0.0000000 0.0119108 0.0179203 0.0240384 0.0140608 0.0178983 0.0118937 0.0178983 0.0179024 0.0118977 0.0118864 0.0425517 0.0239443 
353220_Fish_Creek              0.0000010 0.0186617 0.0302178 0.0059041 0.0119108 0.0000000 0.0302178 0.0364837 0.0000010 0.0301800 0.0240650 0.0301800 0.0301874 0.0240740 0.0240506 0.0553663 0.0363401 
353246_Cottonwood_Creek        0.0302178 0.0377517 0.0000010 0.0363673 0.0179203 0.0302178 0.0000000 0.0173019 0.0429023 0.0114550 0.0179768 0.0114550 0.0114574 0.0114550 0.0179659 0.0349854 0.0178068 
353379_Skagit_River            0.0364837 0.0476399 0.0173019 0.0426889 0.0240384 0.0364837 0.0173019 0.0000000 0.0580467 0.0057223 0.0241146 0.0057223 0.0172851 0.0172813 0.0241001 0.0350932 0.0238852 
353381_Dungeness_River         0.0000010 0.2073916 0.0429023 0.0000010 0.0140608 0.0000010 0.0429023 0.0580467 0.0000000 0.0427744 0.0432282 0.0427744 0.0428012 0.0283184 0.0431692 0.1045376 0.0575092 
353401_Peace_River             0.0301800 0.0376776 0.0114550 0.0363214 0.0178983 0.0301800 0.0114550 0.0057223 0.0427744 0.0000000 0.0179546 0.0000010 0.0114439 0.0114415 0.0179437 0.0349430 0.0177851 
353410_Horizon_Lake            0.0240650 0.0281154 0.0179768 0.0301683 0.0118937 0.0240650 0.0179768 0.0241146 0.0432282 0.0179546 0.0000000 0.0179546 0.0179587 0.0119350 0.0119236 0.0426885 0.0240199 
92319_Little_Lost              0.0301800 0.0376776 0.0114550 0.0363214 0.0178983 0.0301800 0.0114550 0.0057223 0.0427744 0.0000010 0.0179546 0.0000000 0.0114439 0.0114415 0.0179437 0.0349430 0.0177851 
GCA016432855_Lake_Trout        0.0301874 0.0376928 0.0114574 0.0363307 0.0179024 0.0301874 0.0114574 0.0172851 0.0428012 0.0114439 0.0179587 0.0114439 0.0000000 0.0114439 0.0179478 0.0349516 0.0177891 
GCA036784925_Maine_S_alpinus   0.0240740 0.0281320 0.0114550 0.0301800 0.0118977 0.0240740 0.0114550 0.0172813 0.0283184 0.0114415 0.0119350 0.0114415 0.0114439 0.0000000 0.0119277 0.0349430 0.0118226 
GCA045679555_Iceland_A_alpinus 0.0240506 0.0280894 0.0179659 0.0301505 0.0118864 0.0240506 0.0179659 0.0241001 0.0431692 0.0179437 0.0119236 0.0179437 0.0179478 0.0119277 0.0000000 0.0426638 0.0240055 
GCF013265735_Rainbow_Trout     0.0553663 0.0571388 0.0349854 0.0617007 0.0425517 0.0553663 0.0349854 0.0350932 0.1045376 0.0349430 0.0426885 0.0349430 0.0349516 0.0349430 0.0426638 0.0000000 0.0422777 
GCF029448725_Brook_Trout       0.0363401 0.0473483 0.0178068 0.0425209 0.0239443 0.0363401 0.0178068 0.0238852 0.0575092 0.0177851 0.0240199 0.0177851 0.0177891 0.0118226 0.0240055 0.0422777 0.0000000 
