20
251140_Ward_Creek              0.0000000 0.0022241 0.0093097 0.0033421 0.0022235 0.0029659 0.0052198 0.0202885 0.0134883 0.0178064 0.0048447 0.0083264 0.0204002 2.2905849 0.0125242 2.9988012 0.0067465 0.0681223 0.0196936 0.0182125 
260512_Pybus_Point             0.0022241 0.0000000 0.0112504 0.0033443 0.0000010 0.0044736 0.0059779 0.0211151 0.0134976 0.0186210 0.0056017 0.0091026 0.0213830 0.6459525 0.0133115 3.0009460 0.0075118 0.0691614 0.0205103 0.0191050 
261935_Kenai_River             0.0093097 0.0112504 0.0000000 0.0107520 0.0112461 0.0102631 0.0093186 0.0292067 0.0245699 0.0265041 0.0079023 0.0036649 0.0259922 6.1097890 0.0201234 9.0000000 0.0112565 0.0903357 0.0272855 0.0279550 
353213_Cropley_Lake            0.0033421 0.0033443 0.0107520 0.0000000 0.0033433 0.0011074 0.0033410 0.0223790 0.0118498 0.0198645 0.0029684 0.0094946 0.0228879 2.1899254 0.0145093 2.8882915 0.0078979 0.0665959 0.0217586 0.0204686 
353219_Peterson_Creek          0.0022235 0.0000010 0.0112461 0.0033433 0.0000000 0.0044723 0.0059761 0.1022782 0.0134933 0.0186151 0.0056000 0.0090998 0.0213749 0.6440832 0.0133074 2.9950681 0.0075095 0.0691363 0.0205039 0.0190984 
353220_Fish_Creek              0.0029659 0.0044736 0.0102631 0.0011074 0.0044723 0.0000000 0.0029649 0.0219474 0.0122689 0.0194409 0.0025931 0.0090995 0.0223735 2.1960258 0.0141034 2.8933920 0.0075093 0.0660267 0.0213326 0.0200037 
353246_Cottonwood_Creek        0.0052198 0.0059779 0.0093186 0.0033410 0.0059761 0.0029649 0.0000000 0.0219324 0.0147329 0.0194278 0.0011064 0.0075484 0.0223554 2.1904242 0.0140941 2.8680681 0.0067375 0.0659747 0.0213182 0.0199890 
353379_Skagit_River            0.0202885 0.0211151 0.0292067 0.0223790 0.1022782 0.0219474 0.0219324 0.0000000 0.0298846 0.0032085 0.0207174 0.0246342 0.0029413 2.1080345 0.0219281 2.6462357 0.0228099 0.0725254 0.0286614 0.0031017 
353381_Dungeness_River         0.0134883 0.0134976 0.0245699 0.0118498 0.0134933 0.0122689 0.0147329 0.0298846 0.0000000 0.0272699 0.0143277 0.0207564 0.0318517 1.7829544 0.0244850 2.5266194 0.0189282 0.0546108 0.0319922 0.0288849 
353401_Peace_River             0.0178064 0.0186210 0.0265041 0.0198645 0.0186151 0.0194409 0.0194278 0.0032085 0.0272699 0.0000000 0.0182271 0.0220712 0.0004164 0.5911978 0.0189999 2.5066677 0.0202876 0.0693603 0.0256169 0.0003840 
353407_Noatok                  0.0048447 0.0056017 0.0079023 0.0029684 0.0056000 0.0025931 0.0011064 0.0207174 0.0143277 0.0182271 0.0000000 0.0064040 0.0209102 2.1382938 0.0129269 2.8140218 0.0056041 0.0645508 0.0201169 0.0186738 
353410_Horizon_Lake            0.0083264 0.0091026 0.0036649 0.0094946 0.0090998 0.0090995 0.0075484 0.0246342 0.0207564 0.0220712 0.0064040 0.0000000 0.0255841 2.2956509 0.0166092 3.1161197 0.0071301 0.0713660 0.0239824 0.0228952 
92319_Little_Lost              0.0204002 0.0213830 0.0259922 0.0228879 0.0213749 0.0223735 0.0223554 0.0029413 0.0318517 0.0004164 0.0209102 0.0255841 0.0000000 4.4719723 0.0218355 5.8189476 0.0234016 0.0828235 0.0288033 0.0000010 
94280_St_Joe                   2.2905849 0.6459525 6.1097890 2.1899254 0.6440832 2.1960258 2.1904242 2.1080345 1.7829544 0.5911978 2.1382938 2.2956509 4.4719723 0.0000000 2.1745303 0.0389022 2.3117942 0.5276856 2.3337094 3.0687699 
GCA016432855_Lake_Trout        0.0125242 0.0133115 0.0201234 0.0145093 0.0133074 0.0141034 0.0140941 0.0219281 0.0244850 0.0189999 0.0129269 0.0166092 0.0218355 2.1745303 0.0000000 2.8276378 0.0149150 0.0677925 0.0144484 0.0194978 
GCA036784925_Maine_S_alpinus   2.9988012 3.0009460 9.0000000 2.8882915 2.9950681 2.8933920 2.8680681 2.6462357 2.5266194 2.5066677 2.8140218 3.1161197 5.8189476 0.0389022 2.8276378 0.0000000 2.9169366 1.9255469 3.1012050 3.9803211 
GCA045679555_Iceland_A_alpinus 0.0067465 0.0075118 0.0112565 0.0078979 0.0075095 0.0075093 0.0067375 0.0228099 0.0189282 0.0202876 0.0056041 0.0071301 0.0234016 2.3117942 0.0149150 2.9169366 0.0000000 0.0693075 0.0221838 0.0209330 
GCF013265735_Rainbow_Trout     0.0681223 0.0691614 0.0903357 0.0665959 0.0691363 0.0660267 0.0659747 0.0725254 0.0546108 0.0693603 0.0645508 0.0713660 0.0828235 0.5276856 0.0677925 1.9255469 0.0693075 0.0000000 0.0766263 0.0744980 
GCF029448725_Brook_Trout       0.0196936 0.0205103 0.0272855 0.0217586 0.0205039 0.0213326 0.0213182 0.0286614 0.0319922 0.0256169 0.0201169 0.0239824 0.0288033 2.3337094 0.0144484 3.1012050 0.0221838 0.0766263 0.0000000 0.0254054 
Methow_River_99895             0.0182125 0.0191050 0.0279550 0.0204686 0.0190984 0.0200037 0.0199890 0.0031017 0.0288849 0.0003840 0.0186738 0.0228952 0.0000010 3.0687699 0.0194978 3.9803211 0.0209330 0.0744980 0.0254054 0.0000000 
