16
251140_Ward_Creek              0.0000000 0.0000010 0.0047906 0.0088511 0.0000010 0.0071953 0.0047906 0.0023925 0.0084284 0.0071953 0.0096302 0.0096302 0.0096302 0.0649493 0.0047968 0.0086964 
260512_Pybus_Point             0.0000010 0.0000000 0.0047906 0.0088511 0.0000010 0.0071953 0.0047906 0.0023925 0.0084284 0.0071953 0.0096302 0.0096302 0.0096302 0.0649493 0.0047968 0.0086964 
353246_Cottonwood_Creek        0.0047906 0.0047906 0.0000000 0.0087597 0.0123117 0.0071347 0.0000010 0.0023894 0.0083223 0.0071347 0.0096178 0.0096178 0.0096178 0.0648614 0.0047906 0.0086089 
353379_Skagit_River            0.0088511 0.0088511 0.0087597 0.0000000 0.0214378 0.0000010 0.0087597 0.0058826 0.0000010 0.0000010 0.0148198 0.0148198 0.0148198 0.0773181 0.0088511 0.0000010 
353381_Dungeness_River         0.0000010 0.0000010 0.0123117 0.0214378 0.0000000 0.0200083 0.0123117 0.0066685 0.0333576 0.0200083 0.0202147 0.0271460 0.0271460 0.1707013 0.0066685 0.0300194 
353401_Peace_River             0.0071953 0.0071953 0.0071347 0.0000010 0.0200083 0.0000000 0.0071347 0.0047845 0.0000010 0.0000010 0.0120369 0.0120369 0.0120369 0.0674426 0.0071953 0.0000010 
353407_Noatok                  0.0047906 0.0047906 0.0000010 0.0087597 0.0123117 0.0071347 0.0000000 0.0023894 0.0083223 0.0071347 0.0096178 0.0096178 0.0096178 0.0648614 0.0047906 0.0086089 
353410_Horizon_Lake            0.0023925 0.0023925 0.0023894 0.0058826 0.0066685 0.0047845 0.0023894 0.0000000 0.0056017 0.0047845 0.0072045 0.0072045 0.0072045 0.0622866 0.0023925 0.0057803 
92319_Little_Lost              0.0084284 0.0084284 0.0083223 0.0000010 0.0333576 0.0000010 0.0083223 0.0056017 0.0000000 0.0000010 0.0141089 0.0141089 0.0141089 0.0795722 0.0084284 0.0000010 
94280_St_Joe                   0.0071953 0.0071953 0.0071347 0.0000010 0.0200083 0.0000010 0.0071347 0.0047845 0.0000010 0.0000000 0.0120369 0.0120369 0.0120369 0.0674426 0.0071953 0.0000010 
GCA016432855_Lake_Trout        0.0096302 0.0096302 0.0096178 0.0148198 0.0202147 0.0120369 0.0096178 0.0072045 0.0141089 0.0120369 0.0000000 0.0144995 0.0144995 0.0702215 0.0047906 0.0145609 
GCA036784925_Maine_S_alpinus   0.0096302 0.0096302 0.0096178 0.0148198 0.0271460 0.0120369 0.0096178 0.0072045 0.0141089 0.0120369 0.0144995 0.0000000 0.0000010 0.0702215 0.0096302 0.0145609 
GCA045679555_Iceland_A_alpinus 0.0096302 0.0096302 0.0096178 0.0148198 0.0271460 0.0120369 0.0096178 0.0072045 0.0141089 0.0120369 0.0144995 0.0000010 0.0000000 0.0702215 0.0096302 0.0145609 
GCF013265735_Rainbow_Trout     0.0649493 0.0649493 0.0648614 0.0773181 0.1707013 0.0674426 0.0648614 0.0622866 0.0795722 0.0674426 0.0702215 0.0702215 0.0702215 0.0000000 0.0649493 0.0822399 
GCF029448725_Brook_Trout       0.0047968 0.0047968 0.0047906 0.0088511 0.0066685 0.0071953 0.0047906 0.0023925 0.0084284 0.0071953 0.0047906 0.0096302 0.0096302 0.0649493 0.0000000 0.0086964 
Methow_River_99895             0.0086964 0.0086964 0.0086089 0.0000010 0.0300194 0.0000010 0.0086089 0.0057803 0.0000010 0.0000010 0.0145609 0.0145609 0.0145609 0.0822399 0.0086964 0.0000000 
