16
251140_Ward_Creek              0.0000000 0.0000010 0.0612498 0.0815211 0.0398645 0.0000010 0.0398645 0.0815211 0.1377886 0.0820586 0.1887694 0.0820586 0.0820586 1.8049044 0.2462089 0.0820586 
260512_Pybus_Point             0.0000010 0.0000000 0.0612498 0.0815211 0.0398645 0.0000010 0.0398645 0.0815211 0.1377886 0.0820586 0.1887694 0.0820586 0.0820586 1.8049044 0.2462089 0.0820586 
261935_Kenai_River             0.0612498 0.0612498 0.0000000 0.0431083 0.1280390 0.1858198 0.1280390 0.0431083 0.3360840 0.0887115 0.1506587 0.0431083 0.0431083 1.7326832 0.2087274 0.0887115 
353246_Cottonwood_Creek        0.0815211 0.0815211 0.0431083 0.0000000 0.1267211 0.0700092 0.1267211 0.0636921 0.2479807 0.0980531 0.1421043 0.0640193 0.0640193 1.5572263 0.1832958 0.0980531 
353379_Skagit_River            0.0398645 0.0398645 0.1280390 0.1267211 0.0000000 0.0000010 0.0000010 0.1267211 0.0884719 0.0398391 0.2471132 0.1267211 0.1267211 1.7906733 0.3069991 0.0398391 
353381_Dungeness_River         0.0000010 0.0000010 0.1858198 0.0700092 0.0000010 0.0000000 0.0000010 0.1471355 0.1748102 0.0708060 0.4060684 0.1488848 0.1488848 2.1949940 0.4132431 0.0708060 
353401_Peace_River             0.0398645 0.0398645 0.1280390 0.1267211 0.0000010 0.0000010 0.0000000 0.1267211 0.0884719 0.0398391 0.2471132 0.1267211 0.1267211 1.7906733 0.3069991 0.0398391 
353410_Horizon_Lake            0.0815211 0.0815211 0.0431083 0.0636921 0.1267211 0.1471355 0.1267211 0.0000000 0.2479807 0.0980531 0.1421043 0.0000010 0.0000010 1.5572263 0.1832958 0.0980531 
92319_Little_Lost              0.1377886 0.1377886 0.3360840 0.2479807 0.0884719 0.1748102 0.0884719 0.2479807 0.0000000 0.1376885 0.1263964 0.2479807 0.2479807 2.1300249 0.1729716 0.1376885 
94280_St_Joe                   0.0820586 0.0820586 0.0887115 0.0980531 0.0398391 0.0708060 0.0398391 0.0980531 0.1376885 0.0000000 0.1832958 0.0980531 0.0980531 1.5576797 0.2256478 0.0000010 
GCA016432855_Lake_Trout        0.1887694 0.1887694 0.1506587 0.1421043 0.2471132 0.4060684 0.2471132 0.1421043 0.1263964 0.1832958 0.0000000 0.1429268 0.1429268 1.9268101 0.0312389 0.1832958 
GCA036784925_Maine_S_alpinus   0.0820586 0.0820586 0.0431083 0.0640193 0.1267211 0.1488848 0.1267211 0.0000010 0.2479807 0.0980531 0.1429268 0.0000000 0.0000010 1.5572263 0.1832958 0.0980531 
GCA045679555_Iceland_A_alpinus 0.0820586 0.0820586 0.0431083 0.0640193 0.1267211 0.1488848 0.1267211 0.0000010 0.2479807 0.0980531 0.1429268 0.0000010 0.0000000 1.5572263 0.1832958 0.0980531 
GCF013265735_Rainbow_Trout     1.8049044 1.8049044 1.7326832 1.5572263 1.7906733 2.1949940 1.7906733 1.5572263 2.1300249 1.5576797 1.9268101 1.5572263 1.5572263 0.0000000 1.9008004 1.5576797 
GCF029448725_Brook_Trout       0.2462089 0.2462089 0.2087274 0.1832958 0.3069991 0.4132431 0.3069991 0.1832958 0.1729716 0.2256478 0.0312389 0.1832958 0.1832958 1.9008004 0.0000000 0.2256478 
Methow_River_99895             0.0820586 0.0820586 0.0887115 0.0980531 0.0398391 0.0708060 0.0398391 0.0980531 0.1376885 0.0000010 0.1832958 0.0980531 0.0980531 1.5576797 0.2256478 0.0000000 
