20
251140_Ward_Creek              0.0000000 0.0015399 0.0212974 0.0046499 0.0195864 0.0195798 0.0078001 0.0200465 0.0630258 0.0225746 0.0086056 0.0054265 0.0209146 0.0191977 0.0716749 0.0069975 0.0070227 0.1138929 0.0411685 0.0200413 
260512_Pybus_Point             0.0015399 0.0000000 0.0213133 0.0046463 0.0178956 0.0178896 0.0062209 0.0183847 0.0633234 0.0208970 0.0070194 0.0038642 0.0190295 0.0175428 0.0695009 0.0054259 0.0054453 0.1111614 0.0393273 0.0183799 
261935_Kenai_River             0.0212974 0.0213133 0.0000000 0.0247031 0.0030873 0.0046505 0.0230133 0.0400460 0.0530149 0.0428537 0.0239068 0.0238285 0.0438401 0.0390889 0.1002544 0.0255519 0.0256510 0.1537203 0.0641040 0.0400360 
353213_Cropley_Lake            0.0046499 0.0046463 0.0247031 0.0000000 0.0212442 0.0229828 0.0077920 0.0167438 0.0880062 0.0192397 0.0054457 0.0023127 0.0171683 0.0159079 0.0673912 0.0023110 0.0023192 0.1107014 0.0375214 0.0167394 
353219_Peterson_Creek          0.0195864 0.0178956 0.0030873 0.0212442 0.0000000 0.0015391 0.0229825 0.0363483 0.0440503 0.0391123 0.0238746 0.0203837 0.0395845 0.0354089 0.0951837 0.0220831 0.0221680 0.1470572 0.0599354 0.0363391 
353220_Fish_Creek              0.0195798 0.0178896 0.0046505 0.0229828 0.0015391 0.0000000 0.0247388 0.0382201 0.0395741 0.0410085 0.0256387 0.0221148 0.0417410 0.0372709 0.0978256 0.0238285 0.0239195 0.1497536 0.0620689 0.0382104 
353246_Cottonwood_Creek        0.0078001 0.0062209 0.0230133 0.0077920 0.0229825 0.0247388 0.0000000 0.0200658 0.0994949 0.0225968 0.0054482 0.0054311 0.0209376 0.0192150 0.0717829 0.0070035 0.0070288 0.1150254 0.0412162 0.0200606 
353379_Skagit_River            0.0200465 0.0183847 0.0400460 0.0167438 0.0363483 0.0382201 0.0200658 0.0000000 0.1333680 0.0023160 0.0159898 0.0142903 0.0008717 0.0007696 0.0578147 0.0159256 0.0159848 0.1038431 0.0293136 0.0015423 
353381_Dungeness_River         0.0630258 0.0633234 0.0530149 0.0880062 0.0440503 0.0395741 0.0994949 0.1333680 0.0000000 0.1396931 0.0950199 0.0779168 0.1265782 0.1265782 5.4698428 0.0879541 0.0831509 4.7084864 0.2750999 0.1332684 
353401_Peace_River             0.0225746 0.0208970 0.0428537 0.0192397 0.0391123 0.0410085 0.0225968 0.0023160 0.1396931 0.0000000 0.0184888 0.0167626 0.0035077 0.0030947 0.0610417 0.0184141 0.0184831 0.1065031 0.0320069 0.0038764 
353407_Noatok                  0.0086056 0.0070194 0.0239068 0.0054457 0.0238746 0.0256387 0.0054482 0.0159898 0.0950199 0.0184888 0.0000000 0.0030986 0.0163148 0.0151534 0.0666741 0.0046616 0.0046784 0.1100910 0.0367802 0.0159856 
353410_Horizon_Lake            0.0054265 0.0038642 0.0238285 0.0023127 0.0203837 0.0221148 0.0054311 0.0142903 0.0779168 0.0167626 0.0030986 0.0000000 0.0143876 0.0134638 0.0642069 0.0015397 0.0015452 0.1067342 0.0348101 0.0142865 
92319_Little_Lost              0.0209146 0.0190295 0.0438401 0.0171683 0.0395845 0.0417410 0.0209376 0.0008717 0.1265782 0.0035077 0.0163148 0.0143876 0.0000000 0.0000010 0.0670815 0.0162407 0.0163091 0.1183780 0.0325234 0.0008715 
94280_St_Joe                   0.0191977 0.0175428 0.0390889 0.0159079 0.0354089 0.0372709 0.0192150 0.0007696 0.1265782 0.0030947 0.0151534 0.0134638 0.0000010 0.0000000 0.0575418 0.0150927 0.0151486 0.1023301 0.0284030 0.0007694 
GCA016432855_Lake_Trout        0.0716749 0.0695009 0.1002544 0.0673912 0.0951837 0.0978256 0.0717829 0.0578147 5.4698428 0.0610417 0.0666741 0.0642069 0.0670815 0.0575418 0.0000000 0.0663425 0.0666538 0.1866497 0.0700304 0.0586435 
GCA036784925_Maine_S_alpinus   0.0069975 0.0054259 0.0255519 0.0023110 0.0220831 0.0238285 0.0070035 0.0159256 0.0879541 0.0184141 0.0046616 0.0015397 0.0162407 0.0150927 0.0663425 0.0000000 0.0015441 0.1094169 0.0366211 0.0159214 
GCA045679555_Iceland_A_alpinus 0.0070227 0.0054453 0.0256510 0.0023192 0.0221680 0.0239195 0.0070288 0.0159848 0.0831509 0.0184831 0.0046784 0.0015452 0.0163091 0.0151486 0.0666538 0.0015441 0.0000000 0.1100587 0.0367690 0.0159806 
GCF013265735_Rainbow_Trout     0.1138929 0.1111614 0.1537203 0.1107014 0.1470572 0.1497536 0.1150254 0.1038431 4.7084864 0.1065031 0.1100910 0.1067342 0.1183780 0.1023301 0.1866497 0.1094169 0.1100587 0.0000000 0.1331050 0.1038196 
GCF029448725_Brook_Trout       0.0411685 0.0393273 0.0641040 0.0375214 0.0599354 0.0620689 0.0412162 0.0293136 0.2750999 0.0320069 0.0367802 0.0348101 0.0325234 0.0284030 0.0700304 0.0366211 0.0367690 0.1331050 0.0000000 0.0293060 
Methow_River_99895             0.0200413 0.0183799 0.0400360 0.0167394 0.0363391 0.0382104 0.0200606 0.0015423 0.1332684 0.0038764 0.0159856 0.0142865 0.0008715 0.0007694 0.0586435 0.0159214 0.0159806 0.1038196 0.0293060 0.0000000 
