10
251140_Ward_Creek          0.0000000 0.0000010 0.0136367 0.0136367 0.0561009 0.0416774 0.0416774 0.0858078 0.1656703 9.0000000 
260512_Pybus_Point         0.0000010 0.0000000 0.0136367 0.0136367 0.0561009 0.0416774 0.0416774 0.0858078 0.1656703 9.0000000 
261935_Kenai_River         0.0136367 0.0136367 0.0000000 0.0000010 0.0416774 0.0275260 0.0275260 0.0708073 0.1490030 9.0000000 
353219_Peterson_Creek      0.0136367 0.0136367 0.0000010 0.0000000 0.0416774 0.0275260 0.0275260 0.0708073 0.1490030 9.0000000 
353379_Skagit_River        0.0561009 0.0561009 0.0416774 0.0416774 0.0000000 0.0136367 0.0136367 0.0561009 0.1326980 9.0000000 
353401_Peace_River         0.0416774 0.0416774 0.0275260 0.0275260 0.0136367 0.0000000 0.0000010 0.0416774 0.1167400 9.0000000 
92319_Little_Lost          0.0416774 0.0416774 0.0275260 0.0275260 0.0136367 0.0000010 0.0000000 0.0416774 0.1167400 9.0000000 
GCA016432855_Lake_Trout    0.0858078 0.0858078 0.0708073 0.0708073 0.0561009 0.0416774 0.0416774 0.0000000 0.1656703 9.0000000 
GCF013265735_Rainbow_Trout 0.1656703 0.1656703 0.1490030 0.1490030 0.1326980 0.1167400 0.1167400 0.1656703 0.0000000 9.0000000 
GCF029448725_Brook_Trout   9.0000000 9.0000000 9.0000000 9.0000000 9.0000000 9.0000000 9.0000000 9.0000000 9.0000000 0.0000000 
