9
251140_Ward_Creek          0.0000000 0.0000010 1.4153022 0.0845966 0.0411062 1.4153022 0.0411062 0.1799629 0.0845966 
260512_Pybus_Point         0.0000010 0.0000000 1.4153022 0.0845966 0.0411062 1.4153022 0.0411062 0.1799629 0.0845966 
353246_Cottonwood_Creek    1.4153022 1.4153022 0.0000000 2.6223807 1.7984215 0.0000010 1.7984215 9.0000000 2.6223807 
353379_Skagit_River        0.0845966 0.0845966 2.6223807 0.0000000 0.0411062 2.6223807 0.0411062 0.2892462 0.1799629 
353401_Peace_River         0.0411062 0.0411062 1.7984215 0.0411062 0.0000000 1.7984215 0.0000010 0.2326159 0.1307650 
353407_Noatok              1.4153022 1.4153022 0.0000010 2.6223807 1.7984215 0.0000000 1.7984215 9.0000000 2.6223807 
92319_Little_Lost          0.0411062 0.0411062 1.7984215 0.0411062 0.0000010 1.7984215 0.0000000 0.2326159 0.1307650 
GCF013265735_Rainbow_Trout 0.1799629 0.1799629 9.0000000 0.2892462 0.2326159 9.0000000 0.2326159 0.0000000 0.2892462 
GCF029448725_Brook_Trout   0.0845966 0.0845966 2.6223807 0.1799629 0.1307650 2.6223807 0.1307650 0.2892462 0.0000000 
