11
251140_Ward_Creek              0.0000000 0.0000010 0.1959116 0.1330915 0.1330915 0.0769906 0.1045166 0.1045166 0.0769906 0.6602690 0.1627983 
260512_Pybus_Point             0.0000010 0.0000000 0.1959116 0.1330915 0.1330915 0.0769906 0.1045166 0.1045166 0.0769906 0.6602690 0.1627983 
353246_Cottonwood_Creek        0.1959116 0.1959116 0.0000000 0.3525026 0.3525026 0.3439312 0.4005619 0.4005619 0.3439312 0.3809577 0.2429791 
353379_Skagit_River            0.1330915 0.1330915 0.3525026 0.0000000 0.0000010 0.1045166 0.1330915 0.1330915 0.1045166 0.4974706 0.1937303 
353401_Peace_River             0.1330915 0.1330915 0.3525026 0.0000010 0.0000000 0.1045166 0.1330915 0.1330915 0.1045166 0.4974706 0.1937303 
353410_Horizon_Lake            0.0769906 0.0769906 0.3439312 0.1045166 0.1045166 0.0000000 0.1330915 0.0247956 0.0000010 0.6602690 0.1937303 
GCA016432855_Lake_Trout        0.1045166 0.1045166 0.4005619 0.1330915 0.1330915 0.1330915 0.0000000 0.1627983 0.1330915 0.6602690 0.1045166 
GCA036784925_Maine_S_alpinus   0.1045166 0.1045166 0.4005619 0.1330915 0.1330915 0.0247956 0.1627983 0.0000000 0.0247956 0.7215273 0.2259928 
GCA045679555_Iceland_A_alpinus 0.0769906 0.0769906 0.3439312 0.1045166 0.1045166 0.0000010 0.1330915 0.0247956 0.0000000 0.6602690 0.1937303 
GCF013265735_Rainbow_Trout     0.6602690 0.6602690 0.3809577 0.4974706 0.4974706 0.6602690 0.6602690 0.7215273 0.6602690 0.0000000 0.7882382 
GCF029448725_Brook_Trout       0.1627983 0.1627983 0.2429791 0.1937303 0.1937303 0.1937303 0.1045166 0.2259928 0.1937303 0.7882382 0.0000000 
