17
251140_Ward_Creek              0.0000000 0.0141968 0.1422395 0.8623354 0.9188968 0.0141968 0.0287953 1.0765064 0.5589791 1.0765064 0.9235162 0.9188968 1.0721560 1.0133487 1.0133487 1.5720450 0.2761211 
260512_Pybus_Point             0.0141968 0.0000000 0.1593304 0.8933338 0.9509100 0.0000010 0.0435050 1.1069917 0.5589791 1.1069917 0.9537150 0.9509100 1.1006548 1.0455777 1.0455777 1.5848239 0.2959308 
261935_Kenai_River             0.1422395 0.1593304 0.0000000 0.6483339 0.6890683 0.1593304 0.1079603 0.9214745 1.2134596 0.9214745 0.6478656 0.6890683 0.8688829 0.6744952 0.6744952 1.4316547 0.1781587 
353213_Cropley_Lake            0.8623354 0.8933338 0.6483339 0.0000000 0.0128222 0.8933338 0.7807018 0.1401237 3.7010149 0.1401237 0.0256469 0.0128222 0.1243070 0.0805837 0.0805837 0.7473126 2.2937838 
353219_Peterson_Creek          0.9188968 0.9509100 0.6890683 0.0128222 0.0000000 0.9509100 0.8316661 0.1564544 4.0048684 0.1564544 0.0389657 0.0000010 0.1401436 0.0953279 0.0953279 0.7808176 2.3858413 
353220_Fish_Creek              0.0141968 0.0000010 0.1593304 0.8933338 0.9509100 0.0000000 0.0435050 1.1069917 0.5589791 1.1069917 0.9537150 0.9509100 1.1006548 1.0455777 1.0455777 1.5848239 0.2959308 
353246_Cottonwood_Creek        0.0287953 0.0435050 0.1079603 0.7807018 0.8316661 0.0435050 0.0000000 1.1762531 0.8356845 1.1762531 0.8404313 0.8316661 1.1079398 0.9815791 0.9815791 1.6479003 0.2792778 
353379_Skagit_River            1.0765064 1.1069917 0.9214745 0.1401237 0.1564544 1.1069917 1.1762531 0.0000000 3.8968148 0.0000010 0.1400728 0.1564544 0.1214901 0.1412068 0.1412068 0.7802931 2.1106878 
353381_Dungeness_River         0.5589791 0.5589791 1.2134596 3.7010149 4.0048684 0.5589791 0.8356845 3.8968148 0.0000000 3.8968148 3.4396688 4.0048684 3.3135929 4.1028176 4.1028176 3.1445095 2.3477178 
353401_Peace_River             1.0765064 1.1069917 0.9214745 0.1401237 0.1564544 1.1069917 1.1762531 0.0000010 3.8968148 0.0000000 0.1400728 0.1564544 0.1214901 0.1412068 0.1412068 0.7802931 2.1106878 
353407_Noatok                  0.9235162 0.9537150 0.6478656 0.0256469 0.0389657 0.9537150 0.8404313 0.1400728 3.4396688 0.1400728 0.0000000 0.0389657 0.1242630 0.0805570 0.0805570 0.7468946 2.2957106 
353410_Horizon_Lake            0.9188968 0.9509100 0.6890683 0.0128222 0.0000010 0.9509100 0.8316661 0.1564544 4.0048684 0.1564544 0.0389657 0.0000000 0.1401436 0.0953279 0.0953279 0.7808176 2.3858413 
GCA016432855_Lake_Trout        1.0721560 1.1006548 0.8688829 0.1243070 0.1401436 1.1006548 1.1079398 0.1214901 3.3135929 0.1214901 0.1242630 0.1401436 0.0000000 0.1551809 0.1551809 0.7880753 2.0387910 
GCA036784925_Maine_S_alpinus   1.0133487 1.0455777 0.6744952 0.0805837 0.0953279 1.0455777 0.9815791 0.1412068 4.1028176 0.1412068 0.0805570 0.0953279 0.1551809 0.0000000 0.0000010 0.8082100 2.4651692 
GCA045679555_Iceland_A_alpinus 1.0133487 1.0455777 0.6744952 0.0805837 0.0953279 1.0455777 0.9815791 0.1412068 4.1028176 0.1412068 0.0805570 0.0953279 0.1551809 0.0000010 0.0000000 0.8082100 2.4651692 
GCF013265735_Rainbow_Trout     1.5720450 1.5848239 1.4316547 0.7473126 0.7808176 1.5848239 1.6479003 0.7802931 3.1445095 0.7802931 0.7468946 0.7808176 0.7880753 0.8082100 0.8082100 0.0000000 2.3201559 
GCF029448725_Brook_Trout       0.2761211 0.2959308 0.1781587 2.2937838 2.3858413 0.2959308 0.2792778 2.1106878 2.3477178 2.1106878 2.2957106 2.3858413 2.0387910 2.4651692 2.4651692 2.3201559 0.0000000 
