9
251140_Ward_Creek              0.0000000 0.0000010 0.1055947 0.1055947 0.0970115 0.0970115 0.0970115 1.7313130 0.0970115 
260512_Pybus_Point             0.0000010 0.0000000 0.1055947 0.1055947 0.0970115 0.0970115 0.0970115 1.7313130 0.0970115 
353379_Skagit_River            0.1055947 0.1055947 0.0000000 0.0000010 0.2291612 0.2291612 0.2291612 1.1990798 0.2291612 
353401_Peace_River             0.1055947 0.1055947 0.0000010 0.0000000 0.2291612 0.2291612 0.2291612 1.1990798 0.2291612 
353407_Noatok                  0.0970115 0.0970115 0.2291612 0.2291612 0.0000000 0.2080326 0.2080326 1.9016778 0.2080326 
GCA036784925_Maine_S_alpinus   0.0970115 0.0970115 0.2291612 0.2291612 0.2080326 0.0000000 0.0000010 1.9016778 0.2080326 
GCA045679555_Iceland_A_alpinus 0.0970115 0.0970115 0.2291612 0.2291612 0.2080326 0.0000010 0.0000000 1.9016778 0.2080326 
GCF013265735_Rainbow_Trout     1.7313130 1.7313130 1.1990798 1.1990798 1.9016778 1.9016778 1.9016778 0.0000000 1.9016778 
GCF029448725_Brook_Trout       0.0970115 0.0970115 0.2291612 0.2291612 0.2080326 0.2080326 0.2080326 1.9016778 0.0000000 
