18
251140_Ward_Creek              0.0000000 0.0034550 0.0069218 0.0017227 0.0000010 0.0017239 0.0017221 0.0121636 0.0215024 0.0121636 0.0069218 0.0104070 0.0139110 0.0209635 1.9165632 0.0086528 0.0893740 0.0245065 
260512_Pybus_Point             0.0034550 0.0000000 0.0069222 0.0051877 0.0034550 0.0017237 0.0051861 0.0121643 0.0246488 0.0121643 0.0069222 0.0104076 0.0139118 0.0209647 1.9298921 0.0086533 0.0893795 0.0245079 
261935_Kenai_River             0.0069218 0.0069222 0.0000000 0.0086609 0.0069218 0.0086669 0.0051872 0.0121599 0.0277641 0.0121599 0.0000010 0.0104038 0.0139067 0.0209569 1.9063730 0.0051824 0.0893401 0.0244987 
353213_Cropley_Lake            0.0017227 0.0051877 0.0086609 0.0000000 0.0017227 0.0034520 0.0034486 0.0139153 0.0246182 0.0139153 0.0086609 0.0121538 0.0156656 0.0227336 1.9249494 0.0103938 0.0913375 0.0262837 
353219_Peterson_Creek          0.0000010 0.0034550 0.0069218 0.0017227 0.0000000 0.0017239 0.0017221 0.0121636 0.0215024 0.0121636 0.0069218 0.0104070 0.0139110 0.0209635 1.9165632 0.0086528 0.0893740 0.0245065 
353220_Fish_Creek              0.0017239 0.0017237 0.0086669 0.0034520 0.0017239 0.0000000 0.0034510 0.0139250 0.0246488 0.0139250 0.0086669 0.0121622 0.0156766 0.0227496 1.9298921 0.0104010 0.0914092 0.0263023 
353246_Cottonwood_Creek        0.0017221 0.0051861 0.0051872 0.0034486 0.0017221 0.0034510 0.0000000 0.0139110 0.0246044 0.0139110 0.0051872 0.0121500 0.0156607 0.0227264 1.9149778 0.0069168 0.0913027 0.0262753 
353379_Skagit_River            0.0121636 0.0121643 0.0121599 0.0139153 0.0121636 0.0139250 0.0139110 0.0000000 0.0277140 0.0000010 0.0121599 0.0156708 0.0017216 0.0191537 1.9066840 0.0138978 0.0871928 0.0226813 
353381_Dungeness_River         0.0215024 0.0246488 0.0277641 0.0246182 0.0215024 0.0246488 0.0246044 0.0277140 0.0000000 0.0277140 0.0277641 0.0340763 0.0308310 0.0435943 3.9331830 0.0308516 0.1431403 0.0498923 
353401_Peace_River             0.0121636 0.0121643 0.0121599 0.0139153 0.0121636 0.0139250 0.0139110 0.0000010 0.0277140 0.0000000 0.0121599 0.0156708 0.0017216 0.0191537 1.9066840 0.0138978 0.0871928 0.0226813 
353407_Noatok                  0.0069218 0.0069222 0.0000010 0.0086609 0.0069218 0.0086669 0.0051872 0.0121599 0.0277641 0.0121599 0.0000000 0.0104038 0.0139067 0.0209569 1.9063730 0.0051824 0.0893401 0.0244987 
353410_Horizon_Lake            0.0104070 0.0104076 0.0104038 0.0121538 0.0104070 0.0121622 0.0121500 0.0156708 0.0340763 0.0156708 0.0104038 0.0000000 0.0174240 0.0245076 1.9480024 0.0086575 0.0933017 0.0280648 
94280_St_Joe                   0.0139110 0.0139118 0.0139067 0.0156656 0.0139110 0.0156766 0.0156607 0.0017216 0.0308310 0.0017216 0.0139067 0.0174240 0.0000000 0.0209095 1.9052134 0.0156458 0.0891126 0.0244430 
GCA016432855_Lake_Trout        0.0209635 0.0209647 0.0209569 0.0227336 0.0209635 0.0227496 0.0227264 0.0191537 0.0435943 0.0191537 0.0209569 0.0245076 0.0209095 0.0000000 1.8953520 0.0227045 0.0892788 0.0244836 
GCA036784925_Maine_S_alpinus   1.9165632 1.9298921 1.9063730 1.9249494 1.9165632 1.9298921 1.9149778 1.9066840 3.9331830 1.9066840 1.9063730 1.9480024 1.9052134 1.8953520 0.0000000 1.9134262 1.9849439 1.9572635 
GCA045679555_Iceland_A_alpinus 0.0086528 0.0086533 0.0051824 0.0103938 0.0086528 0.0104010 0.0069168 0.0138978 0.0308516 0.0138978 0.0051824 0.0086575 0.0156458 0.0227045 1.9134262 0.0000000 0.0912021 0.0262499 
GCF013265735_Rainbow_Trout     0.0893740 0.0893795 0.0893401 0.0913375 0.0893740 0.0914092 0.0913027 0.0871928 0.1431403 0.0871928 0.0893401 0.0933017 0.0891126 0.0892788 1.9849439 0.0912021 0.0000000 0.0932022 
GCF029448725_Brook_Trout       0.0245065 0.0245079 0.0244987 0.0262837 0.0245065 0.0263023 0.0262753 0.0226813 0.0498923 0.0226813 0.0244987 0.0280648 0.0244430 0.0244836 1.9572635 0.0262499 0.0932022 0.0000000 
