15
251140_Ward_Creek              0.0000000 0.0000010 0.2725736 0.0000010 0.0000010 0.0023091 0.0094094 0.0000010 0.0094094 0.0023091 0.0118148 0.0241663 0.0241663 0.0633808 0.0142416 
260512_Pybus_Point             0.0000010 0.0000000 2.3427500 0.0000010 0.0000010 0.0036887 0.0152028 0.0000010 0.0152028 0.0036887 0.0152028 0.0396806 0.0396806 0.0995286 0.0231360 
261935_Kenai_River             0.2725736 2.3427500 0.0000000 2.3427500 0.2725736 0.2788462 0.2854636 1.7097850 0.2854636 0.2662548 0.2918686 0.2173477 0.2173477 0.2163025 0.2918686 
353213_Cropley_Lake            0.0000010 0.0000010 2.3427500 0.0000000 0.0000010 0.0036887 0.0152028 0.0000010 0.0152028 0.0036887 0.0152028 0.0396806 0.0396806 0.0995286 0.0231360 
353219_Peterson_Creek          0.0000010 0.0000010 0.2725736 0.0000010 0.0000000 0.0023091 0.0094094 0.0000010 0.0094094 0.0023091 0.0118148 0.0241663 0.0241663 0.0633808 0.0142416 
353246_Cottonwood_Creek        0.0023091 0.0036887 0.2788462 0.0036887 0.0023091 0.0000000 0.0070254 0.0000010 0.0070254 0.0046387 0.0094094 0.0216516 0.0216516 0.0633808 0.0118148 
353379_Skagit_River            0.0094094 0.0152028 0.2854636 0.0152028 0.0094094 0.0070254 0.0000000 0.0068926 0.0000010 0.0070254 0.0070622 0.0192668 0.0192668 0.0608828 0.0094593 
353381_Dungeness_River         0.0000010 0.0000010 1.7097850 0.0000010 0.0000010 0.0000010 0.0068926 0.0000000 0.0068926 0.0034234 0.0140792 0.0327534 0.0327534 0.0852756 0.0177173 
353401_Peace_River             0.0094094 0.0152028 0.2854636 0.0152028 0.0094094 0.0070254 0.0000010 0.0068926 0.0000000 0.0070254 0.0070622 0.0192668 0.0192668 0.0608828 0.0094593 
353407_Noatok                  0.0023091 0.0036887 0.2662548 0.0036887 0.0023091 0.0046387 0.0070254 0.0034234 0.0070254 0.0000000 0.0094094 0.0216516 0.0216516 0.0604623 0.0118148 
GCA016432855_Lake_Trout        0.0118148 0.0152028 0.2918686 0.0152028 0.0118148 0.0094094 0.0070622 0.0140792 0.0070622 0.0094094 0.0000000 0.0217738 0.0217738 0.0638267 0.0069889 
GCA036784925_Maine_S_alpinus   0.0241663 0.0396806 0.2173477 0.0396806 0.0241663 0.0216516 0.0192668 0.0327534 0.0192668 0.0216516 0.0217738 0.0000000 0.0000010 0.0525483 0.0243043 
GCA045679555_Iceland_A_alpinus 0.0241663 0.0396806 0.2173477 0.0396806 0.0241663 0.0216516 0.0192668 0.0327534 0.0192668 0.0216516 0.0217738 0.0000010 0.0000000 0.0525483 0.0243043 
GCF013265735_Rainbow_Trout     0.0633808 0.0995286 0.2163025 0.0995286 0.0633808 0.0633808 0.0608828 0.0852756 0.0608828 0.0604623 0.0638267 0.0525483 0.0525483 0.0000000 0.0667960 
GCF029448725_Brook_Trout       0.0142416 0.0231360 0.2918686 0.0231360 0.0142416 0.0118148 0.0094593 0.0177173 0.0094593 0.0118148 0.0069889 0.0243043 0.0243043 0.0667960 0.0000000 
