8
251140_Ward_Creek          0.0000000 0.0000010 0.0055724 0.0055724 0.7154422 0.0225732 0.0948352 0.0401621 
260512_Pybus_Point         0.0000010 0.0000000 0.0055724 0.0055724 0.7154422 0.0225732 0.0948352 0.0401621 
353379_Skagit_River        0.0055724 0.0055724 0.0000000 0.0000010 0.6341765 0.0283044 0.1010923 0.0460441 
353401_Peace_River         0.0055724 0.0055724 0.0000010 0.0000000 0.6341765 0.0283044 0.1010923 0.0460441 
92319_Little_Lost          0.7154422 0.7154422 0.6341765 0.6341765 0.0000000 1.1538892 2.2797004 1.6120246 
GCA016432855_Lake_Trout    0.0225732 0.0225732 0.0283044 0.0283044 1.1538892 0.0000000 0.0882840 0.0169384 
GCF013265735_Rainbow_Trout 0.0948352 0.0948352 0.1010923 0.1010923 2.2797004 0.0882840 0.0000000 0.1078048 
GCF029448725_Brook_Trout   0.0401621 0.0401621 0.0460441 0.0460441 1.6120246 0.0169384 0.1078048 0.0000000 
