13
251140_Ward_Creek            0.0000000 0.0000010 0.1569875 0.1189781 0.1225950 0.1189781 0.0678468 0.0453122 1.4235391 0.3474988 0.0453122 1.5721558 0.4757410 
260512_Pybus_Point           0.0000010 0.0000000 0.1569875 0.1189781 0.1225950 0.1189781 0.0678468 0.0453122 1.4235391 0.3474988 0.0453122 1.5721558 0.4757410 
353220_Fish_Creek            0.1569875 0.1569875 0.0000000 0.3212723 0.3365789 0.3212723 0.2452649 0.2191518 3.7149590 0.1494789 0.2191518 1.1786278 0.2406708 
353379_Skagit_River          0.1189781 0.1189781 0.3212723 0.0000000 0.2717192 0.0000010 0.0940510 0.1207562 0.3660510 0.4005940 0.1207562 1.7737891 0.5475764 
353381_Dungeness_River       0.1225950 0.1225950 0.3365789 0.2717192 0.0000000 0.2717192 0.2039456 0.1791367 3.7416250 0.5908130 0.1791367 1.2057848 0.7886734 
353401_Peace_River           0.1189781 0.1189781 0.3212723 0.0000010 0.2717192 0.0000000 0.0940510 0.1207562 0.3660510 0.4005940 0.1207562 1.7737891 0.5475764 
353407_Noatok                0.0678468 0.0678468 0.2452649 0.0940510 0.2039456 0.0940510 0.0000000 0.0687583 1.3178656 0.3142876 0.0687583 1.5844188 0.4378059 
353410_Horizon_Lake          0.0453122 0.0453122 0.2191518 0.1207562 0.1791367 0.1207562 0.0687583 0.0000000 1.8928110 0.3555821 0.0000010 1.6598495 0.4897437 
92319_Little_Lost            1.4235391 1.4235391 3.7149590 0.3660510 3.7416250 0.3660510 1.3178656 1.8928110 0.0000000 4.0042249 1.8928110 3.8134248 8.9999983 
GCA016432855_Lake_Trout      0.3474988 0.3474988 0.1494789 0.4005940 0.5908130 0.4005940 0.3142876 0.3555821 4.0042249 0.0000000 0.3555821 1.3314884 0.1794022 
GCA036784925_Maine_S_alpinus 0.0453122 0.0453122 0.2191518 0.1207562 0.1791367 0.1207562 0.0687583 0.0000010 1.8928110 0.3555821 0.0000000 1.6598495 0.4897437 
GCF013265735_Rainbow_Trout   1.5721558 1.5721558 1.1786278 1.7737891 1.2057848 1.7737891 1.5844188 1.6598495 3.8134248 1.3314884 1.6598495 0.0000000 1.5107171 
GCF029448725_Brook_Trout     0.4757410 0.4757410 0.2406708 0.5475764 0.7886734 0.5475764 0.4378059 0.4897437 8.9999983 0.1794022 0.4897437 1.5107171 0.0000000 
