18
251140_Ward_Creek              0.0000000 0.0827876 0.0111918 0.0457109 0.0111918 0.0827876 0.0000010 0.1608064 0.1828964 0.1608064 0.0691706 0.0111918 0.1608064 0.1463756 0.0340122 0.0340122 3.4109010 0.2327908 
260512_Pybus_Point             0.0827876 0.0000000 0.0694677 0.0813567 0.0694677 0.0000010 0.0827876 0.1173758 0.0000010 0.1173758 0.0813567 0.0694677 0.1173758 0.1042895 0.0457109 0.0457109 3.3432666 0.1837588 
261935_Kenai_River             0.0111918 0.0694677 0.0000000 0.0240050 0.0000010 0.0694677 0.0111918 0.1451777 0.1495578 0.1016406 0.0402770 0.0000010 0.1451777 0.1312914 0.0222161 0.0222161 3.2872079 0.5932526 
353213_Cropley_Lake            0.0457109 0.0813567 0.0240050 0.0000000 0.0240050 0.0813567 0.0457109 0.1311774 0.1759105 0.0922327 0.0158579 0.0335834 0.1311774 0.1177010 0.0334517 0.0334517 3.2509331 0.5705753 
353219_Peterson_Creek          0.0111918 0.0694677 0.0000010 0.0240050 0.0000000 0.0694677 0.0111918 0.1451777 0.1495578 0.1016406 0.0402770 0.0000010 0.1451777 0.1312914 0.0222161 0.0222161 3.2872079 0.5932526 
353220_Fish_Creek              0.0827876 0.0000010 0.0694677 0.0813567 0.0694677 0.0000000 0.0827876 0.1173758 0.0000010 0.1173758 0.0813567 0.0694677 0.1173758 0.1042895 0.0457109 0.0457109 3.3432666 0.1837588 
353246_Cottonwood_Creek        0.0000010 0.0827876 0.0111918 0.0457109 0.0111918 0.0827876 0.0000000 0.1608064 0.1828964 0.1608064 0.0691706 0.0111918 0.1608064 0.1463756 0.0340122 0.0340122 3.4109010 0.2327908 
353379_Skagit_River            0.1608064 0.1173758 0.1451777 0.1311774 0.1451777 0.1173758 0.1608064 0.0000000 0.2294450 0.0000010 0.1311774 0.1451777 0.0000010 0.1284389 0.1444563 0.1444563 2.9966658 0.2097267 
353381_Dungeness_River         0.1828964 0.0000010 0.1495578 0.1759105 0.1495578 0.0000010 0.1828964 0.2294450 0.0000000 0.2294450 0.1759105 0.1495578 0.2294450 0.2243213 0.0968809 0.0968809 9.0000000 0.3610580 
353401_Peace_River             0.1608064 0.1173758 0.1016406 0.0922327 0.1016406 0.1173758 0.1608064 0.0000010 0.2294450 0.0000000 0.0922327 0.1451777 0.0000010 0.1284389 0.1444563 0.1444563 2.9966658 0.5667746 
353407_Noatok                  0.0691706 0.0813567 0.0402770 0.0158579 0.0402770 0.0813567 0.0691706 0.1311774 0.1759105 0.0922327 0.0000000 0.0564627 0.1311774 0.0933880 0.0562317 0.0562317 3.3842001 0.5705753 
353410_Horizon_Lake            0.0111918 0.0694677 0.0000010 0.0335834 0.0000010 0.0694677 0.0111918 0.1451777 0.1495578 0.1451777 0.0564627 0.0000000 0.1451777 0.1312914 0.0222161 0.0222161 3.2872079 0.2148700 
92319_Little_Lost              0.1608064 0.1173758 0.1451777 0.1311774 0.1451777 0.1173758 0.1608064 0.0000010 0.2294450 0.0000010 0.1311774 0.1451777 0.0000000 0.1284389 0.1444563 0.1444563 2.9966658 0.2097267 
GCA016432855_Lake_Trout        0.1463756 0.1042895 0.1312914 0.1177010 0.1312914 0.1042895 0.1463756 0.1284389 0.2243213 0.1284389 0.0933880 0.1312914 0.1284389 0.0000000 0.1306607 0.1306607 3.1085594 0.1438083 
GCA036784925_Maine_S_alpinus   0.0340122 0.0457109 0.0222161 0.0334517 0.0222161 0.0457109 0.0340122 0.1444563 0.0968809 0.1444563 0.0562317 0.0222161 0.1444563 0.1306607 0.0000000 0.0000010 3.3346327 0.2136513 
GCA045679555_Iceland_A_alpinus 0.0340122 0.0457109 0.0222161 0.0334517 0.0222161 0.0457109 0.0340122 0.1444563 0.0968809 0.1444563 0.0562317 0.0222161 0.1444563 0.1306607 0.0000010 0.0000000 3.3346327 0.2136513 
GCF013265735_Rainbow_Trout     3.4109010 3.3432666 3.2872079 3.2509331 3.2872079 3.3432666 3.4109010 2.9966658 9.0000000 2.9966658 3.3842001 3.2872079 2.9966658 3.1085594 3.3346327 3.3346327 0.0000000 3.1408914 
GCF029448725_Brook_Trout       0.2327908 0.1837588 0.5932526 0.5705753 0.5932526 0.1837588 0.2327908 0.2097267 0.3610580 0.5667746 0.5705753 0.2148700 0.2097267 0.1438083 0.2136513 0.2136513 3.1408914 0.0000000 
