17
251140_Ward_Creek              0.0000000 0.0000010 0.0021349 0.0000010 0.0000010 0.0000010 0.0167649 0.0084486 0.0141837 0.0000010 0.0000010 0.0141837 0.0088529 0.0000010 0.0012733 0.0479782 0.0242824 
260512_Pybus_Point             0.0000010 0.0000000 0.0021349 0.0000010 0.0000010 0.0000010 0.0082458 0.0069344 0.0068896 0.0000010 0.0000010 0.0068896 0.0095324 0.0000010 0.0013720 0.0453283 0.0191600 
261935_Kenai_River             0.0021349 0.0021349 0.0000000 0.0021349 0.0021349 0.0021349 0.0115626 0.0342215 0.0085958 0.0021349 0.0021349 0.0085958 0.0129156 0.0021349 0.0042810 0.0463556 0.0237990 
353213_Cropley_Lake            0.0000010 0.0000010 0.0021349 0.0000000 0.0000010 0.0000010 0.0167649 0.0061451 0.0141837 0.0000010 0.0000010 0.0141837 0.0088529 0.0000010 0.0012733 0.0479782 0.0242824 
353219_Peterson_Creek          0.0000010 0.0000010 0.0021349 0.0000010 0.0000000 0.0000010 0.0167649 0.0061451 0.0141837 0.0000010 0.0000010 0.0141837 0.0088529 0.0000010 0.0012733 0.0479782 0.0242824 
353220_Fish_Creek              0.0000010 0.0000010 0.0021349 0.0000010 0.0000010 0.0000000 0.0167649 0.0084486 0.0141837 0.0000010 0.0000010 0.0141837 0.0088529 0.0000010 0.0012733 0.0479782 0.0242824 
353379_Skagit_River            0.0167649 0.0082458 0.0115626 0.0167649 0.0167649 0.0167649 0.0000000 0.0418213 0.0000010 0.0167649 0.0167649 0.0000010 0.0167854 0.0167649 0.0183240 0.0594066 0.0352048 
353381_Dungeness_River         0.0084486 0.0069344 0.0342215 0.0061451 0.0061451 0.0084486 0.0418213 0.0000000 0.0308199 0.0104347 0.0086189 0.0308199 0.0409926 0.0086189 0.0108028 0.0786492 0.0623053 
353401_Peace_River             0.0141837 0.0068896 0.0085958 0.0141837 0.0141837 0.0141837 0.0000010 0.0308199 0.0000000 0.0141837 0.0141837 0.0000010 0.0155022 0.0141837 0.0154991 0.0512317 0.0310817 
353407_Noatok                  0.0000010 0.0000010 0.0021349 0.0000010 0.0000010 0.0000010 0.0167649 0.0104347 0.0141837 0.0000000 0.0000010 0.0141837 0.0100450 0.0000010 0.0012733 0.0479782 0.0240877 
353410_Horizon_Lake            0.0000010 0.0000010 0.0021349 0.0000010 0.0000010 0.0000010 0.0167649 0.0086189 0.0141837 0.0000010 0.0000000 0.0141837 0.0089590 0.0000010 0.0012733 0.0468039 0.0219530 
92319_Little_Lost              0.0141837 0.0068896 0.0085958 0.0141837 0.0141837 0.0141837 0.0000010 0.0308199 0.0000010 0.0141837 0.0141837 0.0000000 0.0155022 0.0141837 0.0154991 0.0512317 0.0310817 
GCA016432855_Lake_Trout        0.0088529 0.0095324 0.0129156 0.0088529 0.0088529 0.0088529 0.0167854 0.0409926 0.0155022 0.0100450 0.0089590 0.0155022 0.0000000 0.0089590 0.0102554 0.0494047 0.0336334 
GCA036784925_Maine_S_alpinus   0.0000010 0.0000010 0.0021349 0.0000010 0.0000010 0.0000010 0.0167649 0.0086189 0.0141837 0.0000010 0.0000010 0.0141837 0.0089590 0.0000000 0.0012733 0.0468039 0.0219530 
GCA045679555_Iceland_A_alpinus 0.0012733 0.0013720 0.0042810 0.0012733 0.0012733 0.0012733 0.0183240 0.0108028 0.0154991 0.0012733 0.0012733 0.0154991 0.0102554 0.0012733 0.0000000 0.0482235 0.0232820 
GCF013265735_Rainbow_Trout     0.0479782 0.0453283 0.0463556 0.0479782 0.0479782 0.0479782 0.0594066 0.0786492 0.0512317 0.0479782 0.0468039 0.0512317 0.0494047 0.0468039 0.0482235 0.0000000 0.0605560 
GCF029448725_Brook_Trout       0.0242824 0.0191600 0.0237990 0.0242824 0.0242824 0.0242824 0.0352048 0.0623053 0.0310817 0.0240877 0.0219530 0.0310817 0.0336334 0.0219530 0.0232820 0.0605560 0.0000000 
