18
251140_Ward_Creek              0.0000000 0.0096738 0.0032097 0.0000010 0.0709365 0.2881787 0.0635731 0.0387920 0.0710529 0.0032154 0.0645908 0.0387920 0.0468174 0.0096587 0.0064409 0.5196031 0.0919847 0.0395508 
260512_Pybus_Point             0.0096738 0.0000000 0.0129189 0.0096738 0.0816134 0.3079119 0.0802999 0.0508112 0.0817497 0.0129424 0.0802715 0.0508112 0.0589678 0.0194385 0.0162035 0.5284224 0.1047944 0.0518130 
261935_Kenai_River             0.0032097 0.0129189 0.0000000 0.0032097 0.0674348 0.2881787 0.0690504 0.0387920 0.0675448 0.0064410 0.0645908 0.0387920 0.0468174 0.0064280 0.0032148 0.5196031 0.0919847 0.0395508 
353213_Cropley_Lake            0.0000010 0.0096738 0.0032097 0.0000000 0.0709365 0.2881787 0.0635731 0.0387920 0.0710529 0.0032154 0.0645908 0.0387920 0.0468174 0.0096587 0.0064409 0.5196031 0.0919847 0.0395508 
353246_Cottonwood_Creek        0.0709365 0.0816134 0.0674348 0.0709365 0.0000000 0.4228084 0.0418131 0.1151575 0.0063390 0.0745870 0.1662434 0.1151575 0.1241548 0.0738089 0.0710646 0.5324480 0.1742522 0.1175527 
353379_Skagit_River            0.2881787 0.3079119 0.2881787 0.2881787 0.4228084 0.0000000 1.0285445 0.2385170 0.4245806 0.2955241 0.3746852 0.2385170 0.3155835 0.2881787 0.2955272 0.9485738 0.3902479 0.2450042 
353381_Dungeness_River         0.0635731 0.0802999 0.0690504 0.0635731 0.0418131 1.0285445 0.0000000 0.1463622 0.0419162 0.0692658 0.2874073 0.1463622 0.1627936 0.0800789 0.0747886 1.1301848 0.2472935 0.1518669 
353401_Peace_River             0.0387920 0.0508112 0.0387920 0.0387920 0.1151575 0.2385170 0.1463622 0.0000000 0.1153983 0.0428475 0.0193802 0.0000010 0.0549522 0.0467222 0.0428467 0.5249399 0.1006109 0.0000010 
353407_Noatok                  0.0710529 0.0817497 0.0675448 0.0710529 0.0063390 0.4245806 0.0419162 0.1153983 0.0000000 0.0747103 0.1667215 0.1153983 0.1244185 0.0739295 0.0711814 0.5346686 0.1746521 0.1178043 
353410_Horizon_Lake            0.0032154 0.0129424 0.0064410 0.0032154 0.0745870 0.2955241 0.0692658 0.0428475 0.0747103 0.0000000 0.0699315 0.0428475 0.0509302 0.0129220 0.0096942 0.5286660 0.0963994 0.0436892 
92319_Little_Lost              0.0645908 0.0802715 0.0645908 0.0645908 0.1662434 0.3746852 0.2874073 0.0193802 0.1667215 0.0699315 0.0000000 0.0193802 0.0910520 0.0748794 0.0699301 0.7330378 0.1344418 0.0198559 
94280_St_Joe                   0.0387920 0.0508112 0.0387920 0.0387920 0.1151575 0.2385170 0.1463622 0.0000010 0.1153983 0.0428475 0.0193802 0.0000000 0.0549522 0.0467222 0.0428467 0.5249399 0.1006109 0.0000010 
GCA016432855_Lake_Trout        0.0468174 0.0589678 0.0468174 0.0468174 0.1241548 0.3155835 0.1627936 0.0549522 0.1244185 0.0509302 0.0910520 0.0549522 0.0000000 0.0548230 0.0509293 0.5085837 0.0919574 0.0560406 
GCA036784925_Maine_S_alpinus   0.0096587 0.0194385 0.0064280 0.0096587 0.0738089 0.2881787 0.0800789 0.0467222 0.0739295 0.0129220 0.0748794 0.0467222 0.0548230 0.0000000 0.0096744 0.5368961 0.1044530 0.0476397 
GCA045679555_Iceland_A_alpinus 0.0064409 0.0162035 0.0032148 0.0064409 0.0710646 0.2955272 0.0747886 0.0428467 0.0711814 0.0096942 0.0699301 0.0428467 0.0509293 0.0096744 0.0000000 0.5286894 0.0963982 0.0436884 
GCF013265735_Rainbow_Trout     0.5196031 0.5284224 0.5196031 0.5196031 0.5324480 0.9485738 1.1301848 0.5249399 0.5346686 0.5286660 0.7330378 0.5249399 0.5085837 0.5368961 0.5286894 0.0000000 0.5379511 0.5402180 
GCF029448725_Brook_Trout       0.0919847 0.1047944 0.0919847 0.0919847 0.1742522 0.3902479 0.2472935 0.1006109 0.1746521 0.0963994 0.1344418 0.1006109 0.0919574 0.1044530 0.0963982 0.5379511 0.0000000 0.1026548 
Methow_River_99895             0.0395508 0.0518130 0.0395508 0.0395508 0.1175527 0.2450042 0.1518669 0.0000010 0.1178043 0.0436892 0.0198559 0.0000010 0.0560406 0.0476397 0.0436884 0.5402180 0.1026548 0.0000000 
