15
251140_Ward_Creek              0.0000000 0.0636881 1.9970499 0.0636881 8.9999989 3.2528050 0.5188434 0.5188434 0.1316716 0.2981204 0.5188434 0.2157818 0.2157818 2.5136895 0.9599735 
260512_Pybus_Point             0.0636881 0.0000000 2.2562200 0.0000010 8.9999988 3.5638609 0.4388729 0.4388729 0.0636881 0.2157818 0.4388729 0.1385245 0.1385245 2.5572796 0.8890420 
261935_Kenai_River             1.9970499 2.2562200 0.0000000 2.2562200 5.6397153 8.9999989 1.8382116 1.8382116 3.9710591 5.4306170 1.8034048 8.9999981 8.9999981 3.3628441 2.3560442 
353213_Cropley_Lake            0.0636881 0.0000010 2.2562200 0.0000000 8.9999988 3.5638609 0.4388729 0.4388729 0.0636881 0.2157818 0.4388729 0.1385245 0.1385245 2.5572796 0.8890420 
353220_Fish_Creek              8.9999989 8.9999988 5.6397153 8.9999988 0.0000000 2.9316624 3.9285796 3.9285796 8.9999989 8.9999984 3.6673724 8.9999988 8.9999988 2.1962920 3.8603467 
353246_Cottonwood_Creek        3.2528050 3.5638609 8.9999989 3.5638609 2.9316624 0.0000000 2.5541492 2.5541492 3.2528050 3.4131889 2.5541492 3.7403625 3.7403625 1.4749613 2.7714299 
353379_Skagit_River            0.5188434 0.4388729 1.8382116 0.4388729 3.9285796 2.5541492 0.0000000 0.0000010 0.3585939 0.5626144 0.2797902 0.4736012 0.4736012 2.6597817 0.7171971 
353401_Peace_River             0.5188434 0.4388729 1.8382116 0.4388729 3.9285796 2.5541492 0.0000010 0.0000000 0.3585939 0.5626144 0.2797902 0.4736012 0.4736012 2.6597817 0.7171971 
353407_Noatok                  0.1316716 0.0636881 3.9710591 0.0636881 8.9999989 3.2528050 0.3585939 0.3585939 0.0000000 0.1385245 0.3585939 0.0666355 0.0666355 2.6056851 0.8079188 
353410_Horizon_Lake            0.2981204 0.2157818 5.4306170 0.2157818 8.9999984 3.4131889 0.5626144 0.5626144 0.1385245 0.0000000 0.5626144 0.0636881 0.0636881 2.6759056 0.9168176 
GCA016432855_Lake_Trout        0.5188434 0.4388729 1.8034048 0.4388729 3.6673724 2.5541492 0.2797902 0.2797902 0.3585939 0.5626144 0.0000000 0.4736012 0.4736012 2.7898113 0.5175392 
GCA036784925_Maine_S_alpinus   0.2157818 0.1385245 8.9999981 0.1385245 8.9999988 3.7403625 0.4736012 0.4736012 0.0666355 0.0636881 0.4736012 0.0000000 0.0000010 2.7327385 1.0052424 
GCA045679555_Iceland_A_alpinus 0.2157818 0.1385245 8.9999981 0.1385245 8.9999988 3.7403625 0.4736012 0.4736012 0.0666355 0.0636881 0.4736012 0.0000010 0.0000000 2.7327385 1.0052424 
GCF013265735_Rainbow_Trout     2.5136895 2.5572796 3.3628441 2.5572796 2.1962920 1.4749613 2.6597817 2.6597817 2.6056851 2.6759056 2.7898113 2.7327385 2.7327385 0.0000000 2.9442430 
GCF029448725_Brook_Trout       0.9599735 0.8890420 2.3560442 0.8890420 3.8603467 2.7714299 0.7171971 0.7171971 0.8079188 0.9168176 0.5175392 1.0052424 1.0052424 2.9442430 0.0000000 
