16
251140_Ward_Creek          0.0000000 0.0106606 0.0549549 0.0106606 0.0000010 0.1383140 0.0446958 0.0663558 0.0437456 0.0437456 0.1846927 0.0663558 0.1014310 0.5014579 0.0816564 0.0778069 
260512_Pybus_Point         0.0106606 0.0000000 0.0437524 0.0000010 0.0106606 0.1141506 0.0221370 0.0550268 0.0326504 0.0326504 0.1627886 0.0550268 0.0897192 0.4839127 0.0697537 0.0663670 
261935_Kenai_River         0.0549549 0.0437524 0.0000000 0.0437524 0.0549549 0.0671223 0.1179731 0.0326856 0.0107761 0.0107761 0.1199431 0.0326856 0.0666066 0.4488912 0.0461917 0.0438006 
353213_Cropley_Lake        0.0106606 0.0000010 0.0437524 0.0000000 0.0106606 0.1141506 0.0221370 0.0550268 0.0326504 0.0326504 0.1627886 0.0550268 0.0897192 0.4839127 0.0697537 0.0663670 
353219_Peterson_Creek      0.0000010 0.0106606 0.0549549 0.0106606 0.0000000 0.1383140 0.0446958 0.0663558 0.0437456 0.0437456 0.1846927 0.0663558 0.1014310 0.5014579 0.0816564 0.0778069 
353379_Skagit_River        0.1383140 0.1141506 0.0671223 0.1141506 0.1383140 0.0000000 0.1435198 0.0000010 0.0443004 0.0443004 0.0215439 0.0000010 0.1649470 1.3365776 0.1253927 0.0215439 
353381_Dungeness_River     0.0446958 0.0221370 0.1179731 0.0221370 0.0446958 0.1435198 0.0000000 0.1435198 0.0934046 0.0934046 0.1692319 0.1435198 0.2241778 1.4011992 0.1842530 0.1692319 
353401_Peace_River         0.0663558 0.0550268 0.0326856 0.0550268 0.0663558 0.0000010 0.1435198 0.0000000 0.0216805 0.0216805 0.0574567 0.0000010 0.0782044 0.4682983 0.0579993 0.0106932 
353407_Noatok              0.0437456 0.0326504 0.0107761 0.0326504 0.0437456 0.0443004 0.0934046 0.0216805 0.0000000 0.0000010 0.0990699 0.0216805 0.0552247 0.4316699 0.0345379 0.0326856 
353410_Horizon_Lake        0.0437456 0.0326504 0.0107761 0.0326504 0.0437456 0.0443004 0.0934046 0.0216805 0.0000010 0.0000000 0.0990699 0.0216805 0.0552247 0.4316699 0.0345379 0.0326856 
92319_Little_Lost          0.1846927 0.1627886 0.1199431 0.1627886 0.1846927 0.0215439 0.1692319 0.0574567 0.0990699 0.0990699 0.0000000 0.0574567 0.2093416 1.1913441 0.1755610 0.0377431 
94280_St_Joe               0.0663558 0.0550268 0.0326856 0.0550268 0.0663558 0.0000010 0.1435198 0.0000010 0.0216805 0.0216805 0.0574567 0.0000000 0.0782044 0.4682983 0.0579993 0.0106932 
GCA016432855_Lake_Trout    0.1014310 0.0897192 0.0666066 0.0897192 0.1014310 0.1649470 0.2241778 0.0782044 0.0552247 0.0552247 0.2093416 0.0782044 0.0000000 0.5250890 0.0941767 0.0898382 
GCF013265735_Rainbow_Trout 0.5014579 0.4839127 0.4488912 0.4839127 0.5014579 1.3365776 1.4011992 0.4682983 0.4316699 0.4316699 1.1913441 0.4682983 0.5250890 0.0000000 0.5041807 0.4860588 
GCF029448725_Brook_Trout   0.0816564 0.0697537 0.0461917 0.0697537 0.0816564 0.1253927 0.1842530 0.0579993 0.0345379 0.0345379 0.1755610 0.0579993 0.0941767 0.5041807 0.0000000 0.0698423 
Methow_River_99895         0.0778069 0.0663670 0.0438006 0.0663670 0.0778069 0.0215439 0.1692319 0.0106932 0.0326856 0.0326856 0.0377431 0.0106932 0.0898382 0.4860588 0.0698423 0.0000000 
