13
251140_Ward_Creek            0.0000000 0.0000010 0.0087968 0.0132101 0.0000010 0.0132101 0.0065775 0.0110297 0.0303120 0.0087968 0.0087968 0.0500633 0.0109931 
260512_Pybus_Point           0.0000010 0.0000000 0.0087968 0.0132101 0.0000010 0.0132101 0.0065775 0.0110297 0.0303120 0.0087968 0.0087968 0.0500633 0.0109931 
353219_Peterson_Creek        0.0087968 0.0087968 0.0000000 0.0176925 0.0143306 0.0176925 0.0065884 0.0021899 0.0381840 0.0132542 0.0000010 0.0596171 0.0154588 
353379_Skagit_River          0.0132101 0.0132101 0.0176925 0.0000000 0.0239424 0.0000010 0.0154330 0.0199655 0.0074701 0.0132321 0.0176925 0.0547741 0.0154330 
353381_Dungeness_River       0.0000010 0.0000010 0.0143306 0.0239424 0.0000000 0.0239424 0.0094904 0.0192353 0.3763705 0.0143306 0.0143306 0.0861529 0.0190965 
353401_Peace_River           0.0132101 0.0132101 0.0176925 0.0000010 0.0239424 0.0000000 0.0154330 0.0199655 0.0074701 0.0132321 0.0176925 0.0547741 0.0154330 
353407_Noatok                0.0065775 0.0065775 0.0065884 0.0154330 0.0094904 0.0154330 0.0000000 0.0088114 0.0341831 0.0110114 0.0065884 0.0571398 0.0132101 
353410_Horizon_Lake          0.0110297 0.0110297 0.0021899 0.0199655 0.0192353 0.0199655 0.0088114 0.0000000 0.0381840 0.0155105 0.0021899 0.0621106 0.0177221 
92319_Little_Lost            0.0303120 0.0303120 0.0381840 0.0074701 0.3763705 0.0074701 0.0341831 0.0381840 0.0000000 0.0265353 0.0381840 0.0787489 0.0303120 
GCA016432855_Lake_Trout      0.0087968 0.0087968 0.0132542 0.0132321 0.0143306 0.0132321 0.0110114 0.0155105 0.0265353 0.0000000 0.0132542 0.0548699 0.0110114 
GCA036784925_Maine_S_alpinus 0.0087968 0.0087968 0.0000010 0.0176925 0.0143306 0.0176925 0.0065884 0.0021899 0.0381840 0.0132542 0.0000000 0.0596171 0.0154588 
GCF013265735_Rainbow_Trout   0.0500633 0.0500633 0.0596171 0.0547741 0.0861529 0.0547741 0.0571398 0.0621106 0.0787489 0.0548699 0.0596171 0.0000000 0.0571398 
GCF029448725_Brook_Trout     0.0109931 0.0109931 0.0154588 0.0154330 0.0190965 0.0154330 0.0132101 0.0177221 0.0303120 0.0110114 0.0154588 0.0571398 0.0000000 
