14
251140_Ward_Creek          0.0000000 0.0000010 0.0000010 0.0689127 0.0510347 0.0164801 0.0334790 0.1155206 0.0000010 0.1155206 0.0510347 0.0683830 0.3691569 0.3428476 
260512_Pybus_Point         0.0000010 0.0000000 0.0000010 0.0689127 0.0510347 0.0164801 0.0334790 0.1155206 0.0000010 0.1155206 0.0510347 0.0683830 0.3691569 0.3428476 
261935_Kenai_River         0.0000010 0.0000010 0.0000000 0.0689127 0.0510347 0.0164801 0.0334790 0.1155206 0.0000010 0.1155206 0.0510347 0.0683830 0.3691569 0.3428476 
353213_Cropley_Lake        0.0689127 0.0689127 0.0689127 0.0000000 0.0161365 0.0511176 0.0331508 0.1562036 0.0950931 0.1562036 0.0161365 0.1038152 0.4217582 0.4136445 
353219_Peterson_Creek      0.0510347 0.0510347 0.0510347 0.0161365 0.0000000 0.0336562 0.0163778 0.1346931 0.0701008 0.1346931 0.0000010 0.0854218 0.3915102 0.3728857 
353220_Fish_Creek          0.0164801 0.0164801 0.0164801 0.0511176 0.0336562 0.0000000 0.0165626 0.1363118 0.0223907 0.1363118 0.0336562 0.0863750 0.3954124 0.3780708 
353246_Cottonwood_Creek    0.0334790 0.0334790 0.0334790 0.0331508 0.0163778 0.0165626 0.0000000 0.1133201 0.0457245 0.1133201 0.0163778 0.0672371 0.3605446 0.3322855 
353379_Skagit_River        0.1155206 0.1155206 0.1155206 0.1562036 0.1346931 0.1363118 0.1133201 0.0000000 0.1662459 0.0000010 0.1346931 0.1544403 0.4090567 0.4007518 
353381_Dungeness_River     0.0000010 0.0000010 0.0000010 0.0950931 0.0701008 0.0223907 0.0457245 0.1662459 0.0000000 0.1662459 0.0701008 0.0940020 0.3371766 0.6386952 
353401_Peace_River         0.1155206 0.1155206 0.1155206 0.1562036 0.1346931 0.1363118 0.1133201 0.0000010 0.1662459 0.0000000 0.1346931 0.1544403 0.4090567 0.4007518 
353407_Noatok              0.0510347 0.0510347 0.0510347 0.0161365 0.0000010 0.0336562 0.0163778 0.1346931 0.0701008 0.1346931 0.0000000 0.0854218 0.3915102 0.3728857 
GCA016432855_Lake_Trout    0.0683830 0.0683830 0.0683830 0.1038152 0.0854218 0.0863750 0.0672371 0.1544403 0.0940020 0.1544403 0.0854218 0.0000000 0.4118820 0.3322855 
GCF013265735_Rainbow_Trout 0.3691569 0.3691569 0.3691569 0.4217582 0.3915102 0.3954124 0.3605446 0.4090567 0.3371766 0.4090567 0.3915102 0.4118820 0.0000000 1.3215973 
GCF029448725_Brook_Trout   0.3428476 0.3428476 0.3428476 0.4136445 0.3728857 0.3780708 0.3322855 0.4007518 0.6386952 0.4007518 0.3728857 0.3322855 1.3215973 0.0000000 
