11
251140_Ward_Creek              0.0000000 0.0000010 0.0614077 0.1285002 0.2021218 0.2021218 0.1361402 0.0614077 0.0614077 1.2023285 0.3035674 
260512_Pybus_Point             0.0000010 0.0000000 0.0614077 0.1285002 0.2021218 0.2021218 0.1361402 0.0614077 0.0614077 1.2023285 0.3035674 
353246_Cottonwood_Creek        0.0614077 0.0614077 0.0000000 0.2021218 0.2831792 0.2831792 0.2152896 0.1285002 0.1285002 1.3515641 0.4023925 
353379_Skagit_River            0.1285002 0.1285002 0.2021218 0.0000000 0.0614077 0.0614077 0.1361402 0.2021218 0.2021218 1.2023285 0.3035674 
353401_Peace_River             0.2021218 0.2021218 0.2831792 0.0614077 0.0000000 0.0000010 0.2152896 0.2831792 0.2831792 1.2023285 0.4023925 
92319_Little_Lost              0.2021218 0.2021218 0.2831792 0.0614077 0.0000010 0.0000000 0.2152896 0.2831792 0.2831792 1.2023285 0.4023925 
GCA016432855_Lake_Trout        0.1361402 0.1361402 0.2152896 0.1361402 0.2152896 0.2152896 0.0000000 0.2152896 0.2152896 1.4383712 0.1285002 
GCA036784925_Maine_S_alpinus   0.0614077 0.0614077 0.1285002 0.2021218 0.2831792 0.2831792 0.2152896 0.0000000 0.1285002 1.3515641 0.4023925 
GCA045679555_Iceland_A_alpinus 0.0614077 0.0614077 0.1285002 0.2021218 0.2831792 0.2831792 0.2152896 0.1285002 0.0000000 1.3515641 0.4023925 
GCF013265735_Rainbow_Trout     1.2023285 1.2023285 1.3515641 1.2023285 1.2023285 1.2023285 1.4383712 1.3515641 1.3515641 0.0000000 1.7421924 
GCF029448725_Brook_Trout       0.3035674 0.3035674 0.4023925 0.3035674 0.4023925 0.4023925 0.1285002 0.4023925 0.4023925 1.7421924 0.0000000 
