20
251140_Ward_Creek              0.0000000 0.0256559 0.6625120 0.4604052 0.0000010 0.7195972 0.7276577 1.6299704 0.5488421 0.6531660 0.4813553 1.0510148 2.1068871 0.6679987 0.9071029 0.5350549 0.9881740 3.3035277 1.0445786 0.7517675 
260512_Pybus_Point             0.0256559 0.0000000 0.9419940 0.6217376 0.0256559 1.0106512 1.0792407 2.9247600 0.8398831 0.9019154 0.6514495 1.6934960 4.2883167 0.9259357 1.3451694 0.7141901 1.5074772 4.2530337 1.5580921 1.0905281 
261935_Kenai_River             0.6625120 0.9419940 0.0000000 0.0847300 0.6625120 0.1822216 0.0000010 0.4439460 1.6530633 0.1794231 0.0720159 0.3312644 0.2637207 0.1869330 0.2599119 0.1308615 0.3212985 0.9956699 0.3305669 0.2034463 
353213_Cropley_Lake            0.4604052 0.6217376 0.0847300 0.0000000 0.4604052 0.1205735 0.0899113 0.2710057 3.7362862 0.1059426 0.0111002 0.2306116 0.4415802 0.1124124 0.1754412 0.0395602 0.2137051 1.2990883 0.2364348 0.1214270 
353219_Peterson_Creek          0.0000010 0.0256559 0.6625120 0.4604052 0.0000000 0.7195972 0.7276577 1.6299704 0.5488421 0.6531660 0.4813553 1.0510148 2.1068871 0.6679987 0.9071029 0.5350549 0.9881740 3.3035277 1.0445786 0.7517675 
353220_Fish_Creek              0.7195972 1.0106512 0.1822216 0.1205735 0.7195972 0.0000000 0.1943297 0.5075831 3.8077168 0.2171994 0.1075920 0.3556848 0.6359199 0.2249406 0.3123001 0.1676684 0.3749024 1.7518102 0.3852093 0.2448114 
353246_Cottonwood_Creek        0.7276577 1.0792407 0.0000010 0.0899113 0.7276577 0.1943297 0.0000000 0.4646231 1.6530633 0.1762101 0.0763791 0.3573612 0.2637207 0.1841377 0.2616438 0.1391274 0.3463636 1.0687475 0.3374177 0.2014457 
353379_Skagit_River            1.6299704 2.9247600 0.4439460 0.2710057 1.6299704 0.5075831 0.4646231 0.0000000 8.9999989 0.1528965 0.2710057 0.6819616 0.8639354 0.1528965 0.3856422 0.3249176 0.6551863 2.7198096 0.4845465 0.1711921 
353381_Dungeness_River         0.5488421 0.8398831 1.6530633 3.7362862 0.5488421 3.8077168 1.6530633 8.9999989 0.0000000 4.6424636 3.9021835 2.1803587 1.2770969 4.9362559 6.0028892 4.1021844 1.9175424 3.0538834 6.0593314 6.8018969 
353401_Peace_River             0.6531660 0.9019154 0.1794231 0.1059426 0.6531660 0.2171994 0.1762101 0.1528965 4.6424636 0.0000000 0.0934083 0.2941805 0.2773850 0.0055340 0.1536189 0.1377376 0.2932680 1.2990883 0.2057213 0.0059471 
353407_Noatok                  0.4813553 0.6514495 0.0720159 0.0111002 0.4813553 0.1075920 0.0763791 0.2710057 3.9021835 0.0934083 0.0000000 0.2148888 0.4189220 0.0997576 0.1604246 0.0512599 0.2142950 1.2535443 0.2203466 0.1076846 
353410_Horizon_Lake            1.0510148 1.6934960 0.3312644 0.2306116 1.0510148 0.3556848 0.3573612 0.6819616 2.1803587 0.2941805 0.2148888 0.0000000 0.2192851 0.3032506 0.4146129 0.2529574 0.0354523 0.9218294 0.4899364 0.3239709 
92319_Little_Lost              2.1068871 4.2883167 0.2637207 0.4415802 2.1068871 0.6359199 0.2637207 0.8639354 1.2770969 0.2773850 0.4189220 0.2192851 0.0000000 0.2872722 0.6043100 0.4976501 0.2105413 0.7492071 0.6970074 0.3188037 
94280_St_Joe                   0.6679987 0.9259357 0.1869330 0.1124124 0.6679987 0.2249406 0.1841377 0.1528965 4.9362559 0.0055340 0.0997576 0.3032506 0.2872722 0.0000000 0.1612673 0.1444979 0.3022950 1.3301757 0.2139269 0.0000010 
GCA016432855_Lake_Trout        0.9071029 1.3451694 0.2599119 0.1754412 0.9071029 0.3123001 0.2616438 0.3856422 6.0028892 0.1536189 0.1604246 0.4146129 0.6043100 0.1612673 0.0000000 0.2057941 0.4129127 1.3677620 0.1028706 0.1761336 
GCA036784925_Maine_S_alpinus   0.5350549 0.7141901 0.1308615 0.0395602 0.5350549 0.1676684 0.1391274 0.3249176 4.1021844 0.1377376 0.0512599 0.2529574 0.4976501 0.1444979 0.2057941 0.0000000 0.2205467 1.3144997 0.2687976 0.1563102 
GCA045679555_Iceland_A_alpinus 0.9881740 1.5074772 0.3212985 0.2137051 0.9881740 0.3749024 0.3463636 0.6551863 1.9175424 0.2932680 0.2142950 0.0354523 0.2105413 0.3022950 0.4129127 0.2205467 0.0000000 0.9148516 0.4877061 0.3318571 
GCF013265735_Rainbow_Trout     3.3035277 4.2530337 0.9956699 1.2990883 3.3035277 1.7518102 1.0687475 2.7198096 3.0538834 1.2990883 1.2535443 0.9218294 0.7492071 1.3301757 1.3677620 1.3144997 0.9148516 0.0000000 1.5047167 1.4634133 
GCF029448725_Brook_Trout       1.0445786 1.5580921 0.3305669 0.2364348 1.0445786 0.3852093 0.3374177 0.4845465 6.0593314 0.2057213 0.2203466 0.4899364 0.6970074 0.2139269 0.1028706 0.2687976 0.4877061 1.5047167 0.0000000 0.2258335 
Methow_River_99895             0.7517675 1.0905281 0.2034463 0.1214270 0.7517675 0.2448114 0.2014457 0.1711921 6.8018969 0.0059471 0.1076846 0.3239709 0.3188037 0.0000010 0.1761336 0.1563102 0.3318571 1.4634133 0.2258335 0.0000000 
