19
251140_Ward_Creek              0.0000000 0.0418988 0.2843253 0.0866163 0.1095765 0.0641277 0.1004117 0.6462050 1.3575380 0.6458201 0.3858971 0.2989340 0.6940126 0.6458201 0.3526059 0.2708353 0.3278584 2.4326105 0.8248022 
260512_Pybus_Point             0.0418988 0.0000000 0.2208076 0.0422836 0.0641993 0.0208692 0.1550026 0.5803490 1.2807258 0.5800286 0.4649469 0.3572949 0.6270940 0.5800286 0.3524902 0.2707754 0.3277672 2.4893480 0.8241181 
261935_Kenai_River             0.2843253 0.2208076 0.0000000 0.1587455 0.1879822 0.1879453 0.2152635 0.6848979 2.1183144 0.6844434 0.3120330 0.1516882 0.7368443 0.6844434 0.4007064 0.1274259 0.1832780 2.4334858 0.9160854 
353213_Cropley_Lake            0.0866163 0.0422836 0.1587455 0.0000000 0.0207395 0.0207333 0.0995147 0.5038420 1.0488213 0.5036043 0.3790088 0.2953309 0.5471043 0.5036043 0.2861478 0.2135429 0.2673806 2.4304083 0.7289563 
353219_Peterson_Creek          0.1095765 0.0641993 0.1879822 0.0207395 0.0000000 0.0419604 0.1260910 0.4715526 1.1151591 0.4713441 0.4167516 0.2676253 0.5138530 0.4713441 0.2566522 0.1874794 0.2402111 2.4590281 0.6920818 
353220_Fish_Creek              0.0641277 0.0208692 0.1879453 0.0207333 0.0419604 0.0000000 0.1260594 0.5363877 1.1170571 0.5361195 0.4167886 0.3235828 0.5805304 0.5361195 0.3163588 0.2402111 0.2951249 2.4304083 0.7653818 
353246_Cottonwood_Creek        0.1004117 0.1550026 0.2152635 0.0995147 0.1260910 0.1260594 0.0000000 0.6876705 1.5797130 0.6871690 0.3743851 0.2148297 0.7449988 0.6871690 0.3825193 0.2519497 0.3168437 2.5373751 0.9514916 
353379_Skagit_River            0.6462050 0.5803490 0.6848979 0.5038420 0.4715526 0.5363877 0.6876705 0.0000000 2.0497159 0.0417820 0.9426203 0.5852049 0.1093238 0.0417820 0.5513168 0.5534542 0.6152981 2.2075507 0.9541135 
353381_Dungeness_River         1.3575380 1.2807258 2.1183144 1.0488213 1.1151591 1.1170571 1.5797130 2.0497159 0.0000000 2.0193283 2.2630536 1.6559050 2.1262773 2.0193283 2.0659123 1.7945675 1.7945675 3.3847523 2.3501121 
353401_Peace_River             0.6458201 0.5800286 0.6844434 0.5036043 0.4713441 0.5361195 0.6871690 0.0417820 2.0193283 0.0000000 0.9418691 0.5849011 0.0640491 0.0000010 0.5510247 0.5531794 0.6149680 2.2237271 0.9533596 
353407_Noatok                  0.3858971 0.4649469 0.3120330 0.3790088 0.4167516 0.4167886 0.3743851 0.9426203 2.2630536 0.9418691 0.0000000 0.2915364 0.8849896 0.9418691 0.5103433 0.2237501 0.2873380 2.5360222 1.0044171 
353410_Horizon_Lake            0.2989340 0.3572949 0.1516882 0.2953309 0.2676253 0.3235828 0.2148297 0.5852049 1.6559050 0.5849011 0.2915364 0.0000000 0.6287908 0.5849011 0.3700217 0.1105193 0.1584761 2.2689357 0.8095286 
92319_Little_Lost              0.6940126 0.6270940 0.7368443 0.5471043 0.5138530 0.5805304 0.7449988 0.1093238 2.1262773 0.0640491 0.8849896 0.6287908 0.0000000 0.0640491 0.6660271 0.5128605 0.5735050 2.2686267 1.0651062 
94280_St_Joe                   0.6458201 0.5800286 0.6844434 0.5036043 0.4713441 0.5361195 0.6871690 0.0417820 2.0193283 0.0000010 0.9418691 0.5849011 0.0640491 0.0000000 0.5510247 0.5531794 0.6149680 2.2237271 0.9533596 
GCA016432855_Lake_Trout        0.3526059 0.3524902 0.4007064 0.2861478 0.2566522 0.3163588 0.3825193 0.5513168 2.0659123 0.5510247 0.5103433 0.3700217 0.6660271 0.5510247 0.0000000 0.3392943 0.4004974 2.2344827 0.3947545 
GCA036784925_Maine_S_alpinus   0.2708353 0.2707754 0.1274259 0.2135429 0.1874794 0.2402111 0.2519497 0.5534542 1.7945675 0.5531794 0.2237501 0.1105193 0.5128605 0.5531794 0.3392943 0.0000000 0.0419043 2.2882298 0.7755018 
GCA045679555_Iceland_A_alpinus 0.3278584 0.3277672 0.1832780 0.2673806 0.2402111 0.2951249 0.3168437 0.6152981 1.7945675 0.6149680 0.2873380 0.1584761 0.5735050 0.6149680 0.4004974 0.0419043 0.0000000 2.2518354 0.8400083 
GCF013265735_Rainbow_Trout     2.4326105 2.4893480 2.4334858 2.4304083 2.4590281 2.4304083 2.5373751 2.2075507 3.3847523 2.2237271 2.5360222 2.2689357 2.2686267 2.2237271 2.2344827 2.2882298 2.2518354 0.0000000 2.3778305 
GCF029448725_Brook_Trout       0.8248022 0.8241181 0.9160854 0.7289563 0.6920818 0.7653818 0.9514916 0.9541135 2.3501121 0.9533596 1.0044171 0.8095286 1.0651062 0.9533596 0.3947545 0.7755018 0.8400083 2.3778305 0.0000000 
