20
251140_Ward_Creek              0.0000000 0.0592084 0.1586462 0.0048865 0.0516752 0.0454814 0.5797621 0.2986692 0.8686205 0.2855763 0.6253789 0.0413237 0.3974500 0.2695348 0.2543857 0.0297433 0.0248236 0.7866147 0.2240359 0.2869553 
260512_Pybus_Point             0.0592084 0.0000000 0.0990541 0.0654349 0.0169390 0.1179458 0.5211541 0.2650599 0.4978243 0.2571569 0.1919106 0.0975590 0.3404532 0.2414594 0.2010615 0.0968886 0.0910339 0.7061637 0.3000193 0.2345332 
261935_Kenai_River             0.1586462 0.0990541 0.0000000 0.1512414 0.0924246 0.2138072 0.6394432 0.3633178 0.3564449 0.3598406 0.2929440 0.1367087 0.4944425 0.3360267 0.2926195 0.1295304 0.1369129 0.8535948 0.3943130 0.3284331 
353213_Cropley_Lake            0.0048865 0.0654349 0.1512414 0.0000000 0.0457261 0.0402706 0.5682967 0.2909577 0.8205456 0.2777920 0.6124035 0.0360161 0.3974500 0.2622648 0.2461272 0.0246930 0.0197838 0.7732041 0.2173014 0.2793006 
353219_Peterson_Creek          0.0516752 0.0169390 0.0924246 0.0457261 0.0000000 0.0952763 0.4649539 0.2483745 0.4688342 0.2400177 0.1760556 0.0849900 0.3606455 0.2259178 0.1857029 0.0756035 0.0699241 0.6582156 0.2730194 0.2422993 
353220_Fish_Creek              0.0454814 0.1179458 0.2138072 0.0402706 0.0952763 0.0000000 0.6693339 0.2312059 1.3071516 0.2175528 0.5121211 0.0799767 0.3198981 0.2058948 0.1825979 0.0664197 0.0614170 0.6675561 0.1650471 0.2199986 
353246_Cottonwood_Creek        0.5797621 0.5211541 0.6394432 0.5682967 0.4649539 0.6693339 0.0000000 0.8876581 3.4171549 0.9024387 1.5351711 0.6618096 1.2778686 0.8316388 0.8412372 0.5860652 0.5995283 1.7235086 0.9728816 0.8869778 
353379_Skagit_River            0.2986692 0.2650599 0.3633178 0.2909577 0.2483745 0.2312059 0.8876581 0.0000000 1.7788018 0.0213558 0.8137677 0.3407735 0.0800802 0.0151928 0.1720454 0.2975373 0.2894601 0.5173690 0.2787610 0.0209733 
353381_Dungeness_River         0.8686205 0.4978243 0.3564449 0.8205456 0.4688342 1.3071516 3.4171549 1.7788018 0.0000000 2.1303466 1.3190293 1.0364091 4.1818764 1.7045610 1.6320805 1.0051939 1.0295475 2.7766912 2.3422087 1.7045610 
353401_Peace_River             0.2855763 0.2571569 0.3598406 0.2777920 0.2400177 0.2175528 0.9024387 0.0213558 2.1303466 0.0000000 0.8720498 0.3278300 0.0695163 0.0051734 0.1437313 0.2844897 0.2763552 0.5183348 0.2656445 0.0107207 
353407_Noatok                  0.6253789 0.1919106 0.2929440 0.6124035 0.1760556 0.5121211 1.5351711 0.8137677 1.3190293 0.8720498 0.0000000 0.7214630 1.2611998 0.8000684 0.2527153 0.6507603 0.6663324 1.1548984 0.7576671 0.8567742 
353410_Horizon_Lake            0.0413237 0.0975590 0.1367087 0.0360161 0.0849900 0.0799767 0.6618096 0.3407735 1.0364091 0.3278300 0.7214630 0.0000000 0.4379970 0.3085375 0.2891848 0.0306188 0.0255561 0.8273507 0.2440400 0.3018045 
92319_Little_Lost              0.3974500 0.3404532 0.4944425 0.3974500 0.3606455 0.3198981 1.2778686 0.0800802 4.1818764 0.0695163 1.2611998 0.4379970 0.0000000 0.0593787 0.2660758 0.4163693 0.4054506 0.7084314 0.3940325 0.0533308 
94280_St_Joe                   0.2695348 0.2414594 0.3360267 0.2622648 0.2259178 0.2058948 0.8316388 0.0151928 1.7045610 0.0051734 0.8000684 0.3085375 0.0593787 0.0000000 0.1507171 0.2685834 0.2610037 0.4861623 0.2585492 0.0050837 
GCA016432855_Lake_Trout        0.2543857 0.2010615 0.2926195 0.2461272 0.1857029 0.1825979 0.8412372 0.1720454 1.6320805 0.1437313 0.2527153 0.2891848 0.2660758 0.1507171 0.0000000 0.2679594 0.2447924 0.5450958 0.1525772 0.1638702 
GCA036784925_Maine_S_alpinus   0.0297433 0.0968886 0.1295304 0.0246930 0.0756035 0.0664197 0.5860652 0.2975373 1.0051939 0.2844897 0.6507603 0.0306188 0.4163693 0.2685834 0.2679594 0.0000000 0.0147222 0.7953170 0.2354220 0.2858810 
GCA045679555_Iceland_A_alpinus 0.0248236 0.0910339 0.1369129 0.0197838 0.0699241 0.0614170 0.5995283 0.2894601 1.0295475 0.2763552 0.6663324 0.0255561 0.4054506 0.2610037 0.2447924 0.0147222 0.0000000 0.7652381 0.2163477 0.2778791 
GCF013265735_Rainbow_Trout     0.7866147 0.7061637 0.8535948 0.7732041 0.6582156 0.6675561 1.7235086 0.5173690 2.7766912 0.5183348 1.1548984 0.8273507 0.7084314 0.4861623 0.5450958 0.7953170 0.7652381 0.0000000 0.6530347 0.5077727 
GCF029448725_Brook_Trout       0.2240359 0.3000193 0.3943130 0.2173014 0.2730194 0.1650471 0.9728816 0.2787610 2.3422087 0.2656445 0.7576671 0.2440400 0.3940325 0.2585492 0.1525772 0.2354220 0.2163477 0.6530347 0.0000000 0.2751698 
Methow_River_99895             0.2869553 0.2345332 0.3284331 0.2793006 0.2422993 0.2199986 0.8869778 0.0209733 1.7045610 0.0107207 0.8567742 0.3018045 0.0533308 0.0050837 0.1638702 0.2858810 0.2778791 0.5077727 0.2751698 0.0000000 
