17
251140_Ward_Creek              0.0000000 0.0000010 0.0173689 0.0043137 0.0217854 0.2175924 0.0000010 0.0217997 0.1352624 0.0086445 0.1275571 0.0217997 0.0262005 0.0173689 0.0173689 0.1460819 0.0306375 
260512_Pybus_Point             0.0000010 0.0000000 0.0173689 0.0043137 0.0217854 0.2175924 0.0000010 0.0217997 0.1352624 0.0086445 0.1275571 0.0217997 0.0262005 0.0173689 0.0173689 0.1460819 0.0306375 
261935_Kenai_River             0.0173689 0.0173689 0.0000000 0.0217687 0.0130191 0.2042707 0.0145405 0.0130276 0.1246366 0.0173732 0.1175711 0.0130276 0.0173971 0.0086500 0.0086500 0.1360409 0.0217961 
353219_Peterson_Creek          0.0043137 0.0043137 0.0217687 0.0000000 0.0262121 0.2245450 0.0000010 0.0262293 0.1407282 0.0130009 0.1326851 0.0262293 0.0306489 0.0217687 0.0217687 0.1512524 0.0351094 
353246_Cottonwood_Creek        0.0217854 0.0217854 0.0130191 0.0262121 0.0000000 0.2113267 0.0219352 0.0174295 0.1301480 0.0217907 0.1227407 0.0174295 0.0218209 0.0043205 0.0043205 0.1412658 0.0262452 
353379_Skagit_River            0.2175924 0.2175924 0.2042707 0.2245450 0.2113267 0.0000000 0.4724495 0.1839907 0.4258631 0.2176806 0.3546922 0.1839907 0.2180976 0.2042707 0.2042707 0.4060717 0.2249453 
353381_Dungeness_River         0.0000010 0.0000010 0.0145405 0.0000010 0.0219352 0.4724495 0.0000000 0.0219593 0.2343712 0.0072464 0.2104891 0.0219593 0.0219520 0.0145405 0.0145405 0.2045177 0.0292992 
353401_Peace_River             0.0217997 0.0217997 0.0130276 0.0262293 0.0174295 0.1839907 0.0219593 0.0000000 0.1283308 0.0218050 0.1011019 0.0000010 0.0215541 0.0130276 0.0130276 0.1394106 0.0259236 
353407_Noatok                  0.1352624 0.1352624 0.1246366 0.1407282 0.1301480 0.4258631 0.2343712 0.1283308 0.0000000 0.1353046 0.0276782 0.1283308 0.1335173 0.1246366 0.1246366 0.2429326 0.1388459 
353410_Horizon_Lake            0.0086445 0.0086445 0.0173732 0.0130009 0.0217907 0.2176806 0.0072464 0.0218050 0.1353046 0.0000000 0.1275943 0.0218050 0.0262069 0.0173732 0.0173732 0.1461251 0.0306451 
92319_Little_Lost              0.1275571 0.1275571 0.1175711 0.1326851 0.1227407 0.3546922 0.2104891 0.1011019 0.0276782 0.1275943 0.0000000 0.1011019 0.1260039 0.1175711 0.1175711 0.2526676 0.1310105 
94280_St_Joe                   0.0217997 0.0217997 0.0130276 0.0262293 0.0174295 0.1839907 0.0219593 0.0000010 0.1283308 0.0218050 0.1011019 0.0000000 0.0215541 0.0130276 0.0130276 0.1394106 0.0259236 
GCA016432855_Lake_Trout        0.0262005 0.0262005 0.0173971 0.0306489 0.0218209 0.2180976 0.0219520 0.0215541 0.1335173 0.0262069 0.1260039 0.0215541 0.0000000 0.0173971 0.0173971 0.1392619 0.0258995 
GCA036784925_Maine_S_alpinus   0.0173689 0.0173689 0.0086500 0.0217687 0.0043205 0.2042707 0.0145405 0.0130276 0.1246366 0.0173732 0.1175711 0.0130276 0.0173971 0.0000000 0.0000010 0.1360409 0.0217961 
GCA045679555_Iceland_A_alpinus 0.0173689 0.0173689 0.0086500 0.0217687 0.0043205 0.2042707 0.0145405 0.0130276 0.1246366 0.0173732 0.1175711 0.0130276 0.0173971 0.0000010 0.0000000 0.1360409 0.0217961 
GCF013265735_Rainbow_Trout     0.1460819 0.1460819 0.1360409 0.1512524 0.1412658 0.4060717 0.2045177 0.1394106 0.2429326 0.1461251 0.2526676 0.1394106 0.1392619 0.1360409 0.1360409 0.0000000 0.1393077 
GCF029448725_Brook_Trout       0.0306375 0.0306375 0.0217961 0.0351094 0.0262452 0.2249453 0.0292992 0.0259236 0.1388459 0.0306451 0.1310105 0.0259236 0.0258995 0.0217961 0.0217961 0.1393077 0.0000000 
